1,1,849.38,482.32,187.17,191.71,1,car,1
1,2,1324.31,449.93,134.59,140.02,1,car,1
1,3,1701.65,114.3,109.35,87.13,1,car,1
1,4,1572.36,109.5,110.34,85.84,1,car,1
1,5,113.89,115.65,101.9,83.38,1,car,1
1,6,356.83,110.43,100.21,80.44,1,car,1
1,7,235.99,109.09,101.07,71.01,1,car,1
2,1,852.22,480.13,184.72,197.59,1,car,1
2,2,1324.07,450.22,134.81,139.37,1,car,1
2,3,1700.29,114.47,110.74,87.13,1,car,1
2,4,1571.92,109.37,110.94,86.19,1,car,1
2,5,114.32,115.62,101.24,83.98,1,car,1
2,6,356.49,110.41,99.87,78.27,1,car,1
2,7,235.58,109.08,101.53,71.74,1,car,1
3,1,855.06,477.94,182.27,203.46,1,car,1
3,2,1323.84,450.51,135.03,138.72,1,car,1
3,3,1698.94,114.64,112.12,87.13,1,car,1
3,4,1571.48,109.24,111.54,86.54,1,car,1
3,5,114.74,115.58,100.58,84.58,1,car,1
3,6,356.16,110.4,99.53,76.1,1,car,1
3,7,235.16,109.07,101.98,72.48,1,car,1
3,8,1777.19,900.82,142.13,179.18,1,car,1
3,9,26.83,848.23,139.35,136.08,1,car,1
4,1,857.9,475.75,179.82,209.33,1,car,1
4,2,1323.6,450.8,135.24,138.07,1,car,1
4,3,1697.58,114.81,113.51,87.13,1,car,1
4,4,1571.03,109.11,112.14,86.88,1,car,1
4,5,115.16,115.55,99.91,85.19,1,car,1
4,6,355.83,110.39,99.19,73.92,1,car,1
4,7,234.75,109.06,102.43,73.21,1,car,1
4,8,1777.33,901.52,141.98,178.48,1,car,1
4,9,27.12,848.52,138.91,135.36,1,car,1
5,1,860.75,473.57,177.38,215.2,1,car,1
5,2,1323.36,451.09,135.46,137.42,1,car,1
5,3,1696.22,114.98,114.9,87.14,1,car,1
5,4,1570.59,108.98,112.74,87.23,1,car,1
5,5,115.59,115.52,99.25,85.79,1,car,1
5,6,355.5,110.37,98.85,71.75,1,car,1
5,7,234.34,109.05,102.89,73.94,1,car,1
5,8,1777.47,902.21,141.83,177.79,1,car,1
5,9,27.4,848.8,138.48,134.64,1,car,1
6,1,863.59,471.38,174.93,221.08,1,car,1
6,2,1323.12,451.38,135.68,136.77,1,car,1
6,3,1694.87,115.15,116.29,87.14,1,car,1
6,4,1570.15,108.85,113.34,87.58,1,car,1
6,5,116.01,115.49,98.58,86.39,1,car,1
6,6,355.17,110.36,98.51,69.58,1,car,1
6,7,233.93,109.05,103.34,74.68,1,car,1
6,8,1777.61,902.91,141.68,177.09,1,car,1
6,9,27.69,849.08,138.05,133.93,1,car,1
7,1,866.43,469.19,172.48,226.95,1,car,1
7,2,1322.89,451.67,135.89,136.12,1,car,1
7,3,1695.15,114.54,115.94,87.9,1,car,1
7,4,1570.69,108.74,112.75,87.89,1,car,1
7,5,116.43,115.46,97.92,86.99,1,car,1
7,6,355.01,110.41,99.28,71.45,1,car,1
7,7,233.94,108.41,103.31,74.33,1,car,1
7,8,1777.76,903.6,141.53,176.4,1,car,1
7,9,27.98,849.36,137.62,133.21,1,car,1
7,10,673.33,450.48,194.74,216.56,1,car,1
8,1,869.28,467.0,170.03,232.82,1,car,1
8,2,1322.65,451.96,136.11,135.47,1,car,1
8,3,1695.43,113.94,115.6,88.67,1,car,1
8,4,1571.23,108.63,112.15,88.21,1,car,1
8,5,116.86,115.43,97.26,87.59,1,car,1
8,6,354.86,110.47,100.05,73.31,1,car,1
8,7,233.95,107.78,103.28,73.99,1,car,1
8,8,1777.9,904.3,141.38,175.7,1,car,1
8,9,28.26,849.65,137.19,132.5,1,car,1
8,10,686.98,469.32,186.84,199.42,1,car,1
9,1,872.12,464.81,167.58,238.69,1,car,1
9,2,1322.41,452.25,136.33,134.82,1,car,1
9,3,1695.72,113.33,115.25,89.44,1,car,1
9,4,1571.77,108.53,111.55,88.52,1,car,1
9,5,117.28,115.4,96.59,88.19,1,car,1
9,6,354.7,110.52,100.82,75.18,1,car,1
9,7,233.96,107.15,103.25,73.64,1,car,1
9,8,1778.04,904.99,141.23,175.01,1,car,1
9,9,28.39,849.65,137.5,132.53,1,car,1
9,10,700.64,488.16,178.93,182.27,1,car,1
10,1,893.1,466.88,166.8,231.72,1,car,1
10,2,1322.18,452.54,136.55,134.17,1,car,1
10,3,1696.0,112.73,114.91,90.21,1,car,1
10,4,1572.31,108.42,110.95,88.84,1,car,1
10,5,117.7,115.37,95.93,88.8,1,car,1
10,6,354.55,110.57,101.59,77.05,1,car,1
10,7,233.98,106.52,103.22,73.3,1,car,1
10,8,1778.18,905.69,141.08,174.31,1,car,1
10,9,28.52,849.65,137.81,132.57,1,car,1
10,10,714.29,507.01,171.02,165.13,1,car,1
11,1,914.08,468.95,166.02,224.75,1,car,1
11,2,1321.94,452.84,136.76,133.52,1,car,1
11,3,1696.28,112.12,114.56,90.98,1,car,1
11,4,1572.86,108.31,110.35,89.15,1,car,1
11,5,117.85,115.23,96.0,87.15,1,car,1
11,6,354.4,110.62,102.36,78.91,1,car,1
11,7,233.99,105.88,103.19,72.95,1,car,1
11,8,1778.33,906.38,140.93,173.62,1,car,1
11,9,28.64,849.65,138.12,132.61,1,car,1
11,10,727.95,525.85,163.12,147.98,1,car,1
12,1,935.07,471.02,165.25,217.77,1,car,1
12,2,1321.7,453.13,136.98,132.86,1,car,1
12,3,1696.07,112.62,115.09,90.13,1,car,1
12,4,1573.01,108.44,110.0,88.84,1,car,1
12,5,118.01,115.09,96.07,85.5,1,car,1
12,6,354.49,110.55,101.96,79.97,1,car,1
12,7,232.43,108.01,105.22,73.16,1,car,1
12,8,1778.47,907.08,140.78,172.92,1,car,1
12,9,28.77,849.65,138.43,132.64,1,car,1
12,10,741.6,544.69,155.21,130.83,1,car,1
13,1,956.05,473.08,164.47,210.8,1,car,1
13,2,1321.46,453.42,137.2,132.21,1,car,1
13,3,1695.85,113.11,115.61,89.29,1,car,1
13,4,1573.16,108.57,109.64,88.53,1,car,1
13,5,118.16,114.96,96.15,83.85,1,car,1
13,6,354.58,110.47,101.55,81.03,1,car,1
13,7,230.87,110.14,107.24,73.37,1,car,1
13,8,1778.61,907.77,140.63,172.23,1,car,1
13,9,28.9,849.65,138.73,132.68,1,car,1
13,10,735.15,527.05,156.84,140.61,1,car,1
14,1,977.03,475.15,163.69,203.82,1,car,1
14,2,1321.23,453.71,137.41,131.56,1,car,1
14,3,1695.64,113.6,116.13,88.44,1,car,1
14,4,1573.31,108.7,109.28,88.22,1,car,1
14,5,118.31,114.82,96.22,82.21,1,car,1
14,6,354.67,110.39,101.15,82.09,1,car,1
14,7,229.31,112.27,109.26,73.58,1,car,1
14,8,1778.75,908.47,140.48,171.53,1,car,1
14,9,29.11,849.59,138.39,132.72,1,car,1
14,10,728.69,509.41,158.47,150.38,1,car,1
15,1,951.83,471.27,164.75,208.72,1,car,1
15,2,1320.99,454.0,137.63,130.91,1,car,1
15,3,1695.42,114.09,116.66,87.59,1,car,1
15,4,1573.46,108.83,108.93,87.91,1,car,1
15,5,118.46,114.68,96.29,80.56,1,car,1
15,6,354.76,110.32,100.74,83.15,1,car,1
15,7,227.75,114.39,111.29,73.78,1,car,1
15,8,1778.9,909.16,140.33,170.84,1,car,1
15,9,29.32,849.52,138.05,132.77,1,car,1
15,10,722.24,491.78,160.1,160.15,1,car,1
16,1,926.62,467.4,165.82,213.61,1,car,1
16,2,1320.75,454.29,137.85,130.26,1,car,1
16,3,1695.21,114.58,117.18,86.75,1,car,1
16,4,1573.61,108.96,108.57,87.6,1,car,1
16,5,119.05,114.76,95.69,80.73,1,car,1
16,6,354.85,110.24,100.34,84.21,1,car,1
16,7,226.19,116.52,113.31,73.99,1,car,1
16,8,1779.04,909.86,140.18,170.14,1,car,1
16,9,29.52,849.46,137.71,132.81,1,car,1
16,10,715.78,474.14,161.73,169.93,1,car,1
17,1,901.41,463.52,166.88,218.5,1,car,1
17,2,1320.52,454.58,138.07,129.61,1,car,1
17,3,1695.86,114.32,116.23,87.09,1,car,1
17,4,1574.57,109.03,107.61,87.39,1,car,1
17,5,119.64,114.84,95.09,80.9,1,car,1
17,6,355.01,110.26,100.58,83.68,1,car,1
17,7,227.0,114.91,111.95,74.18,1,car,1
17,8,1779.18,910.55,140.03,169.45,1,car,1
17,9,29.73,849.4,137.36,132.85,1,car,1
17,10,709.33,456.5,163.36,179.7,1,car,1
18,1,876.2,459.64,167.94,223.39,1,car,1
18,2,1320.28,454.87,138.28,128.96,1,car,1
18,3,1696.52,114.06,115.28,87.44,1,car,1
18,4,1575.53,109.1,106.64,87.19,1,car,1
18,5,120.23,114.93,94.49,81.08,1,car,1
18,6,355.16,110.27,100.82,83.15,1,car,1
18,7,227.81,113.3,110.59,74.38,1,car,1
18,8,1779.32,911.25,139.88,168.75,1,car,1
18,9,29.94,849.33,137.02,132.9,1,car,1
18,10,705.02,454.87,172.39,187.22,1,car,1
19,1,850.99,455.76,169.01,228.28,1,car,1
19,2,1320.04,455.16,138.5,128.31,1,car,1
19,3,1697.17,113.8,114.32,87.79,1,car,1
19,4,1576.49,109.17,105.67,86.98,1,car,1
19,5,120.82,115.01,93.9,81.25,1,car,1
19,6,355.32,110.29,101.07,82.62,1,car,1
19,7,228.62,111.69,109.23,74.57,1,car,1
19,8,1779.47,911.94,139.73,168.06,1,car,1
19,9,29.79,849.47,137.26,132.87,1,car,1
19,10,700.71,453.24,181.41,194.74,1,car,1
20,1,859.75,457.87,166.96,229.8,1,car,1
20,2,1319.8,455.45,138.72,127.66,1,car,1
20,3,1697.83,113.54,113.37,88.14,1,car,1
20,4,1577.45,109.24,104.71,86.77,1,car,1
20,5,121.41,115.09,93.3,81.42,1,car,1
20,6,355.47,110.31,101.31,82.09,1,car,1
20,7,229.43,110.08,107.87,74.77,1,car,1
20,8,1779.61,912.64,139.58,167.36,1,car,1
20,9,29.63,849.61,137.49,132.85,1,car,1
20,10,696.39,451.61,190.44,202.26,1,car,1
21,1,868.52,459.98,164.91,231.32,1,car,1
21,2,1319.57,455.74,138.94,127.01,1,car,1
21,3,1698.48,113.28,112.42,88.48,1,car,1
21,4,1578.41,109.31,103.74,86.56,1,car,1
21,5,118.69,115.62,97.64,84.47,1,car,1
21,6,355.63,110.33,101.56,81.56,1,car,1
21,7,230.24,108.46,106.51,74.96,1,car,1
21,8,1779.75,913.33,139.42,166.67,1,car,1
21,9,29.48,849.75,137.73,132.83,1,car,1
21,10,692.08,449.99,199.47,209.78,1,car,1
22,1,877.29,462.08,162.86,232.84,1,car,1
22,2,1319.33,456.03,139.15,126.36,1,car,1
22,3,1698.12,113.41,112.63,87.86,1,car,1
22,4,1577.47,109.19,104.78,87.05,1,car,1
22,5,115.97,116.16,101.99,87.52,1,car,1
22,6,355.52,110.34,101.46,81.48,1,car,1
22,7,228.73,109.11,108.15,74.3,1,car,1
22,8,1779.89,914.03,139.27,165.97,1,car,1
22,9,29.33,849.89,137.97,132.81,1,car,1
22,10,687.77,448.36,208.49,217.3,1,car,1
23,1,886.05,464.19,160.82,234.36,1,car,1
23,2,1319.09,456.32,139.37,125.71,1,car,1
23,3,1697.76,113.53,112.84,87.25,1,car,1
23,4,1576.52,109.08,105.81,87.53,1,car,1
23,5,113.25,116.69,106.33,90.57,1,car,1
23,6,355.41,110.35,101.37,81.4,1,car,1
23,7,227.22,109.75,109.78,73.63,1,car,1
23,8,1780.04,914.72,139.12,165.28,1,car,1
23,9,29.17,850.03,138.2,132.79,1,car,1
23,10,684.82,448.65,197.21,218.46,1,car,1
24,1,894.82,466.3,158.77,235.88,1,car,1
24,2,1318.86,456.61,139.59,125.06,1,car,1
24,3,1697.4,113.66,113.05,86.63,1,car,1
24,4,1575.57,108.96,106.85,88.02,1,car,1
24,5,110.53,117.22,110.68,93.61,1,car,1
24,6,355.3,110.35,101.28,81.31,1,car,1
24,7,225.71,110.4,111.42,72.96,1,car,1
24,8,1780.18,915.42,138.97,164.58,1,car,1
24,9,29.33,850.01,138.16,132.82,1,car,1
24,10,681.87,448.94,185.93,219.61,1,car,1
25,1,895.35,468.47,158.09,232.59,1,car,1
25,2,1318.62,456.9,139.8,124.41,1,car,1
25,3,1697.03,113.79,113.26,86.01,1,car,1
25,4,1574.63,108.85,107.88,88.5,1,car,1
25,5,107.81,117.76,115.03,96.66,1,car,1
25,6,355.18,110.36,101.18,81.23,1,car,1
25,7,224.19,111.04,113.06,72.3,1,car,1
25,8,1780.32,916.11,138.82,163.89,1,car,1
25,9,29.5,849.98,138.13,132.85,1,car,1
25,10,678.91,449.23,174.65,220.77,1,car,1
26,1,895.89,470.64,157.42,229.31,1,car,1
26,2,1318.38,457.19,140.02,123.76,1,car,1
26,3,1696.67,113.91,113.47,85.39,1,car,1
26,4,1573.68,108.73,108.92,88.98,1,car,1
26,5,108.63,117.63,113.83,95.68,1,car,1
26,6,355.07,110.37,101.09,81.15,1,car,1
26,7,222.68,111.68,114.69,71.63,1,car,1
26,8,1780.46,916.81,138.67,163.19,1,car,1
26,9,29.66,849.95,138.09,132.87,1,car,1
26,10,675.96,449.52,163.37,221.93,1,car,1
27,1,896.42,472.82,156.74,226.02,1,car,1
27,2,1318.15,457.48,140.24,123.11,1,car,1
27,3,1697.53,114.2,112.89,85.47,1,car,1
27,4,1574.01,108.9,108.5,88.25,1,car,1
27,5,109.46,117.5,112.64,94.69,1,car,1
27,6,355.17,110.39,100.71,82.32,1,car,1
27,7,224.75,112.35,112.38,70.57,1,car,1
27,8,1780.61,917.5,138.52,162.5,1,car,1
27,9,29.82,849.93,138.05,132.9,1,car,1
27,10,673.01,449.81,152.09,223.09,1,car,1
28,1,896.95,474.99,156.06,222.74,1,car,1
28,2,1317.91,457.78,140.46,122.46,1,car,1
28,3,1698.4,114.49,112.31,85.55,1,car,1
28,4,1574.33,109.06,108.08,87.51,1,car,1
28,5,110.28,117.37,111.45,93.71,1,car,1
28,6,355.28,110.41,100.33,83.5,1,car,1
28,7,226.82,113.02,110.07,69.52,1,car,1
28,8,1780.75,918.2,138.37,161.8,1,car,1
28,9,29.98,849.9,138.01,132.93,1,car,1
28,10,678.5,466.62,150.25,207.25,1,car,1
29,1,897.49,477.16,155.38,219.46,1,car,1
29,2,1317.67,458.07,140.67,121.81,1,car,1
29,3,1699.26,114.78,111.73,85.62,1,car,1
29,4,1574.65,109.23,107.67,86.77,1,car,1
29,5,111.1,117.24,110.25,92.72,1,car,1
29,6,355.38,110.43,99.96,84.67,1,car,1
29,7,228.89,113.69,107.76,68.47,1,car,1
29,8,1780.89,918.89,138.22,161.11,1,car,1
29,9,30.07,849.82,137.92,132.92,1,car,1
29,10,684.0,483.43,148.41,191.41,1,car,1
30,1,890.95,493.1,154.54,202.58,1,car,1
30,2,1317.43,458.36,140.89,121.16,1,car,1
30,3,1700.13,115.07,111.15,85.7,1,car,1
30,4,1574.98,109.39,107.25,86.04,1,car,1
30,5,111.93,117.11,109.06,91.74,1,car,1
30,6,355.48,110.45,99.58,85.85,1,car,1
30,7,230.96,114.36,105.46,67.41,1,car,1
30,8,1781.03,919.59,138.07,160.41,1,car,1
30,9,30.17,849.73,137.82,132.91,1,car,1
30,10,689.49,500.25,146.56,175.56,1,car,1
31,1,884.4,509.04,153.7,185.7,1,car,1
31,2,1317.2,458.65,141.11,120.51,1,car,1
31,3,1700.99,115.35,110.57,85.78,1,car,1
31,4,1575.3,109.56,106.83,85.3,1,car,1
31,5,112.75,116.98,107.87,90.75,1,car,1
31,6,355.58,110.47,99.2,87.02,1,car,1
31,7,233.04,115.03,103.15,66.36,1,car,1
31,8,1781.18,920.28,137.92,159.72,1,car,1
31,9,30.26,849.64,137.72,132.9,1,car,1
31,10,694.98,517.06,144.72,159.72,1,car,1
32,1,877.86,524.98,152.85,168.83,1,car,1
32,2,1316.96,458.94,141.32,119.86,1,car,1
32,3,1699.53,115.37,111.88,86.37,1,car,1
32,4,1575.01,109.38,107.13,85.97,1,car,1
32,5,113.58,116.85,106.67,89.77,1,car,1
32,6,355.25,110.28,100.8,85.48,1,car,1
32,7,233.3,114.88,102.86,66.72,1,car,1
32,8,1781.32,920.98,137.77,159.02,1,car,1
32,9,30.35,849.56,137.62,132.89,1,car,1
32,10,700.47,533.87,142.87,143.88,1,car,1
33,1,871.32,540.91,152.01,151.95,1,car,1
33,2,1316.72,459.23,141.54,119.2,1,car,1
33,3,1698.07,115.39,113.19,86.96,1,car,1
33,4,1574.71,109.2,107.43,86.64,1,car,1
33,5,114.4,116.72,105.48,88.78,1,car,1
33,6,354.92,110.09,102.4,83.93,1,car,1
33,7,233.56,114.74,102.57,67.08,1,car,1
33,8,1781.46,921.67,137.62,158.33,1,car,1
33,9,30.44,849.47,137.52,132.88,1,car,1
33,10,710.47,524.39,144.04,150.99,1,car,1
34,1,864.77,556.85,151.16,135.07,1,car,1
34,2,1316.49,459.52,141.76,118.55,1,car,1
34,3,1696.61,115.41,114.5,87.55,1,car,1
34,4,1574.42,109.02,107.73,87.32,1,car,1
34,5,115.22,116.59,104.29,87.8,1,car,1
34,6,354.59,109.9,104.01,82.38,1,car,1
34,7,233.82,114.59,102.28,67.44,1,car,1
34,8,1781.6,922.37,137.47,157.63,1,car,1
34,9,30.54,849.38,137.42,132.87,1,car,1
34,10,720.46,514.91,145.2,158.09,1,car,1
35,1,878.42,543.59,150.79,148.56,1,car,1
35,2,1316.25,459.81,141.98,117.9,1,car,1
35,3,1695.15,115.43,115.81,88.14,1,car,1
35,4,1574.12,108.85,108.03,87.99,1,car,1
35,5,116.05,116.46,103.09,86.81,1,car,1
35,6,354.25,109.7,105.61,80.83,1,car,1
35,7,234.08,114.44,102.0,67.8,1,car,1
35,8,1781.75,923.06,137.32,156.94,1,car,1
35,9,30.63,849.41,137.44,132.97,1,car,1
35,10,730.45,505.43,146.37,165.2,1,car,1
36,1,892.07,530.32,150.41,162.05,1,car,1
36,2,1316.01,460.1,142.19,117.25,1,car,1
36,3,1693.69,115.45,117.12,88.73,1,car,1
36,4,1573.82,108.67,108.33,88.66,1,car,1
36,5,116.87,116.33,101.9,85.83,1,car,1
36,6,353.92,109.51,107.21,79.29,1,car,1
36,7,234.34,114.29,101.71,68.15,1,car,1
36,8,1781.89,923.76,137.17,156.24,1,car,1
36,9,30.72,849.43,137.46,133.06,1,car,1
36,10,740.45,495.95,147.53,172.3,1,car,1
37,1,905.72,517.05,150.03,175.54,1,car,1
37,2,1315.77,460.39,142.41,116.6,1,car,1
37,3,1694.98,115.35,115.96,88.36,1,car,1
37,4,1574.48,108.81,107.28,88.11,1,car,1
37,5,117.7,116.2,100.71,84.84,1,car,1
37,6,354.16,109.68,105.51,80.19,1,car,1
37,7,234.5,114.62,101.9,67.73,1,car,1
37,8,1782.03,924.45,137.02,155.55,1,car,1
37,9,30.81,849.46,137.49,133.16,1,car,1
37,10,750.44,486.47,148.7,179.41,1,car,1
38,1,919.36,503.78,149.66,189.02,1,car,1
38,2,1315.54,460.68,142.63,115.95,1,car,1
38,3,1696.26,115.24,114.81,88.0,1,car,1
38,4,1575.14,108.95,106.24,87.55,1,car,1
38,5,118.52,116.07,99.51,83.86,1,car,1
38,6,354.39,109.84,103.8,81.09,1,car,1
38,7,234.67,114.94,102.1,67.3,1,car,1
38,8,1782.17,925.15,136.87,154.85,1,car,1
38,9,30.91,849.48,137.51,133.26,1,car,1
38,10,748.04,493.12,146.82,177.91,1,car,1
39,1,933.01,490.52,149.28,202.51,1,car,1
39,2,1315.3,460.97,142.85,115.3,1,car,1
39,3,1697.54,115.14,113.66,87.63,1,car,1
39,4,1575.8,109.08,105.19,87.0,1,car,1
39,5,119.34,115.93,98.32,82.87,1,car,1
39,6,354.63,110.01,102.1,81.99,1,car,1
39,7,234.83,115.26,102.3,66.87,1,car,1
39,8,1782.32,925.84,136.72,154.16,1,car,1
39,9,31.0,849.51,137.53,133.36,1,car,1
39,10,745.63,499.78,144.95,176.41,1,car,1
40,1,928.24,513.17,149.36,188.38,1,car,1
40,2,1315.06,461.26,143.06,114.65,1,car,1
40,3,1698.83,115.03,112.5,87.26,1,car,1
40,4,1576.46,109.22,104.15,86.45,1,car,1
40,5,120.17,115.8,97.12,81.89,1,car,1
40,6,354.86,110.18,100.4,82.89,1,car,1
40,7,235.0,115.59,102.5,66.45,1,car,1
40,8,1782.46,926.54,136.57,153.46,1,car,1
40,9,30.73,849.32,138.03,134.15,1,car,1
40,10,743.23,506.43,143.07,174.91,1,car,1
41,1,923.48,535.81,149.45,174.25,1,car,1
41,2,1314.83,461.55,143.28,114.0,1,car,1
41,3,1700.11,114.93,111.35,86.89,1,car,1
41,4,1577.11,109.36,103.1,85.9,1,car,1
41,5,120.99,115.67,95.93,80.9,1,car,1
41,6,355.1,110.34,98.7,83.79,1,car,1
41,7,235.16,115.91,102.69,66.02,1,car,1
41,8,1782.6,927.23,136.42,152.77,1,car,1
41,9,30.47,849.13,138.53,134.94,1,car,1
41,10,740.83,513.09,141.2,173.42,1,car,1
42,1,918.71,558.46,149.54,160.12,1,car,1
42,2,1314.59,461.84,143.5,113.35,1,car,1
42,3,1699.75,114.8,111.75,86.7,1,car,1
42,4,1577.61,109.32,102.78,85.87,1,car,1
42,5,121.81,115.54,94.74,79.92,1,car,1
42,6,355.4,110.21,99.0,84.42,1,car,1
42,7,234.88,104.53,119.21,77.81,1,car,1
42,8,1782.74,927.93,136.27,152.07,1,car,1
42,9,30.2,848.94,139.03,135.72,1,car,1
42,10,738.43,519.74,139.33,171.92,1,car,1
43,1,913.94,581.11,149.62,145.98,1,car,1
43,2,1314.35,462.13,143.71,112.7,1,car,1
43,3,1699.39,114.67,112.15,86.5,1,car,1
43,4,1578.12,109.29,102.47,85.84,1,car,1
43,5,119.53,115.66,97.67,79.05,1,car,1
43,6,355.71,110.07,99.29,85.06,1,car,1
43,7,234.61,93.14,135.72,89.61,1,car,1
43,8,1782.89,928.62,136.12,151.38,1,car,1
43,9,29.93,848.75,139.53,136.51,1,car,1
43,10,755.35,524.32,143.81,167.09,1,car,1
44,1,909.17,603.76,149.71,131.85,1,car,1
44,2,1314.11,462.42,143.93,112.05,1,car,1
44,3,1699.03,114.54,112.55,86.31,1,car,1
44,4,1578.62,109.25,102.15,85.81,1,car,1
44,5,117.24,115.77,100.6,78.17,1,car,1
44,6,356.02,109.93,99.59,85.7,1,car,1
44,7,234.34,81.76,152.23,101.4,1,car,1
44,8,1782.51,924.28,136.53,155.72,1,car,1
44,9,29.67,848.56,140.03,137.3,1,car,1
44,10,772.28,528.89,148.29,162.27,1,car,1
45,1,931.77,571.26,146.16,157.63,1,car,1
45,2,1313.88,462.72,144.15,111.4,1,car,1
45,3,1698.67,114.41,112.95,86.11,1,car,1
45,4,1579.12,109.21,101.83,85.78,1,car,1
45,5,114.95,115.89,103.52,77.3,1,car,1
45,6,356.33,109.8,99.89,86.34,1,car,1
45,7,234.06,70.38,168.74,113.2,1,car,1
45,8,1782.13,919.93,136.94,160.07,1,car,1
45,9,29.51,848.7,140.62,137.14,1,car,1
45,10,789.21,533.46,152.78,157.45,1,car,1
46,1,954.37,538.77,142.62,183.4,1,car,1
46,2,1313.64,463.01,144.37,110.75,1,car,1
46,3,1698.31,114.28,113.35,85.92,1,car,1
46,4,1579.62,109.17,101.52,85.75,1,car,1
46,5,112.66,116.0,106.45,76.43,1,car,1
46,6,356.63,109.66,100.19,86.97,1,car,1
46,7,233.79,58.99,185.26,124.99,1,car,1
46,8,1781.75,915.59,137.36,164.41,1,car,1
46,9,29.35,848.83,141.2,136.97,1,car,1
46,10,806.14,538.04,157.26,152.63,1,car,1
47,2,1313.4,463.3,144.58,110.1,1,car,1
47,3,1697.5,113.96,112.85,85.83,1,car,1
47,4,1580.57,109.3,100.63,85.0,1,car,1
47,5,110.38,116.11,109.38,75.56,1,car,1
47,6,356.62,109.75,100.08,85.77,1,car,1
47,7,233.51,47.61,201.77,136.79,1,car,1
47,8,1781.37,911.24,137.77,168.76,1,car,1
47,9,29.2,848.96,141.79,136.8,1,car,1
48,2,1313.17,463.59,144.8,109.45,1,car,1
48,3,1696.7,113.65,112.36,85.75,1,car,1
48,4,1581.52,109.43,99.74,84.26,1,car,1
48,5,108.09,116.23,112.31,74.68,1,car,1
48,6,356.61,109.84,99.98,84.57,1,car,1
48,7,234.16,49.49,190.14,134.23,1,car,1
48,8,1781.0,906.89,138.18,173.11,1,car,1
48,9,29.04,849.1,142.37,136.63,1,car,1
49,2,1312.93,463.88,145.02,108.8,1,car,1
49,3,1695.89,113.34,111.86,85.66,1,car,1
49,4,1582.47,109.56,98.86,83.51,1,car,1
49,5,108.65,116.22,111.68,74.77,1,car,1
49,6,356.59,109.93,99.87,83.37,1,car,1
49,7,234.8,51.36,178.52,131.67,1,car,1
49,8,1780.62,902.55,138.6,177.45,1,car,1
49,9,28.88,849.23,142.95,136.47,1,car,1
50,2,1312.69,464.17,145.23,108.15,1,car,1
50,3,1695.09,113.03,111.37,85.57,1,car,1
50,4,1583.42,109.68,97.97,82.76,1,car,1
50,5,109.21,116.22,111.05,74.85,1,car,1
50,6,356.58,110.02,99.76,82.16,1,car,1
50,7,235.45,53.24,166.89,129.11,1,car,1
50,8,1780.24,898.2,139.01,181.8,1,car,1
50,9,29.01,849.39,142.55,136.16,1,car,1
51,2,1312.45,464.46,145.45,107.5,1,car,1
51,3,1694.28,112.72,110.87,85.49,1,car,1
51,4,1584.37,109.81,97.09,82.02,1,car,1
51,5,109.77,116.21,110.42,74.93,1,car,1
51,6,356.57,110.12,99.66,80.96,1,car,1
51,7,236.09,55.12,155.27,126.55,1,car,1
51,9,29.15,849.54,142.15,135.85,1,car,1
52,2,1312.22,464.75,145.67,106.85,1,car,1
52,3,1694.29,113.15,111.86,85.4,1,car,1
52,4,1582.21,109.6,99.53,83.59,1,car,1
52,5,110.34,116.21,109.79,75.02,1,car,1
52,6,356.55,110.21,99.55,79.76,1,car,1
52,7,236.74,57.0,143.64,123.99,1,car,1
52,9,29.28,849.7,141.74,135.54,1,car,1
53,2,1311.98,465.04,145.89,106.2,1,car,1
53,3,1694.31,113.58,112.85,85.31,1,car,1
53,4,1580.04,109.39,101.98,85.17,1,car,1
53,5,110.9,116.2,109.17,75.1,1,car,1
53,6,356.54,110.3,99.44,78.56,1,car,1
53,7,236.76,55.71,145.28,125.15,1,car,1
53,9,29.41,849.85,141.34,135.23,1,car,1
54,2,1311.74,465.33,146.1,105.54,1,car,1
54,3,1694.32,114.02,113.84,85.22,1,car,1
54,4,1577.88,109.18,104.42,86.74,1,car,1
54,5,111.6,116.04,107.89,76.66,1,car,1
54,6,356.52,110.39,99.33,77.35,1,car,1
54,7,236.78,54.42,146.92,126.3,1,car,1
54,9,29.54,850.01,140.93,134.93,1,car,1
55,2,1311.51,465.62,146.32,104.89,1,car,1
55,3,1694.34,114.45,114.83,85.14,1,car,1
55,4,1575.72,108.98,106.86,88.32,1,car,1
55,5,112.31,115.87,106.61,78.22,1,car,1
55,6,356.26,110.23,100.01,76.2,1,car,1
55,7,236.8,53.13,148.57,127.46,1,car,1
55,9,29.53,850.05,140.69,134.84,1,car,1
56,2,1311.27,465.91,146.54,104.24,1,car,1
56,3,1694.35,114.88,115.82,85.05,1,car,1
56,4,1573.55,108.77,109.31,89.89,1,car,1
56,5,113.02,115.71,105.33,79.79,1,car,1
56,6,356.0,110.07,100.69,75.04,1,car,1
56,7,236.83,51.84,150.21,128.61,1,car,1
56,9,29.53,850.09,140.44,134.75,1,car,1
57,2,1311.03,466.2,146.76,103.59,1,car,1
57,3,1695.6,115.07,114.3,84.19,1,car,1
57,4,1573.53,108.72,109.35,89.33,1,car,1
57,5,113.72,115.55,104.05,81.35,1,car,1
57,6,355.74,109.9,101.36,73.88,1,car,1
57,7,236.85,50.55,151.85,129.77,1,car,1
57,9,29.52,850.14,140.19,134.65,1,car,1
58,2,1310.79,466.49,146.97,102.94,1,car,1
58,3,1696.85,115.26,112.77,83.32,1,car,1
58,4,1573.51,108.67,109.39,88.78,1,car,1
58,5,114.43,115.38,102.77,82.91,1,car,1
58,6,355.48,109.74,102.04,72.73,1,car,1
58,7,236.26,60.17,143.21,120.26,1,car,1
58,9,29.52,850.18,139.95,134.56,1,car,1
59,2,1310.56,466.78,147.19,102.29,1,car,1
59,3,1698.1,115.44,111.25,82.46,1,car,1
59,4,1573.48,108.62,109.43,88.22,1,car,1
59,5,115.14,115.22,101.49,84.48,1,car,1
59,6,355.21,109.58,102.71,71.57,1,car,1
59,7,235.67,69.79,134.57,110.76,1,car,1
59,9,29.51,850.22,139.7,134.47,1,car,1
60,2,1311.72,463.68,148.86,105.04,1,car,1
60,3,1699.35,115.63,109.73,81.6,1,car,1
60,4,1573.46,108.57,109.47,87.66,1,car,1
60,5,115.84,115.05,100.21,86.04,1,car,1
60,6,355.3,109.6,102.23,71.57,1,car,1
60,7,235.08,79.4,125.93,101.25,1,car,1
60,9,29.62,850.41,139.48,133.92,1,car,1
61,2,1312.89,460.57,150.53,107.78,1,car,1
61,3,1700.59,115.82,108.21,80.73,1,car,1
61,4,1573.44,108.52,109.51,87.1,1,car,1
61,5,114.37,114.89,101.94,83.7,1,car,1
61,6,355.39,109.62,101.74,71.58,1,car,1
61,7,234.49,89.02,117.29,91.74,1,car,1
61,9,29.73,850.6,139.26,133.36,1,car,1
62,2,1314.05,457.46,152.19,110.53,1,car,1
62,3,1699.01,115.59,110.69,82.72,1,car,1
62,4,1573.57,108.62,109.57,87.91,1,car,1
62,5,112.9,114.74,103.68,81.36,1,car,1
62,6,355.47,109.64,101.25,71.59,1,car,1
62,7,233.9,98.64,108.65,82.24,1,car,1
62,9,29.83,850.79,139.04,132.8,1,car,1
63,2,1315.21,454.35,153.86,113.27,1,car,1
63,3,1697.43,115.36,113.17,84.7,1,car,1
63,4,1573.71,108.73,109.63,88.73,1,car,1
63,5,111.43,114.58,105.41,79.02,1,car,1
63,6,355.56,109.66,100.76,71.59,1,car,1
63,7,233.35,101.1,108.52,79.66,1,car,1
63,9,29.94,850.99,138.82,132.25,1,car,1
64,2,1316.38,451.25,155.53,116.02,1,car,1
64,3,1695.85,115.13,115.66,86.69,1,car,1
64,4,1573.85,108.84,109.7,89.55,1,car,1
64,5,109.96,114.42,107.14,76.67,1,car,1
64,6,355.64,109.68,100.27,71.6,1,car,1
64,7,232.81,103.56,108.39,77.08,1,car,1
64,9,30.04,851.18,138.6,131.69,1,car,1
65,2,1317.54,448.14,157.2,118.76,1,car,1
65,3,1694.27,114.9,118.14,88.67,1,car,1
65,4,1573.99,108.94,109.76,90.36,1,car,1
65,5,108.49,114.26,108.88,74.33,1,car,1
65,6,356.23,109.66,99.16,72.25,1,car,1
65,7,232.27,106.03,108.26,74.5,1,car,1
65,9,29.89,850.99,139.02,132.32,1,car,1
66,2,1318.7,445.03,158.87,121.51,1,car,1
66,3,1692.69,114.67,120.62,90.66,1,car,1
66,4,1574.12,109.05,109.82,91.18,1,car,1
66,5,107.02,114.1,110.61,71.99,1,car,1
66,6,356.82,109.64,98.04,72.91,1,car,1
66,7,231.73,108.49,108.13,71.92,1,car,1
66,9,29.74,850.81,139.44,132.96,1,car,1
67,2,1319.87,441.92,160.53,124.25,1,car,1
67,3,1691.81,114.54,121.61,90.09,1,car,1
67,4,1573.53,109.06,110.58,91.16,1,car,1
67,5,105.55,113.95,112.34,69.65,1,car,1
67,6,357.41,109.63,96.92,73.57,1,car,1
67,7,231.18,110.95,108.01,69.34,1,car,1
67,9,29.59,850.62,139.86,133.6,1,car,1
67,11,425.21,418.77,117.35,93.38,1,car,1
68,2,1321.03,438.82,162.2,127.0,1,car,1
68,3,1690.92,114.4,122.6,89.52,1,car,1
68,4,1572.93,109.06,111.34,91.14,1,car,1
68,5,108.42,113.88,108.9,73.06,1,car,1
68,6,358.0,109.61,95.8,74.23,1,car,1
68,7,232.0,97.46,117.82,82.81,1,car,1
68,9,29.44,850.44,140.28,134.23,1,car,1
68,11,426.51,420.41,117.81,93.06,1,car,1
69,2,1322.19,435.71,163.87,129.74,1,car,1
69,3,1690.04,114.26,123.59,88.96,1,car,1
69,4,1572.33,109.07,112.09,91.13,1,car,1
69,5,111.29,113.81,105.45,76.47,1,car,1
69,6,358.59,109.59,94.68,74.89,1,car,1
69,7,232.81,83.97,127.64,96.28,1,car,1
69,9,29.29,850.25,140.7,134.87,1,car,1
69,11,427.81,422.05,118.26,92.74,1,car,1
70,2,1323.36,432.6,165.54,132.49,1,car,1
70,3,1689.15,114.13,124.57,88.39,1,car,1
70,4,1571.73,109.08,112.85,91.11,1,car,1
70,5,114.15,113.74,102.01,79.88,1,car,1
70,6,359.18,109.57,93.56,75.55,1,car,1
70,7,233.62,70.47,137.46,109.75,1,car,1
70,9,29.72,850.34,140.02,134.3,1,car,1
70,11,429.12,423.69,118.71,92.42,1,car,1
71,2,1324.52,429.5,167.21,135.23,1,car,1
71,3,1688.27,113.99,125.56,87.82,1,car,1
71,4,1571.14,109.09,113.61,91.09,1,car,1
71,5,117.02,113.67,98.56,83.28,1,car,1
71,6,358.32,109.52,95.29,74.9,1,car,1
71,7,234.43,56.98,147.28,123.22,1,car,1
71,9,30.14,850.42,139.34,133.73,1,car,1
71,11,430.42,425.33,119.16,92.11,1,car,1
72,2,1325.69,426.39,168.87,137.98,1,car,1
72,3,1689.26,114.12,124.45,87.7,1,car,1
72,4,1570.48,108.96,114.3,90.75,1,car,1
72,5,119.89,113.6,95.12,86.69,1,car,1
72,6,357.47,109.47,97.03,74.25,1,car,1
72,7,235.24,43.48,157.1,136.69,1,car,1
72,9,30.57,850.5,138.66,133.16,1,car,1
72,11,431.72,426.97,119.62,91.79,1,car,1
73,2,1326.85,423.28,170.54,140.72,1,car,1
73,3,1690.24,114.24,123.34,87.57,1,car,1
73,4,1569.82,108.83,114.98,90.42,1,car,1
73,5,116.38,114.09,99.37,82.79,1,car,1
73,6,356.61,109.42,98.76,73.61,1,car,1
73,7,234.67,57.58,146.85,122.67,1,car,1
73,9,30.99,850.58,137.98,132.59,1,car,1
73,11,433.02,428.61,120.07,91.47,1,car,1
74,2,1328.01,420.17,172.21,143.47,1,car,1
74,3,1691.23,114.37,122.23,87.45,1,car,1
74,4,1569.16,108.7,115.67,90.08,1,car,1
74,5,112.87,114.59,103.63,78.88,1,car,1
74,6,355.76,109.37,100.49,72.96,1,car,1
74,7,234.1,71.68,136.6,108.65,1,car,1
74,9,31.42,850.66,137.3,132.03,1,car,1
74,11,434.32,430.25,120.52,91.15,1,car,1
75,2,1329.18,417.07,173.88,146.21,1,car,1
75,3,1692.22,114.5,121.12,87.33,1,car,1
75,4,1568.5,108.56,116.36,89.74,1,car,1
75,5,109.37,115.08,107.88,74.97,1,car,1
75,6,354.91,109.32,102.23,72.32,1,car,1
75,7,233.54,85.78,126.35,94.63,1,car,1
75,9,31.36,850.68,137.35,131.99,1,car,1
75,11,435.62,431.89,120.97,90.84,1,car,1
76,2,1330.34,413.96,175.54,148.96,1,car,1
76,3,1693.2,114.62,120.01,87.21,1,car,1
76,4,1567.84,108.43,117.05,89.41,1,car,1
76,5,105.86,115.58,112.13,71.06,1,car,1
76,6,355.21,109.33,101.56,74.58,1,car,1
76,7,232.97,99.87,116.11,80.61,1,car,1
76,9,31.3,850.71,137.4,131.96,1,car,1
76,11,436.92,433.53,121.43,90.52,1,car,1
77,2,1331.5,410.85,177.21,151.7,1,car,1
77,3,1692.76,114.55,120.56,87.62,1,car,1
77,4,1569.55,108.49,115.24,89.52,1,car,1
77,5,102.35,116.07,116.38,67.15,1,car,1
77,6,355.51,109.34,100.89,76.85,1,car,1
77,7,232.4,113.97,105.86,66.59,1,car,1
77,9,31.25,850.73,137.44,131.93,1,car,1
77,11,438.22,435.17,121.88,90.2,1,car,1
78,2,1332.67,407.74,178.88,154.45,1,car,1
78,3,1692.31,114.48,121.11,88.04,1,car,1
78,4,1571.25,108.54,113.44,89.63,1,car,1
78,5,105.27,115.75,112.69,70.61,1,car,1
78,6,355.81,109.35,100.21,79.12,1,car,1
78,7,234.38,100.06,119.68,81.41,1,car,1
78,9,31.19,850.76,137.49,131.9,1,car,1
78,11,439.52,436.81,122.33,89.88,1,car,1
79,2,1333.83,404.64,180.55,157.19,1,car,1
79,3,1691.86,114.4,121.66,88.46,1,car,1
79,4,1572.96,108.6,111.64,89.75,1,car,1
79,5,108.18,115.44,109.0,74.06,1,car,1
79,6,356.12,109.36,99.54,81.38,1,car,1
79,7,236.36,86.14,133.5,96.23,1,car,1
79,9,31.14,850.78,137.54,131.87,1,car,1
79,11,440.82,438.45,122.79,89.56,1,car,1
80,2,1335.0,401.53,182.22,159.94,1,car,1
80,3,1691.41,114.33,122.21,88.88,1,car,1
80,4,1574.66,108.66,109.83,89.86,1,car,1
80,5,111.1,115.12,105.31,77.51,1,car,1
80,6,356.42,109.37,98.87,83.65,1,car,1
80,7,238.34,72.23,147.31,111.05,1,car,1
80,9,30.82,850.83,137.44,131.94,1,car,1
80,11,442.13,440.09,123.24,89.25,1,car,1
81,2,1336.16,398.42,183.88,162.68,1,car,1
81,3,1690.96,114.26,122.76,89.29,1,car,1
81,4,1576.37,108.71,108.03,89.97,1,car,1
81,5,114.01,114.8,101.62,80.97,1,car,1
81,6,356.01,109.39,99.59,82.05,1,car,1
81,7,240.32,58.31,161.13,125.88,1,car,1
81,9,30.51,850.87,137.34,132.01,1,car,1
81,11,443.43,441.73,123.69,88.93,1,car,1
82,2,1337.32,395.31,185.55,165.43,1,car,1
82,3,1690.47,114.48,122.87,88.5,1,car,1
82,4,1575.79,108.8,108.21,91.58,1,car,1
82,5,116.92,114.48,97.93,84.42,1,car,1
82,6,355.61,109.41,100.31,80.46,1,car,1
82,7,242.3,44.4,174.95,140.7,1,car,1
82,9,30.2,850.91,137.25,132.08,1,car,1
82,11,441.72,454.65,126.17,88.69,1,car,1
83,2,1338.49,392.21,187.22,168.17,1,car,1
83,3,1689.98,114.7,122.98,87.71,1,car,1
83,4,1575.2,108.88,108.39,93.18,1,car,1
83,5,119.84,114.17,94.24,87.87,1,car,1
83,6,355.21,109.43,101.03,78.86,1,car,1
83,7,240.21,46.48,170.94,137.62,1,car,1
83,9,29.89,850.95,137.15,132.15,1,car,1
83,11,440.02,467.58,128.64,88.45,1,car,1
84,2,1339.65,389.1,188.89,170.92,1,car,1
84,3,1689.49,114.92,123.09,86.92,1,car,1
84,4,1574.62,108.96,108.57,94.79,1,car,1
84,5,119.35,114.32,95.09,87.88,1,car,1
84,6,354.8,109.44,101.75,77.26,1,car,1
84,7,238.12,48.55,166.92,134.53,1,car,1
84,9,29.57,851.0,137.05,132.22,1,car,1
84,11,438.32,480.51,131.12,88.21,1,car,1
85,2,1340.81,385.99,190.56,173.66,1,car,1
85,3,1689.0,115.14,123.2,86.13,1,car,1
85,4,1574.04,109.04,108.75,96.39,1,car,1
85,5,118.87,114.48,95.94,87.89,1,car,1
85,6,354.4,109.46,102.47,75.66,1,car,1
85,7,236.03,50.63,162.91,131.45,1,car,1
85,9,30.36,851.26,135.7,131.64,1,car,1
86,2,1341.98,382.88,192.22,176.41,1,car,1
86,3,1688.52,115.36,123.31,85.34,1,car,1
86,4,1573.46,109.13,108.93,97.99,1,car,1
86,5,118.38,114.64,96.78,87.9,1,car,1
86,6,353.99,109.48,103.19,74.07,1,car,1
86,7,233.94,52.7,158.89,128.37,1,car,1
86,9,31.14,851.53,134.35,131.06,1,car,1
87,2,1343.14,379.78,193.89,179.15,1,car,1
87,3,1691.63,115.46,120.36,83.95,1,car,1
87,4,1573.31,109.09,109.43,102.77,1,car,1
87,5,117.9,114.8,97.63,87.91,1,car,1
87,6,353.59,109.5,103.91,72.47,1,car,1
87,9,31.92,851.79,133.01,130.48,1,car,1
88,2,1344.3,376.67,195.56,181.9,1,car,1
88,3,1694.75,115.56,117.4,82.56,1,car,1
88,4,1573.17,109.06,109.94,107.54,1,car,1
88,5,117.42,114.95,98.48,87.92,1,car,1
88,6,353.15,109.29,109.29,73.85,1,car,1
88,9,32.7,852.06,131.66,129.91,1,car,1
89,2,1345.47,373.56,197.23,184.64,1,car,1
89,3,1697.87,115.67,114.44,81.17,1,car,1
89,4,1573.03,109.03,110.44,112.32,1,car,1
89,5,116.93,115.11,99.33,87.93,1,car,1
89,6,352.7,109.08,114.68,75.24,1,car,1
89,9,33.48,852.32,130.31,129.33,1,car,1
90,2,1346.63,370.45,198.9,187.39,1,car,1
90,3,1700.99,115.77,111.48,79.78,1,car,1
90,4,1572.88,108.99,110.94,117.09,1,car,1
90,5,116.45,115.27,100.17,87.93,1,car,1
90,6,352.26,108.88,120.06,76.63,1,car,1
90,9,34.26,852.59,128.96,128.75,1,car,1
91,2,1347.8,367.35,200.56,190.13,1,car,1
91,3,1704.11,115.87,108.53,78.39,1,car,1
91,4,1572.74,108.96,111.45,121.87,1,car,1
91,5,115.96,115.43,101.02,87.94,1,car,1
91,6,351.81,108.67,125.44,78.01,1,car,1
91,9,35.04,852.85,127.61,128.17,1,car,1
92,2,1348.96,364.24,202.23,192.88,1,car,1
92,3,1707.03,115.41,104.3,76.4,1,car,1
92,4,1575.93,109.22,108.41,111.8,1,car,1
92,5,116.09,115.22,101.45,88.09,1,car,1
92,6,351.37,108.46,130.83,79.4,1,car,1
92,9,35.82,853.12,126.27,127.6,1,car,1
93,2,1350.12,361.13,203.9,195.62,1,car,1
93,3,1709.94,114.96,100.06,74.41,1,car,1
93,4,1579.12,109.48,105.37,101.73,1,car,1
93,6,351.32,109.13,116.47,84.07,1,car,1
93,9,36.6,853.38,124.92,127.02,1,car,1
94,2,1351.29,358.03,205.57,198.37,1,car,1
94,3,1712.85,114.5,95.83,72.42,1,car,1
94,4,1582.31,109.73,102.34,91.66,1,car,1
94,6,351.28,109.8,102.11,88.74,1,car,1
94,9,37.38,853.65,123.57,126.44,1,car,1
95,2,1352.45,354.92,207.24,201.11,1,car,1
95,3,1715.77,114.04,91.6,70.43,1,car,1
95,4,1585.5,109.99,99.3,81.59,1,car,1
95,9,38.16,853.91,122.22,125.86,1,car,1
95,12,1497.08,121.5,101.29,73.7,1,car,1
96,2,1353.61,351.81,208.9,203.86,1,car,1
96,3,1718.68,113.58,87.37,68.44,1,car,1
96,4,1588.69,110.25,96.26,71.52,1,car,1
96,9,38.95,854.17,120.87,125.29,1,car,1
96,12,1499.9,121.69,99.27,74.34,1,car,1
96,13,1380.38,118.64,92.68,75.84,1,car,1
97,2,1354.78,348.7,210.57,206.6,1,car,1
97,3,1720.58,114.4,79.78,61.99,1,car,1
97,12,1502.72,121.88,97.24,74.97,1,car,1
97,13,1381.11,118.57,92.36,75.27,1,car,1
98,2,1352.72,343.57,207.26,201.75,1,car,1
98,12,1505.54,122.07,95.22,75.61,1,car,1
98,13,1381.85,118.5,92.04,74.7,1,car,1
99,2,1350.67,338.43,203.94,196.9,1,car,1
99,12,1508.36,122.27,93.19,76.24,1,car,1
99,13,1382.59,118.43,91.72,74.13,1,car,1
100,2,1348.62,333.29,200.63,192.05,1,car,1
100,12,1511.18,122.46,91.17,76.87,1,car,1
100,13,1383.33,118.36,91.41,73.55,1,car,1
101,2,1346.56,328.16,197.31,187.2,1,car,1
101,12,1511.67,122.42,89.11,78.5,1,car,1
101,13,1384.07,118.28,91.09,72.98,1,car,1
102,2,1344.51,323.02,194.0,182.35,1,car,1
102,12,1512.16,122.38,87.06,80.13,1,car,1
102,13,1383.18,118.51,103.56,73.96,1,car,1
102,14,561.1,117.12,98.03,80.85,1,car,1
103,2,1342.45,317.89,190.68,177.5,1,car,1
103,12,1512.65,122.34,85.01,81.76,1,car,1
103,13,1382.29,118.73,116.02,74.94,1,car,1
103,14,561.24,117.14,97.7,79.97,1,car,1
104,2,1340.4,312.75,187.37,172.65,1,car,1
104,12,1513.14,122.3,82.96,83.39,1,car,1
104,13,1381.4,118.95,128.49,75.92,1,car,1
104,14,561.38,117.15,97.37,79.1,1,car,1
104,15,429.81,115.13,99.84,78.6,1,car,1
105,2,1338.34,307.61,184.05,167.79,1,car,1
105,12,1513.63,122.26,80.91,85.02,1,car,1
105,13,1380.51,119.17,140.95,76.89,1,car,1
105,14,561.52,117.16,97.03,78.22,1,car,1
105,15,429.82,115.16,99.86,78.61,1,car,1
106,2,1336.29,302.48,180.74,162.94,1,car,1
106,12,1512.76,122.26,81.74,84.87,1,car,1
106,13,1379.62,119.39,153.42,77.87,1,car,1
106,14,561.66,117.18,96.7,77.35,1,car,1
106,15,429.83,115.19,99.89,78.61,1,car,1
107,2,1328.55,298.06,183.76,165.12,1,car,1
107,12,1511.9,122.27,82.58,84.72,1,car,1
107,13,1380.38,119.58,147.3,77.44,1,car,1
107,14,561.8,117.19,96.36,76.47,1,car,1
107,15,429.83,115.23,99.91,78.62,1,car,1
108,2,1320.81,293.64,186.78,167.3,1,car,1
108,12,1511.03,122.27,83.41,84.58,1,car,1
108,13,1381.15,119.77,141.18,77.02,1,car,1
108,14,561.97,117.18,95.92,76.18,1,car,1
108,15,429.84,115.26,99.94,78.62,1,car,1
109,2,1313.07,289.22,189.8,169.47,1,car,1
109,12,1510.17,122.27,84.25,84.43,1,car,1
109,13,1381.91,119.95,135.05,76.59,1,car,1
109,14,562.13,117.17,95.47,75.89,1,car,1
109,15,429.85,115.29,99.96,78.63,1,car,1
110,2,1305.33,284.81,192.82,171.65,1,car,1
110,12,1509.3,122.28,85.08,84.28,1,car,1
110,13,1382.67,120.14,128.93,76.16,1,car,1
110,14,562.3,117.15,95.02,75.6,1,car,1
110,15,429.85,115.33,99.98,78.63,1,car,1
111,2,1297.6,280.39,195.84,173.83,1,car,1
111,12,1509.56,122.27,84.79,85.0,1,car,1
111,13,1383.44,120.33,122.81,75.73,1,car,1
111,14,562.47,117.14,94.58,75.31,1,car,1
111,15,429.86,115.36,100.01,78.64,1,car,1
112,2,1289.86,275.97,198.86,176.0,1,car,1
112,12,1509.82,122.26,84.51,85.71,1,car,1
112,13,1383.72,115.38,126.91,82.33,1,car,1
112,14,562.63,117.13,94.13,75.02,1,car,1
112,15,429.87,115.39,100.03,78.64,1,car,1
113,2,1282.12,271.55,201.87,178.18,1,car,1
113,12,1510.07,122.25,84.22,86.42,1,car,1
113,13,1384.01,110.44,131.0,88.93,1,car,1
113,14,562.91,117.24,93.77,74.76,1,car,1
113,15,429.87,115.43,100.06,78.65,1,car,1
114,2,1274.38,267.14,204.89,180.36,1,car,1
114,12,1510.33,122.24,83.93,87.14,1,car,1
114,13,1384.29,105.5,135.1,95.53,1,car,1
114,14,563.19,117.35,93.41,74.51,1,car,1
114,15,429.88,115.46,100.08,78.65,1,car,1
115,2,1272.0,264.46,205.42,188.96,1,car,1
115,12,1510.58,122.23,83.64,87.85,1,car,1
115,13,1384.58,100.56,139.19,102.13,1,car,1
115,14,563.46,117.46,93.05,74.25,1,car,1
115,15,429.88,115.49,100.11,78.66,1,car,1
116,2,1269.62,261.79,205.94,197.56,1,car,1
116,12,1511.77,122.17,82.39,86.94,1,car,1
116,13,1384.86,95.62,143.29,108.73,1,car,1
116,14,563.74,117.57,92.69,74.0,1,car,1
116,15,429.89,115.53,100.13,78.66,1,car,1
117,2,1267.25,259.11,206.47,206.16,1,car,1
117,12,1512.95,122.1,81.13,86.03,1,car,1
117,13,1385.5,99.19,144.01,107.16,1,car,1
117,14,564.02,117.67,92.33,73.74,1,car,1
117,15,429.9,115.56,100.16,78.67,1,car,1
118,2,1264.87,256.44,206.99,214.76,1,car,1
118,12,1514.13,122.04,79.88,85.11,1,car,1
118,13,1386.13,102.77,144.73,105.59,1,car,1
118,14,563.79,117.74,92.48,73.67,1,car,1
118,15,429.9,115.59,100.18,78.67,1,car,1
119,2,1262.49,253.77,207.52,223.36,1,car,1
119,12,1515.31,121.98,78.62,84.2,1,car,1
119,13,1386.76,106.35,145.45,104.02,1,car,1
119,14,563.57,117.8,92.64,73.6,1,car,1
119,15,429.91,115.63,100.21,78.68,1,car,1
120,2,1262.06,249.33,202.98,212.14,1,car,1
120,12,1516.49,121.92,77.37,83.29,1,car,1
120,13,1387.39,109.93,146.17,102.45,1,car,1
120,14,563.34,117.87,92.79,73.53,1,car,1
120,15,429.92,115.66,100.23,78.68,1,car,1
121,2,1261.62,244.89,198.44,200.93,1,car,1
121,12,1515.0,121.91,78.84,82.76,1,car,1
121,13,1388.03,113.51,146.89,100.87,1,car,1
121,14,563.11,117.93,92.94,73.46,1,car,1
121,15,429.92,115.69,100.26,78.69,1,car,1
122,2,1261.18,240.45,193.9,189.71,1,car,1
122,12,1513.5,121.89,80.31,82.24,1,car,1
122,13,1394.31,115.49,140.64,100.54,1,car,1
122,14,562.89,118.0,93.09,73.39,1,car,1
122,15,429.93,115.73,100.28,78.69,1,car,1
123,2,1260.74,236.01,189.37,178.5,1,car,1
123,12,1512.01,121.87,81.78,81.71,1,car,1
123,13,1400.6,117.47,134.38,100.2,1,car,1
123,14,563.0,117.96,92.97,73.42,1,car,1
123,15,429.94,115.76,100.3,78.7,1,car,1
124,2,1260.3,231.57,184.83,167.28,1,car,1
124,12,1510.51,121.85,83.25,81.18,1,car,1
124,13,1406.89,119.45,128.12,99.87,1,car,1
124,14,563.11,117.92,92.84,73.45,1,car,1
124,15,429.94,115.79,100.33,78.7,1,car,1
125,2,1259.87,227.13,180.29,156.07,1,car,1
125,12,1509.02,121.84,84.72,80.66,1,car,1
125,13,1413.18,121.43,121.86,99.53,1,car,1
125,14,563.23,117.89,92.72,73.49,1,car,1
125,15,429.95,115.83,100.35,78.71,1,car,1
126,2,1259.43,222.69,175.75,144.85,1,car,1
126,12,1508.76,121.83,85.08,81.18,1,car,1
126,13,1419.47,123.41,115.6,99.2,1,car,1
126,14,563.34,117.85,92.59,73.52,1,car,1
126,15,429.96,115.86,100.38,78.71,1,car,1
127,2,1258.87,219.64,180.51,157.18,1,car,1
127,12,1508.5,121.82,85.44,81.7,1,car,1
127,13,1412.79,122.37,109.15,94.18,1,car,1
127,14,563.45,117.81,92.46,73.55,1,car,1
127,15,429.96,115.9,100.4,78.72,1,car,1
128,2,1258.31,216.59,185.26,169.5,1,car,1
128,12,1508.24,121.82,85.79,82.22,1,car,1
128,13,1406.11,121.32,102.7,89.17,1,car,1
128,14,563.14,117.81,92.88,73.61,1,car,1
128,15,429.97,115.93,100.43,78.73,1,car,1
129,2,1257.76,213.54,190.02,181.82,1,car,1
129,12,1507.99,121.81,86.15,82.74,1,car,1
129,13,1399.42,120.28,96.25,84.15,1,car,1
129,14,562.82,117.81,93.29,73.67,1,car,1
129,15,429.97,115.96,100.45,78.73,1,car,1
130,2,1257.2,210.49,194.77,194.14,1,car,1
130,12,1507.73,121.8,86.51,83.26,1,car,1
130,13,1392.74,119.23,89.81,79.14,1,car,1
130,14,562.51,117.81,93.7,73.73,1,car,1
130,15,429.98,116.0,100.48,78.74,1,car,1
131,2,1256.64,207.43,199.53,206.47,1,car,1
131,12,1507.72,121.8,86.53,83.34,1,car,1
131,13,1386.06,118.19,83.36,74.12,1,car,1
131,14,562.19,117.81,94.11,73.79,1,car,1
131,15,429.99,116.03,100.5,78.74,1,car,1
132,2,1257.47,207.18,205.5,202.1,1,car,1
132,12,1507.72,121.8,86.54,83.43,1,car,1
132,13,1397.86,119.05,89.63,82.52,1,car,1
132,14,561.88,117.81,94.52,73.85,1,car,1
132,15,429.99,116.06,100.53,78.75,1,car,1
133,2,1258.29,206.93,211.47,197.74,1,car,1
133,12,1507.71,121.8,86.55,83.51,1,car,1
133,13,1409.66,119.92,95.9,90.93,1,car,1
133,14,562.45,117.85,93.95,73.88,1,car,1
133,15,430.0,116.1,100.55,78.75,1,car,1
134,2,1259.12,206.68,217.45,193.37,1,car,1
134,12,1507.71,121.8,86.57,83.59,1,car,1
134,13,1421.45,120.78,102.17,99.33,1,car,1
134,14,563.02,117.89,93.38,73.9,1,car,1
134,15,430.01,116.13,100.58,78.76,1,car,1
134,16,1380.55,118.49,91.07,79.71,1,car,1
135,2,1259.94,206.42,223.42,189.01,1,car,1
135,12,1507.7,121.8,86.58,83.68,1,car,1
135,13,1433.25,121.65,108.45,107.74,1,car,1
135,14,563.6,117.93,92.81,73.92,1,car,1
135,15,430.01,116.16,100.6,78.76,1,car,1
135,16,1381.3,118.47,90.0,78.67,1,car,1
136,2,1260.77,206.17,229.39,184.65,1,car,1
136,12,1507.7,121.8,86.59,83.76,1,car,1
136,13,1445.04,122.51,114.72,116.15,1,car,1
136,14,564.17,117.97,92.24,73.94,1,car,1
136,15,430.02,116.2,100.62,78.77,1,car,1
136,16,1382.05,118.45,88.93,77.63,1,car,1
137,2,1264.4,201.95,218.75,184.93,1,car,1
137,12,1507.69,121.8,86.61,83.85,1,car,1
137,13,1448.68,122.65,117.14,117.11,1,car,1
137,14,564.74,118.01,91.67,73.96,1,car,1
137,15,430.03,116.23,100.65,78.77,1,car,1
137,16,1382.81,118.42,87.86,76.59,1,car,1
138,2,1268.03,197.73,208.11,185.21,1,car,1
138,12,1507.69,121.8,86.62,83.93,1,car,1
138,13,1452.31,122.8,119.57,118.07,1,car,1
138,14,564.49,117.93,91.55,73.87,1,car,1
138,15,430.03,116.26,100.67,78.78,1,car,1
138,16,1383.56,118.4,86.79,75.56,1,car,1
139,2,1271.66,193.51,197.47,185.5,1,car,1
139,12,1507.68,121.8,86.64,84.01,1,car,1
139,13,1455.94,122.94,122.0,119.04,1,car,1
139,14,564.23,117.85,91.42,73.77,1,car,1
139,15,430.04,116.3,100.7,78.78,1,car,1
139,16,1384.32,118.38,85.72,74.52,1,car,1
140,2,1275.29,189.29,186.83,185.78,1,car,1
140,12,1507.68,121.8,86.65,84.1,1,car,1
140,13,1459.58,123.08,124.42,120.0,1,car,1
140,14,563.98,117.77,91.3,73.68,1,car,1
140,15,430.05,116.33,100.72,78.79,1,car,1
140,16,1383.58,118.46,86.73,74.31,1,car,1
141,2,1278.92,185.07,176.19,186.07,1,car,1
141,12,1507.67,121.8,86.66,84.18,1,car,1
141,13,1463.21,123.22,126.85,120.97,1,car,1
141,14,563.72,117.69,91.18,73.58,1,car,1
141,15,430.05,116.36,100.75,78.79,1,car,1
141,16,1382.83,118.54,87.75,74.1,1,car,1
142,2,1282.55,180.84,165.55,186.35,1,car,1
142,12,1507.67,121.8,86.68,84.27,1,car,1
142,13,1466.8,123.22,124.11,120.7,1,car,1
142,14,563.47,117.61,91.06,73.49,1,car,1
142,15,430.06,116.4,100.77,78.8,1,car,1
142,16,1382.09,118.62,88.76,73.89,1,car,1
143,2,1286.01,177.73,175.17,186.59,1,car,1
143,12,1507.66,121.8,86.69,84.35,1,car,1
143,13,1470.39,123.21,121.37,120.43,1,car,1
143,14,563.44,117.63,91.25,73.51,1,car,1
143,15,430.06,116.43,100.8,78.8,1,car,1
143,16,1381.35,118.71,89.78,73.68,1,car,1
144,2,1289.48,174.61,184.78,186.83,1,car,1
144,12,1507.66,121.8,86.71,84.43,1,car,1
144,13,1473.98,123.2,118.63,120.16,1,car,1
144,14,563.41,117.66,91.45,73.54,1,car,1
144,15,430.07,116.46,100.82,78.81,1,car,1
144,16,1380.61,118.79,90.79,73.47,1,car,1
145,2,1292.94,171.49,194.4,187.07,1,car,1
145,12,1507.65,121.8,86.72,84.52,1,car,1
145,13,1477.58,123.2,115.89,119.89,1,car,1
145,14,563.37,117.68,91.64,73.57,1,car,1
145,15,430.08,116.5,100.85,78.81,1,car,1
145,16,1381.82,118.86,89.89,73.18,1,car,1
146,2,1296.41,168.37,204.01,187.32,1,car,1
146,12,1507.65,121.8,86.73,84.6,1,car,1
146,13,1481.17,123.19,113.15,119.63,1,car,1
146,14,563.34,117.71,91.84,73.6,1,car,1
146,15,430.08,116.53,100.87,78.82,1,car,1
146,16,1383.02,118.93,88.98,72.89,1,car,1
147,2,1299.88,165.25,213.63,187.56,1,car,1
147,12,1507.64,121.8,86.75,84.68,1,car,1
147,13,1483.86,123.13,112.12,119.95,1,car,1
147,14,563.31,117.74,92.03,73.63,1,car,1
147,15,430.09,116.56,100.9,78.82,1,car,1
147,16,1384.23,119.01,88.08,72.61,1,car,1
148,2,1302.46,165.55,213.05,183.87,1,car,1
148,12,1507.64,121.8,86.76,84.77,1,car,1
148,13,1486.54,123.07,111.09,120.27,1,car,1
148,14,563.12,117.78,92.21,73.65,1,car,1
148,15,430.1,116.6,100.92,78.83,1,car,1
148,16,1385.44,119.08,87.17,72.32,1,car,1
149,2,1305.05,165.84,212.48,180.18,1,car,1
149,12,1507.63,121.8,86.78,84.85,1,car,1
149,13,1489.23,123.02,110.05,120.59,1,car,1
149,14,562.94,117.82,92.39,73.66,1,car,1
149,15,430.1,116.63,100.94,78.83,1,car,1
149,16,1386.64,119.15,86.27,72.04,1,car,1
150,2,1307.64,166.13,211.91,176.49,1,car,1
150,12,1507.63,121.8,86.79,84.94,1,car,1
150,13,1491.92,122.96,109.02,120.91,1,car,1
150,14,562.76,117.87,92.57,73.68,1,car,1
150,15,430.11,116.67,100.97,78.84,1,car,1
150,16,1385.53,119.1,87.26,73.19,1,car,1
151,2,1310.23,166.43,211.34,172.79,1,car,1
151,12,1507.62,121.8,86.8,85.02,1,car,1
151,13,1494.61,122.9,107.98,121.24,1,car,1
151,14,562.58,117.91,92.75,73.7,1,car,1
151,15,430.12,116.7,100.99,78.85,1,car,1
151,16,1384.42,119.06,88.26,74.34,1,car,1
152,2,1312.82,166.72,210.77,169.1,1,car,1
152,12,1507.62,121.8,86.82,85.1,1,car,1
152,13,1496.76,122.55,114.25,122.11,1,car,1
152,14,562.4,117.95,92.92,73.71,1,car,1
152,15,430.12,116.73,101.02,78.85,1,car,1
152,16,1383.31,119.01,89.26,75.5,1,car,1
153,2,1311.23,157.56,209.28,173.64,1,car,1
153,12,1507.61,121.8,86.83,85.19,1,car,1
153,13,1498.91,122.2,120.52,122.99,1,car,1
153,14,562.55,118.01,92.97,73.7,1,car,1
153,15,430.13,116.77,101.04,78.86,1,car,1
154,2,1309.65,148.39,207.79,178.18,1,car,1
154,12,1507.61,121.8,86.85,85.27,1,car,1
154,13,1501.06,121.85,126.79,123.86,1,car,1
154,14,562.71,118.07,93.01,73.68,1,car,1
154,15,430.14,116.8,101.07,78.86,1,car,1
155,2,1308.06,139.23,206.3,182.71,1,car,1
155,12,1507.6,121.8,86.86,85.36,1,car,1
155,13,1503.21,121.51,133.06,124.74,1,car,1
155,14,562.87,118.12,93.05,73.67,1,car,1
155,15,430.14,116.83,101.09,78.87,1,car,1
156,2,1306.47,130.06,204.8,187.25,1,car,1
156,12,1507.6,121.8,86.87,85.44,1,car,1
156,13,1505.36,121.16,139.32,125.61,1,car,1
156,14,563.03,118.18,93.09,73.65,1,car,1
156,15,430.15,116.87,101.12,78.87,1,car,1
157,2,1304.88,120.9,203.31,191.79,1,car,1
157,12,1507.59,121.8,86.89,85.52,1,car,1
157,13,1505.16,121.3,143.01,126.3,1,car,1
157,14,563.18,118.24,93.13,73.63,1,car,1
157,15,430.15,116.9,101.14,78.88,1,car,1
158,2,1303.22,121.88,203.09,188.22,1,car,1
158,12,1507.59,121.79,86.9,85.61,1,car,1
158,13,1504.95,121.44,146.69,126.99,1,car,1
158,14,563.11,118.22,93.28,73.65,1,car,1
158,15,430.16,116.93,101.17,78.88,1,car,1
159,2,1301.55,122.86,202.87,184.66,1,car,1
159,12,1507.58,121.79,86.92,85.69,1,car,1
159,13,1504.75,121.58,150.37,127.67,1,car,1
159,14,563.04,118.21,93.42,73.67,1,car,1
159,15,430.17,116.97,101.19,78.89,1,car,1
160,2,1299.89,123.84,202.65,181.1,1,car,1
160,12,1507.58,121.79,86.93,85.78,1,car,1
160,13,1504.54,121.72,154.05,128.36,1,car,1
160,14,562.97,118.19,93.57,73.69,1,car,1
160,15,430.17,117.0,101.22,78.89,1,car,1
161,2,1298.22,124.81,202.42,177.53,1,car,1
161,12,1507.57,121.79,86.94,85.86,1,car,1
161,13,1504.33,121.86,157.73,129.05,1,car,1
161,14,562.89,118.18,93.72,73.71,1,car,1
161,15,430.18,117.03,101.24,78.9,1,car,1
162,2,1296.56,125.79,202.2,173.97,1,car,1
162,12,1507.57,121.79,86.96,85.94,1,car,1
162,13,1503.08,122.17,159.03,128.9,1,car,1
162,14,562.82,118.17,93.87,73.73,1,car,1
162,15,430.19,117.07,101.26,78.9,1,car,1
163,2,1295.35,125.17,199.42,170.51,1,car,1
163,12,1507.56,121.79,86.97,86.03,1,car,1
163,13,1501.82,122.49,160.33,128.76,1,car,1
163,14,562.85,118.19,93.86,73.73,1,car,1
163,15,430.19,117.1,101.29,78.91,1,car,1
164,2,1294.13,124.55,196.64,167.05,1,car,1
164,12,1507.56,121.79,86.99,86.11,1,car,1
164,13,1500.56,122.8,161.63,128.61,1,car,1
164,14,562.88,118.2,93.86,73.74,1,car,1
164,15,430.2,117.13,101.31,78.91,1,car,1
165,2,1292.92,123.93,193.86,163.58,1,car,1
165,12,1507.56,121.79,87.0,86.2,1,car,1
165,13,1499.31,123.12,162.93,128.47,1,car,1
165,14,562.91,118.22,93.86,73.74,1,car,1
165,15,430.21,117.17,101.34,78.92,1,car,1
166,2,1291.71,123.31,191.08,160.12,1,car,1
166,12,1507.55,121.79,87.01,86.28,1,car,1
166,13,1498.05,123.43,164.23,128.32,1,car,1
166,14,562.94,118.24,93.86,73.75,1,car,1
166,15,430.21,117.2,101.36,78.92,1,car,1
167,2,1290.5,122.69,188.3,156.66,1,car,1
167,12,1507.55,121.79,87.03,86.36,1,car,1
167,13,1499.19,123.13,163.15,129.23,1,car,1
167,14,562.97,118.26,93.86,73.75,1,car,1
167,15,430.22,117.23,101.39,78.93,1,car,1
168,2,1289.41,122.14,188.08,154.58,1,car,1
168,12,1507.54,121.79,87.04,86.45,1,car,1
168,13,1500.34,122.82,162.08,130.14,1,car,1
168,14,562.97,118.24,93.9,73.81,1,car,1
168,15,430.23,117.27,101.41,78.93,1,car,1
169,2,1288.33,121.59,187.87,152.5,1,car,1
169,12,1507.54,121.79,87.05,86.53,1,car,1
169,13,1501.48,122.51,161.01,131.04,1,car,1
169,14,562.97,118.23,93.94,73.86,1,car,1
169,15,430.23,117.3,101.44,78.94,1,car,1
170,2,1287.25,121.04,187.65,150.42,1,car,1
170,12,1507.53,121.79,87.07,86.62,1,car,1
170,13,1502.62,122.21,159.94,131.95,1,car,1
170,14,562.96,118.21,93.97,73.92,1,car,1
170,15,430.24,117.34,101.46,78.94,1,car,1
171,2,1286.16,120.49,187.43,148.34,1,car,1
171,12,1507.53,121.79,87.08,86.7,1,car,1
171,13,1503.77,121.9,158.86,132.86,1,car,1
171,14,562.96,118.19,94.01,73.97,1,car,1
171,15,430.24,117.37,101.49,78.95,1,car,1
172,2,1285.08,119.94,187.21,146.26,1,car,1
172,12,1507.52,121.79,87.1,86.78,1,car,1
172,13,1503.73,121.88,158.97,132.38,1,car,1
172,14,562.96,118.18,94.05,74.03,1,car,1
172,15,430.25,117.4,101.51,78.95,1,car,1
173,2,1284.89,117.24,186.49,145.14,1,car,1
173,12,1507.52,121.79,87.11,86.87,1,car,1
173,13,1503.7,121.86,159.08,131.91,1,car,1
173,14,562.99,118.16,94.01,74.03,1,car,1
173,15,430.26,117.44,101.54,78.96,1,car,1
174,2,1284.71,114.54,185.76,144.03,1,car,1
174,12,1507.51,121.79,87.12,86.95,1,car,1
174,13,1503.66,121.83,159.18,131.43,1,car,1
174,14,563.03,118.13,93.97,74.03,1,car,1
174,15,430.26,117.47,101.56,78.97,1,car,1
175,2,1284.53,111.83,185.04,142.92,1,car,1
175,12,1507.51,121.79,87.14,87.04,1,car,1
175,13,1503.63,121.81,159.29,130.96,1,car,1
175,14,563.06,118.11,93.93,74.03,1,car,1
175,15,430.27,117.5,101.58,78.97,1,car,1
176,2,1284.34,109.13,184.31,141.8,1,car,1
176,12,1507.5,121.79,87.15,87.12,1,car,1
176,13,1503.6,121.78,159.39,130.48,1,car,1
176,14,563.1,118.09,93.89,74.03,1,car,1
176,15,430.28,117.54,101.61,78.98,1,car,1
177,2,1284.16,106.43,183.58,140.69,1,car,1
177,12,1507.5,121.79,87.17,87.2,1,car,1
177,13,1503.5,121.76,159.46,130.96,1,car,1
177,14,563.13,118.07,93.85,74.03,1,car,1
177,15,430.28,117.57,101.63,78.98,1,car,1
178,2,1284.47,104.46,181.29,140.57,1,car,1
178,12,1507.49,121.79,87.18,87.29,1,car,1
178,13,1503.39,121.74,159.53,131.44,1,car,1
178,14,563.28,118.06,93.71,74.07,1,car,1
178,15,430.29,117.6,101.66,78.99,1,car,1
179,2,1284.78,102.49,179.0,140.44,1,car,1
179,12,1507.49,121.79,87.19,87.37,1,car,1
179,13,1503.29,121.71,159.6,131.92,1,car,1
179,14,563.44,118.05,93.56,74.11,1,car,1
179,15,430.3,117.64,101.68,78.99,1,car,1
180,2,1285.09,100.52,176.71,140.32,1,car,1
180,12,1507.48,121.79,87.21,87.46,1,car,1
180,13,1503.19,121.69,159.67,132.4,1,car,1
180,14,563.59,118.04,93.42,74.15,1,car,1
180,15,430.3,117.67,101.71,79.0,1,car,1
181,2,1285.4,98.55,174.42,140.19,1,car,1
181,12,1507.48,121.79,87.22,87.54,1,car,1
181,13,1503.09,121.67,159.74,132.87,1,car,1
181,14,563.75,118.03,93.27,74.19,1,car,1
181,15,430.31,117.7,101.73,79.0,1,car,1
182,2,1285.71,96.58,172.13,140.07,1,car,1
182,12,1507.47,121.79,87.24,87.62,1,car,1
182,13,1503.04,121.64,159.76,133.22,1,car,1
182,14,563.9,118.02,93.12,74.23,1,car,1
182,15,430.32,117.74,101.76,79.01,1,car,1
183,2,1287.12,100.79,173.7,132.67,1,car,1
183,12,1507.47,121.79,87.25,87.71,1,car,1
183,13,1502.99,121.62,159.78,133.56,1,car,1
183,14,564.0,117.99,92.68,74.09,1,car,1
183,15,430.32,117.77,101.78,79.01,1,car,1
184,2,1288.54,104.99,175.27,125.28,1,car,1
184,12,1507.46,121.79,87.26,87.79,1,car,1
184,13,1502.94,121.59,159.8,133.9,1,car,1
184,14,564.1,117.95,92.24,73.95,1,car,1
184,15,430.33,117.8,101.81,79.02,1,car,1
185,2,1289.95,109.2,176.84,117.88,1,car,1
185,12,1507.46,121.79,87.28,87.87,1,car,1
185,13,1502.89,121.57,159.81,134.24,1,car,1
185,14,564.21,117.92,91.8,73.81,1,car,1
185,15,430.33,117.84,101.83,79.02,1,car,1
186,2,1291.37,113.4,178.4,110.48,1,car,1
186,12,1507.45,121.79,87.29,87.96,1,car,1
186,13,1502.83,121.54,159.83,134.58,1,car,1
186,14,564.31,117.89,91.35,73.67,1,car,1
186,15,430.34,117.87,101.86,79.03,1,car,1
187,2,1292.78,117.61,179.97,103.08,1,car,1
187,12,1507.45,121.79,87.31,88.04,1,car,1
187,13,1503.04,121.55,159.84,135.62,1,car,1
187,14,564.41,117.86,90.91,73.53,1,car,1
187,15,430.35,117.9,101.88,79.03,1,car,1
188,2,1294.57,104.66,178.3,115.07,1,car,1
188,12,1507.44,121.79,87.32,88.13,1,car,1
188,13,1503.25,121.56,159.85,136.66,1,car,1
188,14,564.6,117.89,90.73,73.5,1,car,1
188,15,430.35,117.94,101.9,79.04,1,car,1
189,2,1296.35,91.71,176.63,127.07,1,car,1
189,12,1507.44,121.79,87.33,88.21,1,car,1
189,13,1503.45,121.57,159.86,137.7,1,car,1
189,14,564.79,117.92,90.54,73.48,1,car,1
189,15,430.36,117.97,101.93,79.04,1,car,1
190,2,1298.14,78.76,174.96,139.06,1,car,1
190,12,1507.43,121.79,87.35,88.29,1,car,1
190,13,1503.66,121.58,159.87,138.74,1,car,1
190,14,564.98,117.94,90.35,73.46,1,car,1
190,15,430.37,118.0,101.95,79.05,1,car,1
191,2,1299.92,65.81,173.29,151.05,1,car,1
191,12,1507.43,121.79,87.36,88.38,1,car,1
191,13,1503.86,121.58,159.87,139.78,1,car,1
191,14,565.17,117.97,90.17,73.44,1,car,1
191,15,430.37,118.04,101.98,79.05,1,car,1
192,2,1301.71,52.86,171.61,163.04,1,car,1
192,12,1507.42,121.79,87.38,88.46,1,car,1
192,13,1503.91,129.44,159.76,133.7,1,car,1
192,14,565.36,118.0,89.98,73.41,1,car,1
192,15,430.38,118.07,102.0,79.06,1,car,1
193,2,1302.28,61.63,170.28,152.74,1,car,1
193,12,1507.42,121.79,87.39,88.55,1,car,1
193,13,1503.95,137.3,159.64,127.62,1,car,1
193,14,565.51,117.99,90.13,73.61,1,car,1
193,15,430.39,118.11,102.03,79.06,1,car,1
194,2,1302.85,70.4,168.95,142.43,1,car,1
194,12,1507.41,121.79,87.4,88.63,1,car,1
194,13,1504.0,145.17,159.52,121.54,1,car,1
194,14,565.67,117.98,90.29,73.81,1,car,1
194,15,430.39,118.14,102.05,79.07,1,car,1
195,2,1303.42,79.18,167.62,132.12,1,car,1
195,12,1507.41,121.79,87.42,88.71,1,car,1
195,13,1504.04,153.03,159.4,115.46,1,car,1
195,14,565.83,117.97,90.44,74.0,1,car,1
195,15,430.4,118.17,102.08,79.08,1,car,1
196,2,1303.99,87.95,166.29,121.82,1,car,1
196,12,1507.4,121.79,87.43,88.8,1,car,1
196,13,1504.09,160.89,159.28,109.38,1,car,1
196,14,565.99,117.96,90.59,74.2,1,car,1
196,15,430.41,118.21,102.1,79.08,1,car,1
197,2,1304.56,96.72,164.96,111.51,1,car,1
197,12,1507.4,121.79,87.44,88.88,1,car,1
197,13,1501.16,153.64,151.68,118.13,1,car,1
197,14,566.14,117.95,90.74,74.39,1,car,1
197,15,430.41,118.24,102.13,79.09,1,car,1
198,2,1304.69,87.7,165.45,121.34,1,car,1
198,12,1507.39,121.79,87.46,88.97,1,car,1
198,13,1498.23,146.39,144.08,126.88,1,car,1
198,14,565.53,117.95,91.26,74.18,1,car,1
198,15,430.42,118.27,102.15,79.09,1,car,1
199,2,1304.81,78.67,165.94,131.16,1,car,1
199,12,1507.39,121.79,87.47,89.05,1,car,1
199,13,1495.3,139.14,136.48,135.63,1,car,1
199,14,564.92,117.94,91.77,73.97,1,car,1
199,15,430.42,118.31,102.18,79.1,1,car,1
200,2,1304.93,69.65,166.43,140.99,1,car,1
200,12,1507.38,121.79,87.49,89.13,1,car,1
200,13,1492.37,131.89,128.88,144.38,1,car,1
200,14,564.31,117.94,92.28,73.76,1,car,1
200,15,430.43,118.34,102.2,79.1,1,car,1
201,2,1305.05,60.62,166.92,150.82,1,car,1
201,12,1507.38,121.79,87.5,89.22,1,car,1
201,13,1489.44,124.64,121.28,153.13,1,car,1
201,14,563.7,117.94,92.79,73.55,1,car,1
201,15,430.44,118.37,102.22,79.11,1,car,1
202,2,1305.17,51.6,167.41,160.64,1,car,1
202,12,1507.37,121.78,87.51,89.3,1,car,1
202,13,1486.55,132.46,122.38,147.84,1,car,1
202,14,563.09,117.94,93.3,73.34,1,car,1
202,15,430.44,118.41,102.25,79.11,1,car,1
203,2,1308.62,64.58,163.6,147.85,1,car,1
203,12,1507.37,121.78,87.53,89.39,1,car,1
203,13,1483.65,140.28,123.49,142.54,1,car,1
203,14,563.23,117.92,93.22,73.37,1,car,1
203,15,430.45,118.44,102.27,79.12,1,car,1
204,2,1312.08,77.55,159.8,135.06,1,car,1
204,12,1507.36,121.78,87.54,89.47,1,car,1
204,13,1480.76,148.1,124.6,137.25,1,car,1
204,14,563.36,117.9,93.15,73.39,1,car,1
204,15,430.46,118.47,102.3,79.12,1,car,1
205,2,1315.53,90.53,155.99,122.27,1,car,1
205,12,1507.36,121.78,87.56,89.55,1,car,1
205,13,1477.87,155.92,125.7,131.95,1,car,1
205,14,563.5,117.89,93.07,73.42,1,car,1
205,15,430.46,118.51,102.32,79.13,1,car,1
206,2,1318.98,103.51,152.18,109.47,1,car,1
206,12,1507.35,121.78,87.57,89.64,1,car,1
206,13,1474.98,163.74,126.81,126.66,1,car,1
206,14,563.64,117.87,92.99,73.44,1,car,1
206,15,430.47,118.54,102.35,79.13,1,car,1
207,2,1322.43,116.48,148.37,96.68,1,car,1
207,12,1507.35,121.78,87.58,89.72,1,car,1
207,13,1470.99,159.33,131.03,133.21,1,car,1
207,14,563.78,117.86,92.92,73.46,1,car,1
207,15,430.48,118.57,102.37,79.14,1,car,1
208,2,1319.28,112.27,150.97,100.31,1,car,1
208,12,1507.34,121.78,87.6,89.81,1,car,1
208,13,1467.01,154.92,135.25,139.76,1,car,1
208,14,563.55,117.86,93.22,73.55,1,car,1
208,15,430.48,118.61,102.4,79.14,1,car,1
209,2,1316.13,108.05,153.57,103.94,1,car,1
209,12,1507.34,121.78,87.61,89.89,1,car,1
209,13,1463.03,150.51,139.47,146.3,1,car,1
209,14,563.32,117.87,93.52,73.64,1,car,1
209,15,430.49,118.64,102.42,79.15,1,car,1
210,2,1312.98,103.84,156.17,107.57,1,car,1
210,12,1507.33,121.78,87.63,89.97,1,car,1
210,13,1459.05,146.09,143.69,152.85,1,car,1
210,14,563.1,117.88,93.82,73.72,1,car,1
210,15,430.5,118.67,102.45,79.15,1,car,1
211,2,1309.83,99.62,158.77,111.2,1,car,1
211,12,1507.33,121.78,87.64,90.06,1,car,1
211,13,1455.06,141.68,147.91,159.4,1,car,1
211,14,562.87,117.88,94.12,73.81,1,car,1
211,15,430.5,118.71,102.47,79.16,1,car,1
212,2,1306.68,95.41,161.37,114.83,1,car,1
212,12,1507.32,121.78,87.65,90.14,1,car,1
212,13,1451.86,144.93,145.75,159.48,1,car,1
212,14,562.64,117.89,94.42,73.9,1,car,1
212,15,430.51,118.74,102.5,79.16,1,car,1
213,2,1307.52,93.03,159.39,115.34,1,car,1
213,12,1507.32,121.78,87.67,90.23,1,car,1
213,13,1448.65,148.17,143.6,159.55,1,car,1
213,14,562.66,117.89,94.36,73.85,1,car,1
213,15,430.51,118.78,102.52,79.17,1,car,1
214,2,1308.35,90.65,157.41,115.86,1,car,1
214,12,1507.78,121.79,87.24,87.85,1,car,1
214,13,1445.44,151.42,141.44,159.63,1,car,1
214,14,562.67,117.88,94.31,73.8,1,car,1
214,15,430.52,118.81,102.54,79.17,1,car,1
215,2,1309.19,88.27,155.43,116.37,1,car,1
215,12,1508.23,121.79,86.81,85.48,1,car,1
215,13,1442.24,154.67,139.29,159.7,1,car,1
215,14,562.69,117.88,94.26,73.75,1,car,1
215,15,430.53,118.84,102.57,79.18,1,car,1
216,2,1310.02,85.89,153.46,116.88,1,car,1
216,12,1508.69,121.8,86.38,83.11,1,car,1
216,13,1439.03,157.91,137.13,159.77,1,car,1
216,14,562.7,117.88,94.2,73.7,1,car,1
216,15,430.53,118.88,102.59,79.18,1,car,1
217,2,1310.86,83.52,151.48,117.39,1,car,1
217,12,1509.15,121.81,85.95,80.74,1,car,1
217,13,1434.89,163.15,137.22,158.26,1,car,1
217,14,562.72,117.87,94.15,73.64,1,car,1
217,15,430.54,118.91,102.62,79.19,1,car,1
218,2,1323.84,90.62,141.16,112.42,1,car,1
218,12,1509.61,121.81,85.52,78.37,1,car,1
218,13,1430.76,168.38,137.31,156.75,1,car,1
218,14,562.73,117.87,94.09,73.59,1,car,1
218,15,430.55,118.94,102.64,79.2,1,car,1
219,2,1336.81,97.72,130.83,107.45,1,car,1
219,12,1510.07,121.82,85.09,76.0,1,car,1
219,13,1426.62,173.62,137.4,155.25,1,car,1
219,14,562.75,117.87,94.04,73.54,1,car,1
219,15,430.55,118.98,102.67,79.2,1,car,1
220,2,1349.79,104.82,120.51,102.48,1,car,1
220,12,1509.12,121.83,86.2,78.33,1,car,1
220,13,1422.49,178.85,137.48,153.74,1,car,1
220,14,562.72,117.88,94.12,73.51,1,car,1
220,15,430.56,119.01,102.69,79.21,1,car,1
221,2,1362.77,111.91,110.19,97.51,1,car,1
221,12,1508.16,121.85,87.32,80.67,1,car,1
221,13,1418.35,184.09,137.57,152.23,1,car,1
221,14,562.69,117.89,94.2,73.48,1,car,1
221,15,430.57,119.04,102.72,79.21,1,car,1
222,2,1375.75,119.01,99.86,92.54,1,car,1
222,12,1507.21,121.87,88.43,83.0,1,car,1
222,13,1414.22,189.33,137.66,150.72,1,car,1
222,14,562.66,117.9,94.28,73.46,1,car,1
222,15,430.57,119.08,102.74,79.22,1,car,1
223,2,1362.4,113.78,104.77,95.77,1,car,1
223,12,1506.25,121.89,89.54,85.33,1,car,1
223,13,1410.61,192.53,140.03,152.42,1,car,1
223,14,562.62,117.91,94.36,73.43,1,car,1
223,15,430.58,119.11,102.77,79.22,1,car,1
224,2,1349.04,108.55,109.68,99.0,1,car,1
224,12,1505.3,121.91,90.65,87.66,1,car,1
224,13,1407.01,195.73,142.4,154.12,1,car,1
224,14,562.59,117.91,94.44,73.4,1,car,1
224,15,430.59,119.14,102.79,79.23,1,car,1
225,2,1335.69,103.31,114.59,102.23,1,car,1
225,12,1505.14,121.92,90.77,87.68,1,car,1
225,13,1403.41,198.93,144.78,155.82,1,car,1
225,14,562.81,117.93,94.36,73.43,1,car,1
225,15,430.59,119.18,102.81,79.23,1,car,1
226,2,1322.34,98.08,119.49,105.46,1,car,1
226,12,1504.99,121.93,90.9,87.7,1,car,1
226,13,1399.81,202.13,147.15,157.53,1,car,1
226,14,563.03,117.94,94.28,73.46,1,car,1
226,15,430.6,119.21,102.84,79.24,1,car,1
227,2,1308.99,92.84,124.4,108.7,1,car,1
227,12,1504.83,121.95,91.02,87.72,1,car,1
227,13,1396.2,205.33,149.52,159.23,1,car,1
227,14,563.24,117.95,94.2,73.5,1,car,1
227,15,430.6,119.24,102.86,79.24,1,car,1
228,2,1320.46,97.97,121.17,105.33,1,car,1
228,12,1504.68,121.96,91.14,87.74,1,car,1
228,13,1393.47,207.85,148.87,161.05,1,car,1
228,14,563.46,117.96,94.12,73.53,1,car,1
228,15,430.61,119.28,102.89,79.25,1,car,1
229,2,1331.94,103.1,117.93,101.96,1,car,1
229,12,1504.53,121.97,91.26,87.76,1,car,1
229,13,1390.74,210.36,148.21,162.88,1,car,1
229,14,563.68,117.98,94.04,73.56,1,car,1
229,15,430.62,119.31,102.91,79.25,1,car,1
230,2,1343.41,108.22,114.69,98.59,1,car,1
230,12,1504.56,121.98,91.26,87.62,1,car,1
230,13,1388.0,212.87,147.55,164.7,1,car,1
230,14,563.27,117.93,94.77,74.6,1,car,1
230,15,430.62,119.34,102.94,79.26,1,car,1
231,2,1354.89,113.35,111.46,95.23,1,car,1
231,12,1504.6,121.98,91.25,87.49,1,car,1
231,13,1385.27,215.39,146.89,166.53,1,car,1
231,14,562.87,117.89,95.5,75.64,1,car,1
231,15,430.63,119.38,102.96,79.26,1,car,1
232,2,1366.36,118.48,108.22,91.86,1,car,1
232,12,1504.64,121.99,91.24,87.35,1,car,1
232,13,1382.54,217.9,146.23,168.35,1,car,1
232,14,562.47,117.84,96.24,76.69,1,car,1
232,15,430.64,119.41,102.99,79.27,1,car,1
233,2,1354.97,113.53,119.58,96.95,1,car,1
233,12,1504.67,121.99,91.23,87.22,1,car,1
233,13,1377.04,221.69,149.73,171.4,1,car,1
233,14,562.07,117.79,96.97,77.73,1,car,1
233,15,430.64,119.44,103.01,79.27,1,car,1
234,2,1343.58,108.58,130.95,102.05,1,car,1
234,12,1504.71,122.0,91.22,87.08,1,car,1
234,13,1371.53,225.48,153.23,174.45,1,car,1
234,14,561.67,117.75,97.7,78.77,1,car,1
234,15,430.65,119.48,103.04,79.28,1,car,1
235,2,1332.19,103.63,142.31,107.14,1,car,1
235,12,1504.81,122.0,91.13,86.99,1,car,1
235,13,1366.03,229.26,156.73,177.5,1,car,1
235,14,561.85,117.8,96.08,77.79,1,car,1
235,15,430.66,119.51,103.06,79.28,1,car,1
236,2,1320.8,98.67,153.67,112.24,1,car,1
236,12,1504.9,122.0,91.04,86.89,1,car,1
236,13,1360.53,233.05,160.23,180.55,1,car,1
236,14,562.04,117.86,94.45,76.82,1,car,1
236,15,430.66,119.55,103.09,79.29,1,car,1
237,2,1309.41,93.72,165.03,117.33,1,car,1
237,12,1505.0,122.0,90.95,86.79,1,car,1
237,13,1355.03,236.84,163.73,183.61,1,car,1
237,14,562.23,117.91,92.83,75.85,1,car,1
237,15,430.67,119.58,103.11,79.29,1,car,1
238,2,1321.79,98.81,152.5,111.63,1,car,1
238,12,1505.1,122.0,90.86,86.7,1,car,1
238,13,1352.41,240.41,164.69,186.04,1,car,1
238,14,562.42,117.97,91.2,74.87,1,car,1
238,15,430.68,119.61,103.13,79.3,1,car,1
239,2,1334.16,103.89,139.97,105.92,1,car,1
239,12,1505.19,122.01,90.77,86.6,1,car,1
239,13,1349.79,243.97,165.65,188.47,1,car,1
239,14,562.61,118.02,89.57,73.9,1,car,1
239,15,430.68,119.65,103.16,79.3,1,car,1
240,2,1346.53,108.97,127.44,100.21,1,car,1
240,12,1505.4,122.01,90.53,86.54,1,car,1
240,13,1347.17,247.54,166.62,190.91,1,car,1
240,14,562.65,118.02,90.1,73.81,1,car,1
240,15,430.69,119.68,103.18,79.31,1,car,1
241,2,1358.91,114.06,114.9,94.5,1,car,1
241,12,1505.62,122.02,90.3,86.48,1,car,1
241,13,1344.54,251.11,167.58,193.34,1,car,1
241,14,562.7,118.01,90.64,73.71,1,car,1
241,15,430.69,119.71,103.21,79.32,1,car,1
242,2,1371.28,119.14,102.37,88.79,1,car,1
242,12,1505.83,122.03,90.06,86.42,1,car,1
242,13,1341.92,254.67,168.54,195.78,1,car,1
242,14,562.75,118.01,91.17,73.62,1,car,1
242,15,430.7,119.75,103.23,79.32,1,car,1
243,2,1357.97,113.39,115.18,94.89,1,car,1
243,12,1506.04,122.04,89.83,86.36,1,car,1
243,13,1341.67,258.32,170.6,198.36,1,car,1
243,14,562.79,118.0,91.7,73.53,1,car,1
243,15,430.71,119.78,103.26,79.33,1,car,1
244,2,1344.66,107.64,127.99,100.98,1,car,1
244,12,1506.25,122.05,89.59,86.3,1,car,1
244,13,1341.41,261.97,172.67,200.94,1,car,1
244,14,562.84,118.0,92.23,73.43,1,car,1
244,15,430.71,119.81,103.28,79.33,1,car,1
245,2,1331.35,101.89,140.8,107.08,1,car,1
245,12,1506.41,122.05,89.43,86.03,1,car,1
245,13,1341.15,265.62,174.73,203.53,1,car,1
245,14,562.89,117.99,92.76,73.34,1,car,1
245,15,430.72,119.85,103.31,79.34,1,car,1
246,2,1318.04,96.14,153.61,113.17,1,car,1
246,12,1506.58,122.05,89.26,85.76,1,car,1
246,13,1340.9,269.27,176.79,206.11,1,car,1
246,14,562.61,118.11,92.96,73.23,1,car,1
246,15,430.73,119.88,103.33,79.34,1,car,1
247,2,1304.73,90.39,166.42,119.26,1,car,1
247,12,1506.75,122.05,89.09,85.49,1,car,1
247,13,1340.64,272.92,178.85,208.7,1,car,1
247,14,562.33,118.22,93.16,73.12,1,car,1
247,15,430.73,119.91,103.36,79.35,1,car,1
248,2,1304.59,92.03,166.87,117.05,1,car,1
248,12,1506.92,122.05,88.93,85.22,1,car,1
248,13,1342.55,276.77,180.94,211.28,1,car,1
248,14,562.06,118.34,93.36,73.02,1,car,1
248,15,430.74,119.95,103.38,79.35,1,car,1
249,2,1304.46,93.67,167.33,114.84,1,car,1
249,12,1507.08,122.05,88.76,84.95,1,car,1
249,13,1344.47,280.62,183.03,213.85,1,car,1
249,14,561.78,118.46,93.56,72.91,1,car,1
249,15,430.75,119.98,103.41,79.36,1,car,1
250,2,1304.32,95.31,167.79,112.63,1,car,1
250,12,1507.08,122.05,88.77,84.73,1,car,1
250,13,1346.38,284.48,185.13,216.43,1,car,1
250,14,561.5,118.57,93.76,72.8,1,car,1
250,15,430.75,120.01,103.43,79.36,1,car,1
251,2,1304.19,96.95,168.25,110.41,1,car,1
251,12,1507.07,122.04,88.78,84.5,1,car,1
251,13,1348.29,288.33,187.22,219.01,1,car,1
251,14,561.74,118.45,93.44,72.83,1,car,1
251,15,430.76,120.05,103.45,79.37,1,car,1
252,2,1304.05,98.59,168.7,108.2,1,car,1
252,12,1507.07,122.03,88.78,84.28,1,car,1
252,13,1350.21,292.19,189.31,221.59,1,car,1
252,14,561.98,118.32,93.12,72.86,1,car,1
252,15,430.77,120.08,103.48,79.37,1,car,1
253,2,1304.5,96.97,168.52,110.45,1,car,1
253,12,1507.06,122.03,88.79,84.05,1,car,1
253,13,1355.87,296.33,188.82,222.63,1,car,1
253,14,562.22,118.19,92.8,72.88,1,car,1
253,15,430.77,120.11,103.5,79.38,1,car,1
254,2,1304.94,95.36,168.34,112.71,1,car,1
254,12,1507.06,122.02,88.8,83.83,1,car,1
254,13,1361.52,300.48,188.33,223.67,1,car,1
254,14,562.46,118.06,92.48,72.91,1,car,1
254,15,430.78,120.15,103.53,79.38,1,car,1
255,2,1305.38,93.74,168.16,114.96,1,car,1
255,12,1507.07,122.02,88.83,83.83,1,car,1
255,13,1367.18,304.62,187.83,224.71,1,car,1
255,14,562.7,117.93,92.15,72.94,1,car,1
255,15,431.0,120.28,103.24,79.37,1,car,1
256,2,1305.83,92.13,167.98,117.21,1,car,1
256,12,1507.08,122.03,88.85,83.83,1,car,1
256,13,1372.84,308.77,187.34,225.75,1,car,1
256,14,562.97,117.99,91.92,72.86,1,car,1
256,15,431.23,120.41,102.96,79.35,1,car,1
257,2,1306.27,90.52,167.8,119.46,1,car,1
257,12,1507.09,122.04,88.88,83.83,1,car,1
257,13,1378.5,312.91,186.84,226.79,1,car,1
257,14,563.24,118.04,91.69,72.79,1,car,1
257,15,431.46,120.54,102.67,79.34,1,car,1
258,2,1306.88,95.85,167.03,113.62,1,car,1
258,12,1507.11,122.04,88.9,83.83,1,car,1
258,13,1385.1,313.62,187.23,227.73,1,car,1
258,14,563.51,118.09,91.46,72.71,1,car,1
258,15,431.68,120.67,102.39,79.32,1,car,1
259,2,1307.48,101.18,166.25,107.79,1,car,1
259,12,1507.12,122.05,88.93,83.83,1,car,1
259,13,1391.71,314.33,187.62,228.67,1,car,1
259,14,563.78,118.15,91.23,72.64,1,car,1
259,15,431.91,120.81,102.11,79.3,1,car,1
259,17,320.94,120.47,97.24,80.27,1,car,1
260,2,1308.09,106.51,165.48,101.95,1,car,1
260,12,1507.12,122.04,88.96,83.79,1,car,1
260,13,1398.31,315.04,188.0,229.6,1,car,1
260,14,564.05,118.2,91.0,72.56,1,car,1
260,15,432.13,120.94,101.82,79.29,1,car,1
260,17,320.87,120.44,96.69,80.23,1,car,1
261,2,1308.69,111.85,164.7,96.11,1,car,1
261,12,1507.11,122.04,88.99,83.75,1,car,1
261,13,1404.92,315.75,188.39,230.54,1,car,1
261,14,563.76,118.17,91.76,72.85,1,car,1
261,15,432.36,121.07,101.54,79.27,1,car,1
261,17,320.8,120.41,96.14,80.18,1,car,1
262,2,1309.3,117.18,163.92,90.27,1,car,1
262,12,1507.11,122.03,89.02,83.71,1,car,1
262,13,1411.52,316.46,188.78,231.48,1,car,1
262,14,563.47,118.14,92.52,73.14,1,car,1
262,15,432.98,120.99,100.78,78.64,1,car,1
262,17,320.73,120.38,95.59,80.13,1,car,1
263,2,1308.04,113.04,165.22,95.41,1,car,1
263,12,1507.11,122.03,89.05,83.67,1,car,1
263,13,1418.83,317.46,188.37,231.65,1,car,1
263,14,563.19,118.11,93.28,73.42,1,car,1
263,15,433.6,120.91,100.03,78.01,1,car,1
263,17,320.66,120.35,95.05,80.09,1,car,1
264,2,1306.78,108.9,166.52,100.55,1,car,1
264,12,1507.1,122.02,89.08,83.63,1,car,1
264,13,1426.15,318.46,187.96,231.81,1,car,1
264,14,562.9,118.07,94.05,73.71,1,car,1
264,15,434.23,120.83,99.28,77.38,1,car,1
264,17,320.59,120.31,94.5,80.04,1,car,1
265,2,1305.51,104.76,167.83,105.68,1,car,1
265,12,1507.13,122.02,89.03,83.6,1,car,1
265,13,1433.46,319.46,187.56,231.98,1,car,1
265,14,562.61,118.04,94.81,74.0,1,car,1
265,15,434.85,120.75,98.53,76.75,1,car,1
265,17,320.6,120.35,94.68,80.55,1,car,1
266,2,1304.25,100.62,169.13,110.82,1,car,1
266,12,1507.17,122.02,88.98,83.57,1,car,1
266,13,1440.77,320.47,187.15,232.15,1,car,1
266,14,562.78,118.03,94.39,74.03,1,car,1
266,15,435.47,120.67,97.78,76.11,1,car,1
266,17,320.62,120.38,94.86,81.06,1,car,1
267,2,1302.99,96.48,170.43,115.96,1,car,1
267,12,1507.2,122.03,88.92,83.55,1,car,1
267,13,1448.09,321.47,186.74,232.32,1,car,1
267,14,562.96,118.03,93.98,74.06,1,car,1
267,15,436.1,120.59,97.03,75.48,1,car,1
267,17,320.63,120.41,95.05,81.56,1,car,1
268,2,1317.74,101.02,155.78,110.58,1,car,1
268,12,1507.23,122.03,88.87,83.52,1,car,1
268,13,1454.3,322.54,186.83,232.48,1,car,1
268,14,563.13,118.02,93.56,74.1,1,car,1
268,15,436.72,120.51,96.28,74.85,1,car,1
268,17,320.65,120.45,95.23,82.07,1,car,1
269,2,1332.49,105.55,141.12,105.2,1,car,1
269,12,1507.26,122.03,88.82,83.49,1,car,1
269,13,1460.51,323.62,186.92,232.63,1,car,1
269,14,563.3,118.02,93.15,74.13,1,car,1
269,15,437.34,120.43,95.53,74.22,1,car,1
269,17,320.67,120.48,95.41,82.58,1,car,1
270,2,1347.24,110.09,126.47,99.82,1,car,1
270,12,1507.34,122.01,88.74,83.22,1,car,1
270,13,1466.72,324.7,187.01,232.79,1,car,1
270,14,563.47,118.01,92.74,74.17,1,car,1
270,15,437.97,120.35,94.78,73.59,1,car,1
270,17,320.68,120.51,95.59,83.09,1,car,1
271,2,1361.99,114.63,111.82,94.44,1,car,1
271,12,1507.42,121.99,88.67,82.95,1,car,1
271,13,1472.93,325.78,187.09,232.95,1,car,1
271,14,563.43,118.04,92.96,74.25,1,car,1
271,15,437.44,120.34,95.39,74.46,1,car,1
271,17,320.7,120.55,95.78,83.59,1,car,1
272,2,1376.74,119.17,97.17,89.06,1,car,1
272,12,1507.51,121.98,88.59,82.68,1,car,1
272,13,1479.14,326.85,187.18,233.11,1,car,1
272,14,563.39,118.08,93.18,74.34,1,car,1
272,15,436.92,120.34,96.0,75.34,1,car,1
272,17,320.72,120.58,95.96,84.1,1,car,1
273,2,1361.93,116.23,111.95,92.81,1,car,1
273,12,1507.59,121.96,88.52,82.41,1,car,1
273,13,1483.82,326.63,185.74,233.51,1,car,1
273,14,563.36,118.11,93.4,74.43,1,car,1
273,15,436.39,120.33,96.61,76.22,1,car,1
273,17,320.73,120.61,96.14,84.61,1,car,1
274,2,1347.11,113.3,126.72,96.55,1,car,1
274,12,1507.67,121.94,88.44,82.14,1,car,1
274,13,1488.5,326.4,184.31,233.92,1,car,1
274,14,563.32,118.14,93.62,74.51,1,car,1
274,15,435.86,120.32,97.22,77.09,1,car,1
274,17,320.75,120.65,96.33,85.12,1,car,1
275,2,1332.29,110.36,141.5,100.3,1,car,1
275,12,1507.61,121.95,88.49,82.11,1,car,1
275,13,1493.19,326.17,182.87,234.32,1,car,1
275,14,563.28,118.18,93.85,74.6,1,car,1
275,15,435.34,120.31,97.83,77.97,1,car,1
275,17,320.76,120.68,96.51,85.62,1,car,1
276,2,1317.48,107.42,156.27,104.04,1,car,1
276,12,1507.56,121.95,88.54,82.08,1,car,1
276,13,1497.87,325.94,181.44,234.72,1,car,1
276,14,563.36,118.07,93.76,74.47,1,car,1
276,15,435.2,120.32,98.16,78.41,1,car,1
276,17,320.78,120.71,96.69,86.13,1,car,1
277,2,1302.66,104.48,171.05,107.78,1,car,1
277,12,1507.5,121.96,88.59,82.05,1,car,1
277,13,1502.55,325.71,180.0,235.13,1,car,1
277,14,563.44,117.96,93.67,74.33,1,car,1
277,15,435.07,120.33,98.5,78.86,1,car,1
277,17,320.8,120.75,96.88,86.64,1,car,1
278,2,1307.11,107.25,166.37,104.77,1,car,1
278,12,1507.44,121.96,88.64,82.02,1,car,1
278,13,1504.07,326.29,180.69,233.39,1,car,1
278,14,563.51,117.86,93.59,74.2,1,car,1
278,15,434.94,120.33,98.83,79.3,1,car,1
279,2,1311.55,110.02,161.69,101.76,1,car,1
279,12,1507.38,121.97,88.69,81.99,1,car,1
279,13,1505.59,326.87,181.38,231.65,1,car,1
279,14,563.59,117.75,93.5,74.07,1,car,1
279,15,434.8,120.34,99.17,79.75,1,car,1
280,2,1316.0,112.79,157.02,98.75,1,car,1
280,12,1507.35,121.91,88.78,82.09,1,car,1
280,13,1507.11,327.44,182.07,229.92,1,car,1
280,14,563.67,117.65,93.42,73.93,1,car,1
280,15,434.67,120.34,99.5,80.19,1,car,1
281,2,1320.45,115.56,152.34,95.74,1,car,1
281,12,1507.32,121.86,88.87,82.19,1,car,1
281,13,1508.63,328.02,182.75,228.18,1,car,1
281,14,563.1,117.68,94.05,74.13,1,car,1
281,15,434.54,120.35,99.84,80.64,1,car,1
282,2,1324.89,118.33,147.66,92.73,1,car,1
282,12,1507.28,121.81,88.96,82.29,1,car,1
282,13,1510.14,328.6,183.44,226.44,1,car,1
282,14,562.53,117.71,94.68,74.32,1,car,1
282,15,434.4,120.35,100.18,81.08,1,car,1
283,2,1321.54,116.71,151.37,94.86,1,car,1
283,12,1507.25,121.76,89.05,82.39,1,car,1
283,13,1510.86,327.84,182.89,218.19,1,car,1
283,14,561.96,117.73,95.31,74.52,1,car,1
283,15,434.27,120.36,100.51,81.53,1,car,1
284,2,1318.18,115.1,155.08,97.0,1,car,1
284,12,1507.22,121.71,89.14,82.49,1,car,1
284,13,1511.57,327.09,182.33,209.93,1,car,1
284,14,561.39,117.76,95.94,74.71,1,car,1
284,15,434.14,120.37,100.85,81.97,1,car,1
285,2,1314.83,113.49,158.79,99.13,1,car,1
285,12,1507.26,121.71,89.07,82.29,1,car,1
285,13,1512.28,326.34,181.77,201.68,1,car,1
285,14,560.82,117.79,96.57,74.9,1,car,1
285,15,434.0,120.37,101.18,82.42,1,car,1
286,2,1311.48,111.87,162.5,101.27,1,car,1
286,12,1507.3,121.72,89.01,82.09,1,car,1
286,13,1512.99,325.58,181.22,193.42,1,car,1
286,14,560.87,117.79,96.49,74.64,1,car,1
286,15,433.87,120.38,101.52,82.86,1,car,1
287,2,1308.12,110.26,166.21,103.4,1,car,1
287,12,1507.34,121.72,88.94,81.89,1,car,1
287,13,1513.7,324.83,180.66,185.17,1,car,1
287,14,560.93,117.78,96.41,74.37,1,car,1
287,15,433.47,120.63,101.32,86.31,1,car,1
288,2,1308.95,110.94,165.23,102.83,1,car,1
288,12,1507.38,121.73,88.88,81.69,1,car,1
288,13,1514.59,325.87,181.32,194.21,1,car,1
288,14,560.98,117.77,96.33,74.11,1,car,1
289,2,1309.78,111.62,164.25,102.25,1,car,1
289,12,1507.42,121.74,88.82,81.49,1,car,1
289,13,1515.47,326.91,181.97,203.24,1,car,1
289,14,561.03,117.76,96.24,73.84,1,car,1
290,2,1310.6,112.31,163.28,101.67,1,car,1
290,12,1507.38,121.74,88.86,81.64,1,car,1
290,13,1516.36,327.95,182.63,212.28,1,car,1
290,14,561.09,117.76,96.16,73.58,1,car,1
291,2,1311.43,112.99,162.3,101.1,1,car,1
291,12,1507.35,121.75,88.9,81.79,1,car,1
291,13,1517.24,328.99,183.28,221.32,1,car,1
291,14,561.12,117.72,96.03,73.52,1,car,1
292,2,1312.25,113.67,161.32,100.52,1,car,1
292,12,1507.31,121.75,88.94,81.94,1,car,1
292,13,1518.13,330.03,183.94,230.36,1,car,1
292,14,561.15,117.69,95.89,73.46,1,car,1
293,2,1312.22,112.96,161.9,101.97,1,car,1
293,12,1507.28,121.76,88.99,82.09,1,car,1
293,13,1518.1,329.89,183.64,222.47,1,car,1
293,14,561.18,117.66,95.76,73.41,1,car,1
294,2,1312.19,112.25,162.49,103.41,1,car,1
294,12,1507.24,121.77,89.03,82.24,1,car,1
294,13,1518.06,329.74,183.33,214.58,1,car,1
294,14,561.22,117.63,95.63,73.35,1,car,1
295,2,1312.16,111.54,163.07,104.86,1,car,1
295,12,1507.12,121.77,89.18,82.53,1,car,1
295,13,1518.03,329.6,183.03,206.68,1,car,1
295,14,561.25,117.59,95.49,73.29,1,car,1
296,2,1312.12,110.83,163.65,106.3,1,car,1
296,12,1507.0,121.77,89.33,82.82,1,car,1
296,13,1518.0,329.46,182.73,198.79,1,car,1
296,14,561.15,117.54,95.63,73.42,1,car,1
297,2,1312.09,110.12,164.23,107.74,1,car,1
297,12,1506.88,121.77,89.48,83.11,1,car,1
297,13,1517.97,329.32,182.43,190.9,1,car,1
297,14,561.05,117.5,95.78,73.55,1,car,1
298,2,1312.72,111.68,163.64,107.1,1,car,1
298,12,1506.76,121.78,89.64,83.39,1,car,1
298,13,1518.01,329.25,183.22,201.52,1,car,1
298,14,560.95,117.45,95.92,73.67,1,car,1
299,2,1313.35,113.23,163.05,106.45,1,car,1
299,12,1506.64,121.78,89.79,83.68,1,car,1
299,13,1518.06,329.18,184.01,212.14,1,car,1
299,14,560.85,117.4,96.06,73.8,1,car,1
300,2,1313.98,114.78,162.46,105.8,1,car,1
300,12,1507.1,121.77,89.62,82.85,1,car,1
300,13,1518.11,329.11,184.8,222.76,1,car,1
300,14,560.75,117.35,96.2,73.93,1,car,1
301,2,1314.61,116.33,161.87,105.16,1,car,1
301,12,1507.56,121.76,89.46,82.02,1,car,1
301,13,1518.16,329.04,185.6,233.38,1,car,1
301,14,560.62,117.44,95.81,74.07,1,car,1
