2,1,6.13,303.19,144.81,141.54,1,-1,-1,-1
2,2,361.68,103.46,149.27,105.07,1,-1,-1,-1
3,1,9.01,309.20,134.48,133.02,1,-1,-1,-1
3,2,362.82,103.77,148.54,104.27,1,-1,-1,-1
4,1,3.65,305.81,138.73,144.34,1,-1,-1,-1
4,2,367.31,103.70,143.42,103.55,1,-1,-1,-1
5,1,4.34,313.51,124.63,137.25,1,-1,-1,-1
5,2,369.70,103.40,142.39,103.20,1,-1,-1,-1
6,1,2.29,333.74,118.32,115.76,1,-1,-1,-1
6,2,372.28,103.35,141.37,102.66,1,-1,-1,-1
7,1,-0.95,262.96,119.10,213.41,1,-1,-1,-1
7,2,374.12,103.17,140.52,101.98,1,-1,-1,-1
8,1,-0.51,315.90,113.41,131.53,1,-1,-1,-1
8,2,376.54,103.49,137.86,101.13,1,-1,-1,-1
8,3,1233.94,126.58,19.92,97.17,1,-1,-1,-1
9,1,0.56,320.87,103.33,136.90,1,-1,-1,-1
9,2,378.15,103.51,137.65,100.99,1,-1,-1,-1
9,3,1232.12,126.98,22.45,95.71,1,-1,-1,-1
10,1,-1.11,330.60,102.68,131.64,1,-1,-1,-1
10,2,380.60,102.68,135.28,102.08,1,-1,-1,-1
10,3,1229.54,128.87,24.88,92.18,1,-1,-1,-1
11,1,-1.00,330.28,99.27,137.75,1,-1,-1,-1
11,2,381.35,102.48,135.11,101.75,1,-1,-1,-1
12,1,-1.59,331.76,99.86,137.44,1,-1,-1,-1
12,2,382.60,102.26,133.19,101.38,1,-1,-1,-1
12,3,1226.10,129.53,27.03,89.70,1,-1,-1,-1
13,2,382.75,102.30,132.98,100.84,1,-1,-1,-1
13,3,1228.08,112.91,23.93,105.10,1,-1,-1,-1
14,2,384.31,102.60,129.66,99.88,1,-1,-1,-1
14,3,1222.95,136.23,30.71,74.49,1,-1,-1,-1
15,2,384.67,103.14,130.04,98.32,1,-1,-1,-1
16,2,387.32,103.04,129.46,97.60,1,-1,-1,-1
16,3,1223.11,123.34,29.16,96.69,1,-1,-1,-1
17,1,-0.68,325.60,98.94,145.40,1,-1,-1,-1
17,2,390.17,102.60,130.30,97.75,1,-1,-1,-1
17,3,1224.96,120.38,26.95,100.00,1,-1,-1,-1
18,2,393.30,102.43,126.90,97.62,1,-1,-1,-1
18,3,1226.50,120.77,25.52,99.95,1,-1,-1,-1
19,1,-0.25,324.82,99.99,145.42,1,-1,-1,-1
19,2,394.75,102.14,126.73,97.58,1,-1,-1,-1
20,1,0.14,324.40,99.37,145.68,1,-1,-1,-1
20,2,396.40,101.74,127.50,97.36,1,-1,-1,-1
20,3,1230.91,127.78,21.17,92.59,1,-1,-1,-1
21,1,0.45,324.19,97.94,145.98,1,-1,-1,-1
21,2,399.16,100.62,123.72,98.09,1,-1,-1,-1
22,1,-0.81,323.94,102.73,146.22,1,-1,-1,-1
22,2,399.91,98.31,122.85,99.99,1,-1,-1,-1
23,1,0.94,324.80,97.42,144.88,1,-1,-1,-1
23,2,401.72,97.59,118.95,99.54,1,-1,-1,-1
24,1,1.31,327.11,92.92,141.18,1,-1,-1,-1
24,2,401.65,97.73,119.21,98.70,1,-1,-1,-1
25,1,-6.95,329.82,127.39,138.19,1,-1,-1,-1
25,2,402.31,97.19,118.36,99.37,1,-1,-1,-1
26,1,6.54,328.27,87.89,140.96,1,-1,-1,-1
26,2,401.46,96.79,123.26,99.84,1,-1,-1,-1
27,1,2.63,329.81,87.55,138.94,1,-1,-1,-1
27,2,403.36,96.58,121.38,99.98,1,-1,-1,-1
28,1,2.52,334.21,77.43,133.24,1,-1,-1,-1
28,2,403.41,96.08,123.11,100.27,1,-1,-1,-1
29,1,-0.21,332.53,77.54,136.72,1,-1,-1,-1
29,2,404.10,95.25,122.65,101.07,1,-1,-1,-1
30,1,-2.06,331.48,81.15,138.25,1,-1,-1,-1
30,2,404.14,94.15,123.33,102.22,1,-1,-1,-1
31,1,-2.92,333.50,87.15,135.49,1,-1,-1,-1
31,2,404.80,93.43,122.28,102.99,1,-1,-1,-1
32,1,-1.82,329.54,89.05,140.46,1,-1,-1,-1
32,2,404.07,93.27,123.53,103.13,1,-1,-1,-1
33,2,404.48,93.25,121.18,102.93,1,-1,-1,-1
34,1,-0.03,327.94,87.43,140.95,1,-1,-1,-1
34,2,403.28,94.18,123.27,101.88,1,-1,-1,-1
35,1,0.00,327.31,88.30,141.19,1,-1,-1,-1
35,2,401.76,94.53,127.44,101.80,1,-1,-1,-1
36,1,0.45,327.27,87.07,141.02,1,-1,-1,-1
36,2,402.50,96.34,124.85,99.85,1,-1,-1,-1
37,1,-0.18,328.63,89.36,139.34,1,-1,-1,-1
37,2,402.49,95.98,122.90,101.16,1,-1,-1,-1
38,1,0.06,328.68,89.38,139.66,1,-1,-1,-1
38,2,401.95,96.54,122.04,100.62,1,-1,-1,-1
39,1,0.04,329.79,89.94,138.60,1,-1,-1,-1
39,2,401.02,96.54,122.66,101.02,1,-1,-1,-1
40,1,0.80,329.12,86.79,139.62,1,-1,-1,-1
40,2,399.74,97.85,125.78,99.60,1,-1,-1,-1
41,2,397.90,98.20,129.56,99.87,1,-1,-1,-1
42,2,396.10,100.09,132.79,98.48,1,-1,-1,-1
43,2,396.02,101.62,130.69,97.38,1,-1,-1,-1
44,1,-0.04,330.36,88.35,137.76,1,-1,-1,-1
44,2,393.91,101.93,135.78,98.34,1,-1,-1,-1
45,2,393.00,102.66,135.40,97.92,1,-1,-1,-1
46,1,0.08,327.76,87.51,141.08,1,-1,-1,-1
46,2,391.26,102.81,133.71,98.07,1,-1,-1,-1
47,2,387.64,103.24,135.02,98.03,1,-1,-1,-1
48,1,-0.10,331.74,88.08,135.99,1,-1,-1,-1
48,2,386.22,103.82,130.26,97.88,1,-1,-1,-1
49,1,0.27,332.01,86.48,136.22,1,-1,-1,-1
49,2,381.97,103.55,136.45,100.22,1,-1,-1,-1
50,1,-0.05,331.81,86.95,136.66,1,-1,-1,-1
50,2,380.25,104.15,136.64,99.49,1,-1,-1,-1
51,1,-0.02,333.57,86.70,134.43,1,-1,-1,-1
51,2,376.74,104.07,140.07,100.66,1,-1,-1,-1
52,1,-0.72,332.61,89.89,136.34,1,-1,-1,-1
52,2,372.71,104.27,143.10,101.04,1,-1,-1,-1
53,1,0.23,335.00,87.86,133.32,1,-1,-1,-1
53,2,368.13,104.26,147.24,101.82,1,-1,-1,-1
54,1,-0.05,333.57,88.83,135.62,1,-1,-1,-1
54,2,364.24,104.03,150.17,104.18,1,-1,-1,-1
55,2,361.52,103.93,151.44,105.17,1,-1,-1,-1
56,2,358.37,103.33,153.38,107.41,1,-1,-1,-1
57,1,0.06,334.85,88.96,133.99,1,-1,-1,-1
57,2,353.44,103.14,159.11,108.63,1,-1,-1,-1
58,2,349.78,102.45,159.77,110.92,1,-1,-1,-1
59,2,345.59,104.25,161.02,109.36,1,-1,-1,-1
60,2,342.36,103.65,158.90,112.48,1,-1,-1,-1
61,2,339.05,100.64,156.08,116.97,1,-1,-1,-1
62,2,335.36,102.26,156.50,115.06,1,-1,-1,-1
63,2,329.65,94.64,160.71,125.36,1,-1,-1,-1
64,2,322.96,97.95,169.16,120.02,1,-1,-1,-1
65,2,321.03,97.40,166.15,121.63,1,-1,-1,-1
66,2,317.29,103.77,166.13,114.71,1,-1,-1,-1
67,2,314.64,109.68,161.43,109.72,1,-1,-1,-1
68,2,309.30,110.61,162.96,112.28,1,-1,-1,-1
69,2,302.08,114.03,174.77,109.67,1,-1,-1,-1
71,5,24.61,79.19,178.51,108.00,1,-1,-1,-1
71,6,525.01,346.39,110.87,113.42,1,-1,-1,-1
71,7,473.46,457.87,114.94,124.13,1,-1,-1,-1
71,8,639.36,471.64,73.65,63.81,1,-1,-1,-1
72,4,978.82,203.89,159.29,122.02,1,-1,-1,-1
72,5,24.57,79.05,178.71,108.28,1,-1,-1,-1
72,6,526.43,345.13,111.50,116.89,1,-1,-1,-1
72,7,472.18,454.11,118.74,124.01,1,-1,-1,-1
72,8,641.29,471.67,73.82,63.95,1,-1,-1,-1
73,4,976.93,203.61,152.46,124.22,1,-1,-1,-1
73,5,24.70,79.10,178.53,108.11,1,-1,-1,-1
73,6,529.81,346.87,112.40,112.54,1,-1,-1,-1
73,7,508.61,471.23,72.13,93.50,1,-1,-1,-1
74,4,968.65,203.36,156.82,124.77,1,-1,-1,-1
74,5,24.80,79.04,178.18,108.18,1,-1,-1,-1
74,6,533.81,346.87,113.11,111.32,1,-1,-1,-1
74,7,522.11,472.77,72.89,94.45,1,-1,-1,-1
74,9,475.50,438.39,90.80,79.18,1,-1,-1,-1
75,4,963.38,201.52,153.85,127.24,1,-1,-1,-1
75,5,24.99,79.18,177.53,107.88,1,-1,-1,-1
75,6,538.23,346.50,110.44,110.53,1,-1,-1,-1
75,7,531.14,473.91,71.95,94.86,1,-1,-1,-1
75,9,475.61,438.15,91.01,79.32,1,-1,-1,-1
76,4,957.28,202.73,154.92,125.24,1,-1,-1,-1
76,5,24.91,79.12,177.52,108.02,1,-1,-1,-1
76,6,537.84,346.12,112.73,110.43,1,-1,-1,-1
76,7,534.32,473.08,73.11,97.18,1,-1,-1,-1
76,9,474.86,437.86,93.29,80.02,1,-1,-1,-1
77,4,950.48,201.76,159.51,127.91,1,-1,-1,-1
77,5,24.93,79.12,177.33,108.03,1,-1,-1,-1
77,6,536.06,346.01,114.04,110.83,1,-1,-1,-1
77,8,646.27,473.52,79.87,62.36,1,-1,-1,-1
77,9,465.89,425.50,129.08,131.20,1,-1,-1,-1
78,4,947.30,201.18,157.44,128.80,1,-1,-1,-1
78,5,24.91,79.22,177.40,108.03,1,-1,-1,-1
78,6,538.68,345.62,109.01,112.21,1,-1,-1,-1
78,7,533.68,471.26,72.89,99.25,1,-1,-1,-1
78,9,479.29,445.89,93.26,80.76,1,-1,-1,-1
79,4,943.56,201.39,157.71,128.83,1,-1,-1,-1
79,5,24.83,79.24,177.66,108.09,1,-1,-1,-1
79,6,537.18,345.72,110.22,113.17,1,-1,-1,-1
79,7,531.55,471.33,71.84,99.02,1,-1,-1,-1
79,9,474.63,441.95,96.52,81.74,1,-1,-1,-1
80,4,955.89,246.82,86.51,71.73,1,-1,-1,-1
80,5,24.98,79.10,177.30,108.36,1,-1,-1,-1
80,7,529.59,473.55,72.17,96.62,1,-1,-1,-1
80,8,648.53,472.50,76.40,63.51,1,-1,-1,-1
80,9,472.52,439.83,96.14,81.57,1,-1,-1,-1
81,4,929.89,212.04,156.16,128.03,1,-1,-1,-1
81,5,25.87,79.00,172.29,108.36,1,-1,-1,-1
81,6,536.50,347.65,110.05,105.63,1,-1,-1,-1
81,8,651.06,472.70,72.63,63.29,1,-1,-1,-1
81,9,467.71,436.48,119.74,93.41,1,-1,-1,-1
82,4,935.45,207.81,157.07,127.21,1,-1,-1,-1
82,5,24.98,79.00,171.98,108.07,1,-1,-1,-1
82,6,534.91,346.72,111.74,107.11,1,-1,-1,-1
82,7,528.03,479.02,71.72,91.02,1,-1,-1,-1
82,8,651.86,472.31,71.89,64.10,1,-1,-1,-1
82,9,475.24,440.20,97.36,81.56,1,-1,-1,-1
83,4,937.17,203.97,160.39,128.56,1,-1,-1,-1
83,5,24.47,78.90,172.12,107.98,1,-1,-1,-1
83,6,535.95,345.44,109.70,112.77,1,-1,-1,-1
83,8,652.22,473.31,71.01,62.82,1,-1,-1,-1
83,9,471.58,431.54,118.20,121.65,1,-1,-1,-1
84,4,942.04,203.57,156.48,126.85,1,-1,-1,-1
84,5,24.42,78.79,171.79,108.12,1,-1,-1,-1
84,6,533.56,347.38,111.69,110.01,1,-1,-1,-1
84,8,651.04,470.54,70.75,66.80,1,-1,-1,-1
84,9,473.69,438.04,119.59,123.06,1,-1,-1,-1
85,4,953.65,209.52,144.56,119.02,1,-1,-1,-1
85,5,24.37,78.79,171.86,108.13,1,-1,-1,-1
85,6,537.50,347.36,103.51,111.62,1,-1,-1,-1
85,7,524.27,480.04,72.65,93.45,1,-1,-1,-1
85,8,648.67,470.35,72.03,66.68,1,-1,-1,-1
85,9,475.55,449.50,99.07,81.10,1,-1,-1,-1
86,5,23.83,78.65,175.93,108.54,1,-1,-1,-1
86,6,530.31,347.19,110.56,115.64,1,-1,-1,-1
86,8,645.01,469.00,72.64,69.41,1,-1,-1,-1
86,9,470.08,443.70,94.00,79.86,1,-1,-1,-1
87,5,24.32,78.90,177.33,108.27,1,-1,-1,-1
87,6,531.14,349.07,101.29,111.29,1,-1,-1,-1
87,7,517.91,492.08,71.91,80.76,1,-1,-1,-1
87,8,642.43,470.77,71.67,67.81,1,-1,-1,-1
87,9,462.85,440.00,99.50,80.55,1,-1,-1,-1
88,5,25.95,78.88,171.96,108.17,1,-1,-1,-1
88,6,527.92,347.13,101.06,117.98,1,-1,-1,-1
88,7,512.70,493.40,70.07,81.19,1,-1,-1,-1
88,9,457.36,438.64,102.39,80.52,1,-1,-1,-1
89,5,25.27,78.81,171.98,108.22,1,-1,-1,-1
89,6,527.08,351.98,98.24,100.95,1,-1,-1,-1
89,7,506.64,493.60,80.13,82.04,1,-1,-1,-1
89,9,452.62,438.42,103.77,79.95,1,-1,-1,-1
90,4,952.65,209.05,101.23,112.87,1,-1,-1,-1
90,5,24.23,78.63,176.31,108.61,1,-1,-1,-1
90,6,514.25,346.90,112.18,118.27,1,-1,-1,-1
90,8,629.60,471.09,73.76,69.91,1,-1,-1,-1
90,9,449.22,438.86,101.33,79.77,1,-1,-1,-1
91,4,949.37,211.16,103.61,103.22,1,-1,-1,-1
91,5,24.60,78.96,177.38,108.18,1,-1,-1,-1
91,6,520.75,350.57,97.74,111.69,1,-1,-1,-1
91,9,443.35,439.60,111.03,79.61,1,-1,-1,-1
92,4,939.15,202.07,158.22,125.29,1,-1,-1,-1
92,5,25.39,78.75,176.35,108.61,1,-1,-1,-1
92,6,521.98,353.08,93.98,102.58,1,-1,-1,-1
92,7,499.04,489.79,75.13,88.77,1,-1,-1,-1
92,9,441.34,438.17,116.15,82.17,1,-1,-1,-1
93,4,964.57,241.23,91.76,76.21,1,-1,-1,-1
93,5,25.29,78.63,176.81,108.75,1,-1,-1,-1
93,6,521.15,351.31,94.02,104.62,1,-1,-1,-1
93,8,618.72,471.18,78.06,72.07,1,-1,-1,-1
93,9,439.58,427.29,125.27,137.55,1,-1,-1,-1
94,4,951.04,207.97,151.50,128.26,1,-1,-1,-1
94,5,25.13,78.47,177.30,108.99,1,-1,-1,-1
94,6,521.17,350.87,93.71,104.57,1,-1,-1,-1
94,8,616.94,471.57,79.02,71.83,1,-1,-1,-1
94,9,440.68,436.88,129.19,137.27,1,-1,-1,-1
95,4,960.13,205.52,156.25,123.86,1,-1,-1,-1
95,5,25.28,78.48,177.06,108.96,1,-1,-1,-1
95,6,521.35,350.89,93.87,103.57,1,-1,-1,-1
95,8,614.41,469.94,81.43,73.96,1,-1,-1,-1
95,9,442.29,441.96,129.01,136.65,1,-1,-1,-1
96,4,967.90,202.55,154.87,126.61,1,-1,-1,-1
96,5,25.35,78.57,176.98,108.84,1,-1,-1,-1
96,6,521.28,350.27,93.62,105.57,1,-1,-1,-1
96,8,619.68,472.92,73.95,69.62,1,-1,-1,-1
96,9,443.78,443.86,124.27,136.61,1,-1,-1,-1
97,4,977.73,203.54,131.68,124.11,1,-1,-1,-1
97,5,25.19,78.48,177.35,109.01,1,-1,-1,-1
97,6,519.35,348.17,94.40,115.07,1,-1,-1,-1
97,8,623.67,475.34,69.71,67.15,1,-1,-1,-1
97,9,448.93,455.13,115.00,122.55,1,-1,-1,-1
98,4,971.17,205.54,158.52,121.37,1,-1,-1,-1
98,5,25.25,78.45,177.22,109.05,1,-1,-1,-1
98,6,508.50,349.09,108.22,119.35,1,-1,-1,-1
98,8,622.53,473.75,71.05,69.92,1,-1,-1,-1
98,9,445.49,450.61,118.83,130.43,1,-1,-1,-1
99,4,989.65,239.73,92.29,79.42,1,-1,-1,-1
99,5,25.29,78.39,176.95,109.14,1,-1,-1,-1
99,6,507.40,351.02,104.12,116.07,1,-1,-1,-1
99,7,491.96,493.92,69.82,83.44,1,-1,-1,-1
99,8,618.41,474.13,74.13,68.52,1,-1,-1,-1
99,9,444.14,457.09,100.14,79.19,1,-1,-1,-1
100,4,984.48,250.49,88.94,75.47,1,-1,-1,-1
100,5,25.12,78.40,177.30,109.05,1,-1,-1,-1
100,6,507.18,356.16,100.23,92.95,1,-1,-1,-1
100,7,487.40,490.63,74.07,88.19,1,-1,-1,-1
100,9,436.30,446.14,98.92,79.23,1,-1,-1,-1
101,5,25.16,78.41,177.15,109.02,1,-1,-1,-1
101,6,502.98,349.16,102.99,109.35,1,-1,-1,-1
101,8,608.85,474.69,77.44,68.56,1,-1,-1,-1
101,9,425.25,435.57,120.74,106.56,1,-1,-1,-1
102,4,978.91,211.86,147.68,124.91,1,-1,-1,-1
102,5,25.27,78.41,177.02,109.05,1,-1,-1,-1
102,6,493.42,347.91,108.15,119.92,1,-1,-1,-1
102,9,423.27,436.26,118.57,119.63,1,-1,-1,-1
103,5,25.16,78.38,177.43,109.09,1,-1,-1,-1
103,6,486.90,350.80,107.14,121.84,1,-1,-1,-1
103,9,419.29,437.96,120.40,133.66,1,-1,-1,-1
104,5,25.16,78.36,177.59,109.09,1,-1,-1,-1
104,6,483.15,352.78,107.87,120.87,1,-1,-1,-1
104,9,417.88,442.53,120.72,134.73,1,-1,-1,-1
105,4,998.95,245.19,91.90,79.14,1,-1,-1,-1
105,5,25.30,78.35,177.30,109.10,1,-1,-1,-1
105,6,481.16,354.90,104.86,115.43,1,-1,-1,-1
105,9,415.79,453.08,118.58,104.03,1,-1,-1,-1
106,4,998.63,215.19,141.72,116.49,1,-1,-1,-1
106,5,24.94,78.38,178.46,109.02,1,-1,-1,-1
106,6,471.04,353.21,108.33,123.07,1,-1,-1,-1
106,9,406.44,444.65,118.15,131.81,1,-1,-1,-1
107,4,1004.50,206.35,149.69,121.71,1,-1,-1,-1
107,5,24.94,78.43,178.60,108.99,1,-1,-1,-1
107,6,463.38,357.00,107.31,116.22,1,-1,-1,-1
107,8,564.59,480.79,87.11,73.25,1,-1,-1,-1
107,9,400.98,459.34,102.65,81.86,1,-1,-1,-1
108,4,1007.22,202.10,152.70,122.76,1,-1,-1,-1
108,5,24.99,78.46,178.58,108.97,1,-1,-1,-1
108,6,455.07,356.76,107.20,120.46,1,-1,-1,-1
108,9,386.30,442.16,120.76,139.78,1,-1,-1,-1
109,4,1022.52,221.12,137.07,95.61,1,-1,-1,-1
109,5,24.94,78.43,178.72,109.05,1,-1,-1,-1
109,6,447.76,362.94,106.23,117.68,1,-1,-1,-1
109,9,381.45,458.81,117.15,128.57,1,-1,-1,-1
110,4,1012.78,208.90,153.15,114.76,1,-1,-1,-1
110,5,24.98,78.52,178.65,108.84,1,-1,-1,-1
110,6,440.43,361.55,105.38,116.35,1,-1,-1,-1
110,9,374.94,468.97,108.30,81.43,1,-1,-1,-1
111,4,1011.87,206.71,150.99,114.47,1,-1,-1,-1
111,5,25.03,78.48,178.55,108.91,1,-1,-1,-1
111,6,430.66,362.64,108.38,119.90,1,-1,-1,-1
111,9,366.06,461.51,100.33,80.83,1,-1,-1,-1
112,4,1008.92,204.35,151.07,115.12,1,-1,-1,-1
112,5,24.92,78.42,178.56,108.98,1,-1,-1,-1
112,6,425.79,361.80,103.46,122.91,1,-1,-1,-1
112,8,534.85,484.07,81.63,74.26,1,-1,-1,-1
112,9,357.76,457.59,94.26,80.79,1,-1,-1,-1
113,4,1006.43,200.19,150.81,117.84,1,-1,-1,-1
113,5,24.90,78.59,178.48,108.77,1,-1,-1,-1
113,6,417.20,364.95,108.36,123.70,1,-1,-1,-1
113,9,345.97,445.13,114.45,138.03,1,-1,-1,-1
114,4,1003.15,199.46,152.06,115.72,1,-1,-1,-1
114,5,24.88,78.63,178.34,108.69,1,-1,-1,-1
114,6,412.52,366.61,108.93,121.05,1,-1,-1,-1
114,9,351.42,466.57,85.74,81.07,1,-1,-1,-1
115,5,24.84,78.61,178.32,108.71,1,-1,-1,-1
115,6,407.16,367.35,109.28,116.17,1,-1,-1,-1
115,9,339.38,470.49,112.12,114.65,1,-1,-1,-1
116,5,24.82,78.54,178.34,108.79,1,-1,-1,-1
116,6,405.74,365.61,101.54,114.00,1,-1,-1,-1
116,9,339.66,475.48,91.66,79.20,1,-1,-1,-1
117,4,992.91,190.19,150.99,119.87,1,-1,-1,-1
117,5,24.78,78.55,178.50,108.83,1,-1,-1,-1
117,6,399.10,365.14,104.43,112.62,1,-1,-1,-1
117,10,380.79,511.11,73.87,88.41,1,-1,-1,-1
118,4,988.30,194.54,149.98,111.49,1,-1,-1,-1
118,5,24.90,78.59,178.50,108.73,1,-1,-1,-1
118,6,392.98,366.73,106.99,116.26,1,-1,-1,-1
119,4,984.22,196.24,149.44,109.12,1,-1,-1,-1
119,5,24.98,78.50,178.62,108.98,1,-1,-1,-1
119,6,386.04,367.95,109.72,114.73,1,-1,-1,-1
119,9,314.66,462.09,119.60,143.60,1,-1,-1,-1
120,4,992.07,222.72,88.07,75.44,1,-1,-1,-1
120,5,24.83,78.61,179.07,108.91,1,-1,-1,-1
120,6,381.45,369.85,104.21,107.52,1,-1,-1,-1
121,4,967.67,205.82,137.05,103.74,1,-1,-1,-1
121,5,25.33,78.68,178.57,108.79,1,-1,-1,-1
121,6,372.88,369.23,106.23,112.98,1,-1,-1,-1
122,4,964.01,192.84,149.62,116.86,1,-1,-1,-1
122,5,25.33,78.84,178.81,108.64,1,-1,-1,-1
122,6,364.12,368.87,108.11,120.49,1,-1,-1,-1
123,4,965.48,186.14,148.12,119.13,1,-1,-1,-1
123,5,25.44,79.01,178.46,108.37,1,-1,-1,-1
123,6,355.50,371.65,109.33,116.92,1,-1,-1,-1
123,8,464.45,499.86,84.35,76.45,1,-1,-1,-1
124,4,964.80,181.40,147.51,120.80,1,-1,-1,-1
124,5,25.12,79.00,179.52,108.62,1,-1,-1,-1
124,6,346.58,372.77,108.95,115.77,1,-1,-1,-1
124,8,458.95,502.53,82.07,74.63,1,-1,-1,-1
125,4,963.81,179.71,145.78,120.10,1,-1,-1,-1
125,5,25.31,79.10,179.19,108.61,1,-1,-1,-1
125,6,339.58,374.40,104.00,111.62,1,-1,-1,-1
125,8,453.65,501.75,79.60,77.67,1,-1,-1,-1
125,9,272.00,477.03,107.88,87.76,1,-1,-1,-1
126,4,959.59,182.21,146.37,113.95,1,-1,-1,-1
126,5,25.12,78.92,180.16,109.02,1,-1,-1,-1
126,6,327.91,375.70,110.10,114.89,1,-1,-1,-1
126,8,437.48,504.36,89.09,75.17,1,-1,-1,-1
127,4,955.48,183.29,146.03,111.02,1,-1,-1,-1
127,5,24.97,78.62,181.12,109.82,1,-1,-1,-1
127,6,319.84,380.22,105.15,110.10,1,-1,-1,-1
127,8,435.64,506.54,78.19,74.57,1,-1,-1,-1
128,4,950.95,180.21,145.99,113.06,1,-1,-1,-1
128,5,24.94,78.65,181.59,110.14,1,-1,-1,-1
128,6,310.17,380.40,106.60,116.99,1,-1,-1,-1
128,8,419.56,505.71,89.03,78.54,1,-1,-1,-1
128,9,243.83,477.22,98.00,82.21,1,-1,-1,-1
129,4,945.92,177.06,146.96,115.67,1,-1,-1,-1
129,5,24.80,78.83,182.19,110.39,1,-1,-1,-1
129,8,419.52,511.77,79.98,70.78,1,-1,-1,-1
129,9,232.09,477.43,99.47,81.96,1,-1,-1,-1
130,4,943.22,179.34,145.80,111.29,1,-1,-1,-1
130,5,24.33,79.15,183.19,110.46,1,-1,-1,-1
130,8,417.92,515.81,77.77,67.58,1,-1,-1,-1
130,9,225.33,477.81,97.36,81.23,1,-1,-1,-1
131,4,941.44,177.38,143.91,113.08,1,-1,-1,-1
131,5,24.32,79.46,183.56,111.13,1,-1,-1,-1
131,8,416.45,517.50,76.86,67.11,1,-1,-1,-1
131,9,221.36,477.16,95.99,83.87,1,-1,-1,-1
132,4,941.12,172.71,141.06,117.45,1,-1,-1,-1
132,5,24.38,79.67,184.04,112.65,1,-1,-1,-1
132,8,415.85,518.37,76.53,67.18,1,-1,-1,-1
132,9,221.48,478.09,91.77,81.75,1,-1,-1,-1
132,11,271.60,531.47,78.71,93.97,1,-1,-1,-1
133,4,937.22,169.97,144.54,118.85,1,-1,-1,-1
133,5,24.51,80.22,183.91,112.91,1,-1,-1,-1
133,8,416.88,519.32,75.39,66.48,1,-1,-1,-1
133,9,220.80,477.24,97.16,82.76,1,-1,-1,-1
133,11,268.58,528.89,78.35,96.78,1,-1,-1,-1
134,5,24.80,80.74,183.20,112.88,1,-1,-1,-1
134,8,416.65,519.29,76.76,66.84,1,-1,-1,-1
134,9,225.21,476.55,95.11,82.11,1,-1,-1,-1
134,11,267.76,529.23,77.14,94.58,1,-1,-1,-1
135,4,931.85,166.86,147.72,120.97,1,-1,-1,-1
135,5,25.30,81.22,182.33,112.94,1,-1,-1,-1
135,8,419.47,520.30,74.23,65.60,1,-1,-1,-1
135,9,229.81,476.18,90.40,81.16,1,-1,-1,-1
135,11,266.87,528.73,77.59,94.00,1,-1,-1,-1
136,4,935.14,166.40,143.11,120.54,1,-1,-1,-1
136,5,24.93,81.22,183.34,113.33,1,-1,-1,-1
136,8,421.58,520.66,73.00,65.20,1,-1,-1,-1
136,9,231.33,475.17,91.22,81.76,1,-1,-1,-1
136,11,267.77,528.51,76.26,93.34,1,-1,-1,-1
137,4,935.22,166.65,144.50,120.15,1,-1,-1,-1
137,5,24.89,81.04,183.41,113.96,1,-1,-1,-1
137,8,423.97,521.27,71.23,64.28,1,-1,-1,-1
137,9,231.46,474.75,96.81,83.17,1,-1,-1,-1
137,11,268.02,528.66,76.94,93.04,1,-1,-1,-1
138,4,937.39,166.70,143.68,120.05,1,-1,-1,-1
138,5,24.70,81.01,183.97,114.74,1,-1,-1,-1
138,8,424.67,519.38,72.32,66.55,1,-1,-1,-1
138,9,234.26,475.01,92.81,83.17,1,-1,-1,-1
138,11,269.13,529.42,77.16,92.10,1,-1,-1,-1
139,4,941.10,166.95,141.20,118.99,1,-1,-1,-1
139,5,24.05,81.51,185.34,114.83,1,-1,-1,-1
139,8,424.94,519.93,75.16,64.72,1,-1,-1,-1
139,9,236.22,475.33,86.53,82.43,1,-1,-1,-1
139,11,270.72,530.81,78.21,90.52,1,-1,-1,-1
140,4,943.19,167.03,141.25,118.51,1,-1,-1,-1
140,5,24.18,81.77,185.51,115.69,1,-1,-1,-1
140,8,425.28,515.43,76.60,69.84,1,-1,-1,-1
140,9,235.29,475.17,90.85,81.76,1,-1,-1,-1
140,11,275.07,531.10,74.82,89.44,1,-1,-1,-1
141,4,944.07,166.65,142.65,119.49,1,-1,-1,-1
141,5,25.04,82.41,184.41,115.65,1,-1,-1,-1
141,8,426.17,513.73,76.61,70.15,1,-1,-1,-1
141,9,236.49,475.07,91.26,81.46,1,-1,-1,-1
141,11,277.22,531.11,75.25,89.21,1,-1,-1,-1
142,4,945.02,165.69,144.57,121.86,1,-1,-1,-1
142,5,25.50,83.06,184.18,115.56,1,-1,-1,-1
142,8,426.25,512.16,77.20,71.27,1,-1,-1,-1
142,9,236.82,474.87,93.65,81.68,1,-1,-1,-1
142,11,278.77,530.61,75.01,89.61,1,-1,-1,-1
143,4,947.59,166.24,143.86,120.62,1,-1,-1,-1
143,5,25.26,83.27,184.78,116.30,1,-1,-1,-1
143,8,426.41,512.68,76.86,69.85,1,-1,-1,-1
143,9,237.44,474.87,92.54,81.65,1,-1,-1,-1
143,11,279.27,531.16,74.59,88.80,1,-1,-1,-1
144,4,950.01,166.68,142.07,119.90,1,-1,-1,-1
144,5,25.94,85.96,182.59,114.39,1,-1,-1,-1
144,8,426.10,510.60,76.80,72.70,1,-1,-1,-1
144,9,237.28,474.98,92.31,81.39,1,-1,-1,-1
144,11,278.81,531.24,74.92,88.64,1,-1,-1,-1
145,4,951.44,166.65,143.83,120.06,1,-1,-1,-1
145,5,23.76,87.18,187.06,113.59,1,-1,-1,-1
145,8,425.99,510.25,76.34,72.86,1,-1,-1,-1
145,9,236.81,474.84,92.39,81.61,1,-1,-1,-1
145,11,278.12,530.99,75.07,89.02,1,-1,-1,-1
146,4,953.17,166.02,145.07,120.58,1,-1,-1,-1
146,5,24.85,86.84,183.89,115.17,1,-1,-1,-1
146,8,425.23,513.62,76.66,68.87,1,-1,-1,-1
146,9,236.45,474.96,92.48,81.46,1,-1,-1,-1
146,11,276.80,532.29,75.07,87.98,1,-1,-1,-1
147,4,957.18,166.78,143.48,119.14,1,-1,-1,-1
147,5,24.83,88.07,176.51,113.83,1,-1,-1,-1
147,8,425.36,516.79,75.37,65.95,1,-1,-1,-1
147,9,236.17,474.96,90.75,81.22,1,-1,-1,-1
147,11,273.42,532.02,77.68,89.57,1,-1,-1,-1
148,4,961.30,167.03,141.31,120.55,1,-1,-1,-1
148,5,20.02,89.28,181.96,113.15,1,-1,-1,-1
148,8,426.20,518.58,71.91,65.37,1,-1,-1,-1
148,9,233.03,474.72,96.44,82.35,1,-1,-1,-1
148,11,270.91,531.59,78.34,90.39,1,-1,-1,-1
149,4,963.65,168.91,143.41,120.14,1,-1,-1,-1
149,5,19.37,91.13,182.62,112.13,1,-1,-1,-1
149,8,423.11,519.80,73.63,64.99,1,-1,-1,-1
149,9,232.44,475.24,92.73,81.92,1,-1,-1,-1
149,11,268.70,528.74,77.68,94.47,1,-1,-1,-1
150,4,965.40,170.37,146.43,120.31,1,-1,-1,-1
150,5,17.48,94.50,184.67,109.03,1,-1,-1,-1
150,8,420.40,520.64,74.36,65.19,1,-1,-1,-1
150,9,229.97,475.24,90.31,82.85,1,-1,-1,-1
150,11,266.87,529.18,77.12,93.28,1,-1,-1,-1
151,4,968.64,173.90,145.53,116.89,1,-1,-1,-1
151,5,9.25,97.95,190.76,106.53,1,-1,-1,-1
151,9,228.04,475.82,89.21,81.50,1,-1,-1,-1
151,11,265.79,529.14,76.82,93.11,1,-1,-1,-1
152,4,969.85,174.72,145.34,116.84,1,-1,-1,-1
152,5,6.58,99.23,190.65,106.20,1,-1,-1,-1
152,8,412.76,515.65,81.17,71.68,1,-1,-1,-1
152,9,226.81,475.64,89.45,81.67,1,-1,-1,-1
152,11,265.51,529.23,76.63,92.88,1,-1,-1,-1
153,4,971.54,173.17,145.23,120.81,1,-1,-1,-1
153,5,4.59,98.44,189.74,108.14,1,-1,-1,-1
153,9,227.70,475.83,88.81,81.25,1,-1,-1,-1
153,11,265.26,529.67,77.06,92.18,1,-1,-1,-1
154,4,975.57,174.69,145.96,120.88,1,-1,-1,-1
154,5,3.80,98.56,185.20,109.21,1,-1,-1,-1
154,9,230.86,475.32,89.61,81.08,1,-1,-1,-1
154,11,265.55,529.34,78.70,91.70,1,-1,-1,-1
155,4,980.35,173.52,145.35,125.02,1,-1,-1,-1
155,8,423.96,519.80,70.35,66.37,1,-1,-1,-1
155,9,232.28,474.59,95.66,81.42,1,-1,-1,-1
155,11,266.14,527.81,79.62,93.63,1,-1,-1,-1
156,4,995.21,215.13,84.61,75.78,1,-1,-1,-1
156,5,1.45,97.09,183.66,113.91,1,-1,-1,-1
156,8,426.27,520.26,69.83,66.22,1,-1,-1,-1
156,9,235.90,474.39,92.09,80.71,1,-1,-1,-1
156,11,266.82,527.16,80.14,93.95,1,-1,-1,-1
157,4,976.09,206.44,135.86,98.06,1,-1,-1,-1
157,5,1.70,97.26,177.76,115.54,1,-1,-1,-1
157,8,427.64,521.09,69.01,65.42,1,-1,-1,-1
157,9,236.11,474.06,93.68,80.77,1,-1,-1,-1
157,11,267.16,527.48,79.81,93.42,1,-1,-1,-1
158,4,985.16,217.45,117.99,85.59,1,-1,-1,-1
158,5,1.10,98.07,172.58,116.26,1,-1,-1,-1
158,9,236.97,474.06,88.87,81.48,1,-1,-1,-1
158,11,267.46,528.24,78.74,92.29,1,-1,-1,-1
159,4,980.55,191.82,144.99,120.83,1,-1,-1,-1
159,5,0.90,97.18,167.23,118.73,1,-1,-1,-1
159,9,232.31,474.39,100.01,83.26,1,-1,-1,-1
159,11,267.19,528.98,77.31,91.67,1,-1,-1,-1
160,5,0.19,97.26,164.18,119.47,1,-1,-1,-1
160,9,232.76,475.58,88.80,81.02,1,-1,-1,-1
160,11,265.01,530.72,77.64,90.58,1,-1,-1,-1
161,4,989.63,193.82,135.17,111.84,1,-1,-1,-1
161,5,0.13,97.92,160.73,119.38,1,-1,-1,-1
161,8,415.05,514.98,77.92,71.88,1,-1,-1,-1
161,9,229.46,475.21,89.84,82.24,1,-1,-1,-1
161,11,262.61,531.55,79.16,90.53,1,-1,-1,-1
162,4,989.89,192.23,139.47,113.61,1,-1,-1,-1
162,5,-0.83,98.77,160.40,119.09,1,-1,-1,-1
162,8,402.27,506.18,91.30,81.80,1,-1,-1,-1
162,9,227.22,475.87,88.36,81.45,1,-1,-1,-1
162,11,260.43,529.20,79.66,94.11,1,-1,-1,-1
163,4,989.47,188.66,147.79,118.26,1,-1,-1,-1
163,5,0.00,98.63,155.02,120.79,1,-1,-1,-1
163,8,399.66,499.94,89.89,87.49,1,-1,-1,-1
163,9,225.37,476.38,88.98,80.72,1,-1,-1,-1
163,11,259.69,531.52,77.06,90.63,1,-1,-1,-1
164,4,992.21,192.70,147.95,113.40,1,-1,-1,-1
164,5,-0.13,98.97,151.92,120.57,1,-1,-1,-1
164,8,410.21,517.76,73.01,65.23,1,-1,-1,-1
164,9,225.54,476.45,87.43,81.98,1,-1,-1,-1
164,11,258.89,532.62,76.08,90.24,1,-1,-1,-1
165,4,993.12,198.38,146.18,108.11,1,-1,-1,-1
165,5,-0.11,98.02,148.61,123.11,1,-1,-1,-1
165,8,399.25,511.84,87.55,76.95,1,-1,-1,-1
165,9,220.02,477.30,96.29,81.48,1,-1,-1,-1
165,11,258.35,532.24,72.93,92.34,1,-1,-1,-1
166,5,0.29,98.01,143.55,124.26,1,-1,-1,-1
166,8,403.29,517.19,77.64,69.98,1,-1,-1,-1
166,9,217.52,477.17,97.51,83.23,1,-1,-1,-1
166,11,254.44,536.05,75.70,88.79,1,-1,-1,-1
166,12,293.94,390.82,99.39,113.03,1,-1,-1,-1
167,5,-0.25,99.02,141.55,123.87,1,-1,-1,-1
167,8,402.85,516.80,74.98,71.41,1,-1,-1,-1
167,9,216.74,478.39,93.45,82.12,1,-1,-1,-1
167,11,250.18,537.61,77.20,89.41,1,-1,-1,-1
167,12,292.69,394.50,97.38,100.97,1,-1,-1,-1
168,5,-1.61,99.70,145.19,123.80,1,-1,-1,-1
168,8,397.70,516.38,77.08,72.81,1,-1,-1,-1
168,9,212.97,478.46,87.91,83.23,1,-1,-1,-1
168,11,247.53,536.20,75.52,93.24,1,-1,-1,-1
168,12,285.24,388.73,101.35,110.44,1,-1,-1,-1
169,4,996.46,236.82,91.50,77.03,1,-1,-1,-1
169,5,0.78,106.99,145.23,113.51,1,-1,-1,-1
169,8,381.94,511.41,91.30,79.52,1,-1,-1,-1
169,9,200.56,468.85,112.21,148.05,1,-1,-1,-1
169,12,277.15,388.01,103.72,111.56,1,-1,-1,-1
170,4,981.02,213.90,149.74,108.81,1,-1,-1,-1
170,5,2.20,107.24,145.42,115.33,1,-1,-1,-1
170,8,375.62,509.36,89.49,81.94,1,-1,-1,-1
170,9,199.75,492.85,97.67,84.09,1,-1,-1,-1
170,11,236.76,535.55,75.28,98.89,1,-1,-1,-1
170,12,269.87,388.96,103.22,106.68,1,-1,-1,-1
171,4,999.03,234.37,94.11,77.49,1,-1,-1,-1
171,5,2.90,106.22,145.81,117.48,1,-1,-1,-1
171,9,190.34,487.28,103.96,86.91,1,-1,-1,-1
171,12,261.76,384.45,100.30,111.11,1,-1,-1,-1
172,4,993.29,234.08,95.13,81.27,1,-1,-1,-1
172,9,177.90,475.58,115.32,134.97,1,-1,-1,-1
173,4,978.13,221.92,154.32,101.43,1,-1,-1,-1
173,9,173.16,481.45,112.22,146.96,1,-1,-1,-1
173,12,246.20,382.03,100.54,115.76,1,-1,-1,-1
174,4,987.89,223.53,153.05,98.25,1,-1,-1,-1
174,8,352.27,528.60,82.38,66.94,1,-1,-1,-1
174,9,167.28,486.35,109.78,154.27,1,-1,-1,-1
174,12,235.96,383.26,102.36,112.80,1,-1,-1,-1
175,4,990.55,216.34,155.33,107.74,1,-1,-1,-1
175,8,338.28,522.10,88.50,78.57,1,-1,-1,-1
175,9,155.06,494.85,112.64,136.10,1,-1,-1,-1
175,12,229.25,383.29,99.03,116.30,1,-1,-1,-1
176,4,992.63,224.25,153.33,97.47,1,-1,-1,-1
176,5,1.02,118.00,152.34,115.79,1,-1,-1,-1
176,8,333.56,527.62,81.51,72.24,1,-1,-1,-1
176,9,146.33,503.35,108.43,92.28,1,-1,-1,-1
176,12,217.74,391.28,101.24,104.34,1,-1,-1,-1
177,4,989.97,214.00,154.43,112.24,1,-1,-1,-1
177,5,0.02,117.50,154.83,121.00,1,-1,-1,-1
177,8,325.85,529.84,79.90,72.61,1,-1,-1,-1
177,9,134.95,497.88,102.94,87.13,1,-1,-1,-1
177,11,170.33,548.75,77.13,96.69,1,-1,-1,-1
177,12,209.98,387.59,100.89,114.92,1,-1,-1,-1
178,4,999.24,238.82,89.93,79.94,1,-1,-1,-1
178,5,0.19,117.42,154.51,122.65,1,-1,-1,-1
178,8,319.02,532.82,79.69,70.74,1,-1,-1,-1
178,9,125.89,494.18,100.38,86.54,1,-1,-1,-1
178,11,162.22,557.89,75.84,87.95,1,-1,-1,-1
178,12,198.43,388.53,106.37,118.16,1,-1,-1,-1
179,4,969.43,212.52,156.78,120.09,1,-1,-1,-1
179,8,316.53,537.66,76.14,66.01,1,-1,-1,-1
179,9,116.03,493.89,95.26,85.81,1,-1,-1,-1
179,11,153.26,561.49,78.68,86.95,1,-1,-1,-1
179,12,192.91,391.33,101.88,112.48,1,-1,-1,-1
180,4,970.62,210.80,157.84,117.37,1,-1,-1,-1
180,5,2.36,116.31,136.92,125.90,1,-1,-1,-1
180,8,311.81,537.70,78.26,66.69,1,-1,-1,-1
180,9,107.83,494.79,96.93,83.47,1,-1,-1,-1
180,12,189.04,390.42,100.45,113.13,1,-1,-1,-1
181,4,969.61,208.28,156.68,118.91,1,-1,-1,-1
181,8,310.86,535.80,76.37,68.80,1,-1,-1,-1
181,9,103.95,494.34,98.20,84.77,1,-1,-1,-1
181,12,189.08,390.64,96.31,108.62,1,-1,-1,-1
182,4,966.38,209.30,157.72,116.07,1,-1,-1,-1
182,5,-1.24,116.03,143.92,126.66,1,-1,-1,-1
182,8,304.17,528.10,82.21,77.11,1,-1,-1,-1
182,9,102.20,494.05,101.65,85.75,1,-1,-1,-1
182,12,185.70,388.44,98.85,110.85,1,-1,-1,-1
183,5,-4.32,114.28,162.86,129.38,1,-1,-1,-1
183,8,306.46,531.05,76.59,70.15,1,-1,-1,-1
183,9,102.40,493.02,103.49,87.26,1,-1,-1,-1
184,4,959.76,203.81,152.70,124.15,1,-1,-1,-1
184,5,-1.16,114.96,163.74,128.76,1,-1,-1,-1
184,8,297.53,524.60,85.32,76.20,1,-1,-1,-1
184,9,101.37,491.18,108.33,89.38,1,-1,-1,-1
184,12,181.95,384.95,100.80,112.72,1,-1,-1,-1
185,4,953.11,200.53,159.08,127.80,1,-1,-1,-1
185,5,0.81,117.73,164.08,126.20,1,-1,-1,-1
185,8,295.66,523.46,83.41,74.37,1,-1,-1,-1
185,12,182.70,382.75,99.87,112.99,1,-1,-1,-1
186,4,952.42,201.67,144.63,125.83,1,-1,-1,-1
186,5,1.99,122.19,163.52,121.76,1,-1,-1,-1
186,8,296.62,527.32,78.57,67.46,1,-1,-1,-1
186,12,184.09,381.08,94.46,111.98,1,-1,-1,-1
187,4,943.19,197.83,157.39,130.88,1,-1,-1,-1
187,5,1.37,124.26,166.97,118.94,1,-1,-1,-1
187,8,297.46,527.11,74.57,67.35,1,-1,-1,-1
188,4,940.20,198.61,154.49,127.37,1,-1,-1,-1
188,5,1.10,124.66,169.96,121.96,1,-1,-1,-1
188,8,293.35,522.85,77.77,72.66,1,-1,-1,-1
188,13,135.12,539.05,79.25,100.00,1,-1,-1,-1
189,4,934.31,199.58,156.78,128.06,1,-1,-1,-1
189,5,0.94,124.26,172.39,124.15,1,-1,-1,-1
189,8,293.97,527.15,74.33,65.05,1,-1,-1,-1
189,9,98.22,481.14,101.92,82.57,1,-1,-1,-1
189,13,135.19,540.02,78.10,96.09,1,-1,-1,-1
190,4,930.24,199.85,158.17,128.57,1,-1,-1,-1
190,5,1.55,124.24,172.30,124.97,1,-1,-1,-1
190,8,293.15,526.27,75.11,66.43,1,-1,-1,-1
190,9,101.17,479.50,87.19,82.24,1,-1,-1,-1
190,13,134.17,537.34,78.73,97.64,1,-1,-1,-1
191,4,925.63,198.62,158.54,130.00,1,-1,-1,-1
191,5,1.62,123.46,172.34,126.34,1,-1,-1,-1
191,8,293.70,526.23,74.56,65.44,1,-1,-1,-1
191,9,101.27,478.49,84.30,82.08,1,-1,-1,-1
191,13,133.37,536.90,80.22,94.11,1,-1,-1,-1
192,5,1.18,120.05,174.36,130.57,1,-1,-1,-1
192,8,295.50,526.25,73.51,64.15,1,-1,-1,-1
192,9,101.93,478.32,86.12,80.31,1,-1,-1,-1
192,13,133.46,536.08,81.23,92.76,1,-1,-1,-1
193,4,916.54,197.93,160.43,128.88,1,-1,-1,-1
193,5,1.19,122.02,176.33,127.60,1,-1,-1,-1
193,8,298.63,526.09,71.16,64.44,1,-1,-1,-1
193,9,104.61,478.04,83.40,80.07,1,-1,-1,-1
193,13,133.59,534.32,82.26,93.59,1,-1,-1,-1
194,4,912.57,198.77,159.91,127.53,1,-1,-1,-1
194,5,3.51,121.22,171.71,127.05,1,-1,-1,-1
194,8,298.89,526.45,72.16,64.39,1,-1,-1,-1
194,9,107.04,477.85,82.18,80.23,1,-1,-1,-1
194,13,133.82,531.76,82.12,96.80,1,-1,-1,-1
195,4,909.13,198.21,158.67,129.66,1,-1,-1,-1
195,5,1.65,117.95,176.50,133.54,1,-1,-1,-1
195,8,297.79,526.69,73.77,64.37,1,-1,-1,-1
195,9,108.09,477.93,82.43,80.41,1,-1,-1,-1
195,13,133.86,532.34,82.20,96.34,1,-1,-1,-1
196,4,902.34,198.31,161.31,132.35,1,-1,-1,-1
196,5,0.88,116.94,178.37,134.42,1,-1,-1,-1
196,8,296.88,527.20,73.98,64.07,1,-1,-1,-1
196,9,108.27,478.18,82.90,80.50,1,-1,-1,-1
196,13,133.75,533.05,81.65,96.63,1,-1,-1,-1
197,5,1.46,116.84,175.45,133.95,1,-1,-1,-1
197,8,295.57,524.74,74.53,67.43,1,-1,-1,-1
197,9,106.53,478.66,83.20,79.45,1,-1,-1,-1
197,13,133.14,534.11,81.60,95.95,1,-1,-1,-1
198,4,892.45,198.02,162.43,135.40,1,-1,-1,-1
198,5,0.54,117.20,177.17,133.73,1,-1,-1,-1
198,8,294.16,521.34,74.68,71.63,1,-1,-1,-1
198,9,102.63,478.47,87.52,80.98,1,-1,-1,-1
198,13,132.33,529.77,80.37,102.81,1,-1,-1,-1
199,4,886.41,199.79,165.18,133.73,1,-1,-1,-1
199,5,-0.48,119.24,187.72,131.30,1,-1,-1,-1
199,8,292.22,521.75,75.50,68.89,1,-1,-1,-1
199,13,130.74,525.46,80.63,107.98,1,-1,-1,-1
200,4,884.04,200.49,162.48,132.10,1,-1,-1,-1
200,5,2.46,119.88,188.48,131.49,1,-1,-1,-1
200,13,129.45,524.47,80.40,108.60,1,-1,-1,-1
201,5,6.48,120.06,186.08,131.73,1,-1,-1,-1
201,8,288.22,524.48,77.99,66.31,1,-1,-1,-1
201,13,127.94,520.64,80.63,113.27,1,-1,-1,-1
202,5,6.65,120.41,187.78,131.26,1,-1,-1,-1
202,8,268.00,486.90,101.89,114.79,1,-1,-1,-1
203,5,6.81,120.29,188.36,131.42,1,-1,-1,-1
203,8,266.08,494.96,98.83,95.98,1,-1,-1,-1
204,5,6.22,120.22,189.11,131.69,1,-1,-1,-1
204,8,265.07,495.33,98.25,95.29,1,-1,-1,-1
205,5,7.37,120.15,187.07,131.41,1,-1,-1,-1
205,8,264.50,501.17,98.32,88.89,1,-1,-1,-1
205,13,123.45,512.78,83.53,119.80,1,-1,-1,-1
206,5,10.95,120.72,181.48,127.90,1,-1,-1,-1
206,8,280.76,512.49,76.83,78.21,1,-1,-1,-1
206,13,123.51,519.26,83.59,111.30,1,-1,-1,-1
207,4,885.71,200.34,125.03,129.23,1,-1,-1,-1
207,5,8.42,118.85,186.02,133.68,1,-1,-1,-1
207,8,283.75,515.58,77.43,78.86,1,-1,-1,-1
207,13,100.81,487.23,112.39,153.20,1,-1,-1,-1
208,4,884.23,200.11,129.67,129.25,1,-1,-1,-1
208,5,7.62,119.39,186.73,133.59,1,-1,-1,-1
208,8,270.85,508.13,96.39,89.27,1,-1,-1,-1
208,13,118.72,510.94,83.35,115.16,1,-1,-1,-1
209,4,892.62,221.18,95.48,97.32,1,-1,-1,-1
209,5,6.96,120.48,187.29,130.60,1,-1,-1,-1
209,8,281.46,515.47,79.69,78.82,1,-1,-1,-1
209,13,121.44,517.25,83.49,111.73,1,-1,-1,-1
210,4,892.42,242.46,90.96,77.84,1,-1,-1,-1
210,5,7.57,121.49,185.42,126.22,1,-1,-1,-1
210,8,283.26,516.86,79.08,78.50,1,-1,-1,-1
210,13,99.79,486.96,113.09,153.34,1,-1,-1,-1
211,5,9.62,121.26,182.57,126.17,1,-1,-1,-1
211,8,288.10,522.60,73.14,71.76,1,-1,-1,-1
211,13,96.23,481.15,112.22,153.78,1,-1,-1,-1
212,5,13.26,121.06,178.53,125.64,1,-1,-1,-1
212,8,289.29,523.16,72.76,72.50,1,-1,-1,-1
212,13,95.67,478.69,110.52,152.58,1,-1,-1,-1
213,8,290.06,522.93,73.05,72.66,1,-1,-1,-1
213,13,116.89,512.15,83.04,108.95,1,-1,-1,-1
214,5,7.02,119.96,187.37,130.94,1,-1,-1,-1
214,8,292.14,524.72,72.42,70.04,1,-1,-1,-1
214,13,122.15,524.11,82.08,102.63,1,-1,-1,-1
215,8,276.33,507.60,94.81,91.09,1,-1,-1,-1
216,8,290.39,520.80,73.86,69.39,1,-1,-1,-1
216,13,127.25,527.74,82.09,101.01,1,-1,-1,-1
216,14,914.83,191.95,152.42,135.73,1,-1,-1,-1
217,8,292.99,525.47,73.58,65.11,1,-1,-1,-1
217,13,113.86,488.27,100.62,149.49,1,-1,-1,-1
217,14,914.30,193.44,156.89,132.93,1,-1,-1,-1
218,8,294.47,523.87,73.56,68.06,1,-1,-1,-1
218,13,128.49,518.87,80.48,100.39,1,-1,-1,-1
218,14,917.12,193.10,159.15,132.45,1,-1,-1,-1
219,13,132.15,526.51,78.97,95.20,1,-1,-1,-1
219,14,921.46,195.79,159.90,128.51,1,-1,-1,-1
219,15,110.59,476.75,80.56,79.17,1,-1,-1,-1
220,13,134.14,528.74,78.10,95.53,1,-1,-1,-1
220,14,927.07,193.02,160.43,132.30,1,-1,-1,-1
220,15,109.93,476.95,81.35,78.80,1,-1,-1,-1
221,13,134.52,531.25,79.03,94.26,1,-1,-1,-1
221,14,940.29,196.77,150.40,125.74,1,-1,-1,-1
221,15,109.79,476.94,80.43,79.08,1,-1,-1,-1
222,5,1.50,117.75,177.43,128.83,1,-1,-1,-1
222,13,134.76,531.16,79.06,95.45,1,-1,-1,-1
222,14,944.37,196.04,152.42,127.62,1,-1,-1,-1
222,15,109.28,477.12,80.54,79.04,1,-1,-1,-1
223,5,0.80,117.76,177.59,128.51,1,-1,-1,-1
223,13,134.50,531.43,78.95,95.23,1,-1,-1,-1
223,14,946.50,196.15,152.36,127.63,1,-1,-1,-1
223,15,109.01,477.15,80.58,79.37,1,-1,-1,-1
224,5,0.61,117.75,177.24,127.79,1,-1,-1,-1
224,13,134.26,530.90,79.00,95.80,1,-1,-1,-1
224,14,946.22,196.67,156.45,126.74,1,-1,-1,-1
224,15,108.91,477.31,80.63,79.41,1,-1,-1,-1
225,5,0.21,118.86,178.74,125.20,1,-1,-1,-1
225,13,133.54,530.94,79.25,94.87,1,-1,-1,-1
225,14,949.88,200.34,157.96,121.78,1,-1,-1,-1
225,15,107.50,477.00,86.21,80.14,1,-1,-1,-1
226,5,0.39,118.71,178.80,125.19,1,-1,-1,-1
226,8,295.76,525.52,74.11,63.07,1,-1,-1,-1
226,13,132.12,529.73,80.64,95.32,1,-1,-1,-1
226,14,959.32,199.26,151.30,123.31,1,-1,-1,-1
227,5,0.58,117.08,178.68,127.02,1,-1,-1,-1
227,8,295.18,520.40,74.44,68.14,1,-1,-1,-1
227,13,132.01,528.71,79.16,94.47,1,-1,-1,-1
227,14,964.60,201.33,150.49,120.29,1,-1,-1,-1
227,15,109.19,476.32,81.31,79.42,1,-1,-1,-1
228,5,1.14,119.67,176.13,122.38,1,-1,-1,-1
228,8,293.47,519.33,75.69,68.19,1,-1,-1,-1
228,13,131.90,528.85,79.40,93.58,1,-1,-1,-1
228,14,965.46,202.01,154.61,119.28,1,-1,-1,-1
228,15,108.10,475.33,83.15,80.29,1,-1,-1,-1
229,5,0.40,115.35,178.09,127.51,1,-1,-1,-1
229,8,293.24,517.60,74.76,69.35,1,-1,-1,-1
229,13,132.17,528.54,78.50,93.88,1,-1,-1,-1
229,14,967.56,201.16,154.91,119.26,1,-1,-1,-1
229,15,108.51,474.51,81.04,80.85,1,-1,-1,-1
230,5,1.06,114.32,176.26,126.61,1,-1,-1,-1
230,8,292.77,516.44,74.59,69.96,1,-1,-1,-1
230,13,132.31,526.43,78.22,94.75,1,-1,-1,-1
230,14,969.38,202.61,154.02,116.89,1,-1,-1,-1
230,15,108.14,473.77,79.46,80.97,1,-1,-1,-1
231,5,1.47,113.46,174.11,126.06,1,-1,-1,-1
231,8,289.60,513.65,77.92,73.69,1,-1,-1,-1
231,13,130.94,525.43,80.31,94.47,1,-1,-1,-1
231,14,970.78,203.62,152.11,114.72,1,-1,-1,-1
231,15,106.90,473.42,84.37,80.62,1,-1,-1,-1
232,5,1.24,112.36,173.56,126.80,1,-1,-1,-1
232,8,289.16,513.01,77.46,74.00,1,-1,-1,-1
232,13,130.64,524.42,80.37,94.93,1,-1,-1,-1
232,14,970.39,203.46,152.87,114.80,1,-1,-1,-1
232,15,108.35,472.97,80.15,81.38,1,-1,-1,-1
233,5,0.70,111.78,174.80,126.81,1,-1,-1,-1
233,8,284.15,510.16,82.99,77.98,1,-1,-1,-1
233,13,130.05,525.31,80.09,93.85,1,-1,-1,-1
233,14,971.91,204.08,144.25,113.51,1,-1,-1,-1
233,15,107.10,473.14,85.37,80.71,1,-1,-1,-1
234,5,0.35,110.36,176.81,126.87,1,-1,-1,-1
234,8,280.17,508.00,86.41,80.37,1,-1,-1,-1
234,13,113.04,483.60,99.24,146.89,1,-1,-1,-1
234,14,966.86,201.48,153.37,114.98,1,-1,-1,-1
235,8,280.49,508.42,84.68,79.11,1,-1,-1,-1
235,13,125.03,517.89,78.88,92.39,1,-1,-1,-1
235,14,966.14,200.85,152.84,112.80,1,-1,-1,-1
235,15,107.34,472.67,87.43,82.32,1,-1,-1,-1
236,8,279.47,507.59,85.92,80.14,1,-1,-1,-1
236,13,126.55,523.12,79.01,91.95,1,-1,-1,-1
236,14,965.85,196.46,149.69,116.65,1,-1,-1,-1
236,15,108.03,473.02,85.43,81.88,1,-1,-1,-1
237,8,279.99,508.30,85.20,79.08,1,-1,-1,-1
237,13,127.86,524.92,79.04,93.31,1,-1,-1,-1
237,14,962.87,193.32,150.98,117.93,1,-1,-1,-1
237,15,107.12,473.69,88.30,80.61,1,-1,-1,-1
238,8,281.64,509.14,83.47,78.28,1,-1,-1,-1
238,13,128.36,527.80,79.73,92.15,1,-1,-1,-1
238,14,960.65,187.76,150.65,120.88,1,-1,-1,-1
238,15,107.92,473.15,86.16,81.83,1,-1,-1,-1
239,8,281.93,509.93,83.84,77.40,1,-1,-1,-1
239,13,128.84,529.46,80.03,91.70,1,-1,-1,-1
239,14,968.85,205.02,95.07,91.37,1,-1,-1,-1
239,15,108.37,473.23,84.26,81.66,1,-1,-1,-1
240,8,283.99,508.96,81.57,79.02,1,-1,-1,-1
240,13,129.46,528.11,79.93,93.28,1,-1,-1,-1
240,14,957.51,220.46,91.97,77.89,1,-1,-1,-1
240,15,108.10,473.52,84.23,81.20,1,-1,-1,-1
241,5,1.04,102.51,170.28,122.77,1,-1,-1,-1
241,8,284.07,508.95,82.19,78.92,1,-1,-1,-1
241,13,129.54,527.33,80.60,93.73,1,-1,-1,-1
241,14,950.39,226.32,91.83,76.83,1,-1,-1,-1
241,15,107.95,473.55,83.90,81.37,1,-1,-1,-1
242,5,2.10,101.28,163.57,122.45,1,-1,-1,-1
242,8,284.27,508.70,82.40,78.86,1,-1,-1,-1
242,13,129.76,526.69,81.16,93.91,1,-1,-1,-1
242,14,935.45,197.89,148.16,115.96,1,-1,-1,-1
242,15,107.53,474.10,84.10,79.84,1,-1,-1,-1
243,5,1.99,98.41,156.21,125.37,1,-1,-1,-1
243,8,284.44,508.68,82.20,78.43,1,-1,-1,-1
243,13,130.29,526.33,80.30,94.09,1,-1,-1,-1
243,14,945.16,189.92,144.96,117.70,1,-1,-1,-1
243,15,107.18,474.07,84.55,79.64,1,-1,-1,-1
244,5,-0.44,99.86,161.80,121.70,1,-1,-1,-1
244,8,282.64,507.46,84.20,78.87,1,-1,-1,-1
244,13,130.52,527.55,78.68,92.12,1,-1,-1,-1
244,14,947.11,188.22,144.39,114.85,1,-1,-1,-1
245,5,0.77,98.54,154.96,122.52,1,-1,-1,-1
245,8,284.32,505.90,81.47,79.79,1,-1,-1,-1
245,13,129.70,523.48,79.40,97.49,1,-1,-1,-1
245,14,949.76,200.67,128.45,96.28,1,-1,-1,-1
245,15,106.59,472.85,83.04,77.26,1,-1,-1,-1
246,5,-0.87,98.54,160.61,121.08,1,-1,-1,-1
246,8,280.54,502.87,85.45,81.67,1,-1,-1,-1
246,13,110.58,482.14,104.29,148.68,1,-1,-1,-1
246,14,945.57,193.40,141.09,107.29,1,-1,-1,-1
247,5,-0.02,97.59,160.49,121.80,1,-1,-1,-1
247,8,281.73,501.11,82.29,81.91,1,-1,-1,-1
247,13,105.84,472.61,104.44,148.94,1,-1,-1,-1
247,14,943.29,188.09,143.31,111.09,1,-1,-1,-1
248,5,0.41,99.14,161.24,119.32,1,-1,-1,-1
248,8,280.46,500.04,83.37,81.79,1,-1,-1,-1
248,13,103.11,467.53,104.91,149.62,1,-1,-1,-1
248,14,940.83,183.40,143.79,114.31,1,-1,-1,-1
249,5,0.90,100.11,162.77,117.46,1,-1,-1,-1
249,8,267.89,479.47,99.03,107.83,1,-1,-1,-1
250,8,266.78,473.29,96.78,110.37,1,-1,-1,-1
253,16,1.93,180.01,116.79,88.33,1,-1,-1,-1
254,16,1.29,171.62,117.91,100.24,1,-1,-1,-1
255,16,1.01,168.48,118.18,98.81,1,-1,-1,-1
255,17,616.61,243.85,94.57,67.39,1,-1,-1,-1
256,13,82.46,424.77,65.46,94.26,1,-1,-1,-1
256,16,0.51,151.16,118.19,116.70,1,-1,-1,-1
256,17,615.64,241.95,95.43,70.38,1,-1,-1,-1
257,13,79.86,422.60,70.60,78.71,1,-1,-1,-1
257,16,0.95,146.77,116.98,114.71,1,-1,-1,-1
257,17,614.00,243.17,96.29,67.06,1,-1,-1,-1
258,13,79.81,420.78,69.78,58.09,1,-1,-1,-1
258,16,0.48,159.84,117.20,95.00,1,-1,-1,-1
258,17,612.98,241.10,93.69,69.69,1,-1,-1,-1
259,16,1.41,148.22,115.54,112.57,1,-1,-1,-1
259,17,610.94,242.00,93.18,67.49,1,-1,-1,-1
259,18,166.50,406.51,79.25,86.95,1,-1,-1,-1
260,13,81.33,408.13,66.50,94.40,1,-1,-1,-1
260,16,1.75,146.40,114.76,112.65,1,-1,-1,-1
260,17,609.85,240.57,90.87,69.23,1,-1,-1,-1
260,18,167.13,406.11,77.64,87.05,1,-1,-1,-1
261,13,82.13,412.75,64.80,92.41,1,-1,-1,-1
261,16,1.12,143.53,115.35,115.20,1,-1,-1,-1
261,17,608.00,235.51,91.11,74.03,1,-1,-1,-1
261,18,142.53,389.69,111.86,111.05,1,-1,-1,-1
262,13,82.51,414.27,66.21,94.06,1,-1,-1,-1
262,16,0.91,142.61,115.33,115.26,1,-1,-1,-1
262,17,608.70,235.21,87.75,72.05,1,-1,-1,-1
262,18,130.97,364.24,117.58,138.38,1,-1,-1,-1
263,13,83.34,415.91,64.39,92.83,1,-1,-1,-1
263,16,0.83,142.16,115.18,115.21,1,-1,-1,-1
263,17,609.42,232.66,84.17,73.89,1,-1,-1,-1
263,18,132.54,381.28,108.81,106.71,1,-1,-1,-1
264,13,83.12,416.28,65.15,93.59,1,-1,-1,-1
264,16,0.55,142.26,115.29,114.39,1,-1,-1,-1
264,17,609.35,231.87,82.57,73.11,1,-1,-1,-1
264,18,129.89,382.86,111.53,107.37,1,-1,-1,-1
265,13,84.12,415.86,70.79,95.72,1,-1,-1,-1
265,16,0.65,142.46,114.68,113.84,1,-1,-1,-1
265,17,606.27,230.20,84.86,74.13,1,-1,-1,-1
265,18,129.78,384.03,112.10,108.00,1,-1,-1,-1
266,16,0.59,142.42,114.33,113.87,1,-1,-1,-1
266,17,605.72,231.02,82.80,72.60,1,-1,-1,-1
266,18,106.86,359.58,142.21,139.97,1,-1,-1,-1
267,13,84.82,416.22,65.20,94.20,1,-1,-1,-1
267,16,0.29,142.83,114.17,113.21,1,-1,-1,-1
267,17,604.52,229.62,82.50,74.60,1,-1,-1,-1
267,18,119.34,367.98,120.76,123.24,1,-1,-1,-1
268,13,81.97,416.10,66.38,93.08,1,-1,-1,-1
268,16,0.13,142.97,113.99,112.64,1,-1,-1,-1
268,17,603.87,227.32,82.60,77.21,1,-1,-1,-1
268,18,119.70,361.92,121.21,130.12,1,-1,-1,-1
269,13,80.42,415.64,65.98,91.93,1,-1,-1,-1
269,16,-0.08,142.61,114.07,113.16,1,-1,-1,-1
269,17,603.69,228.14,81.43,75.10,1,-1,-1,-1
269,18,118.53,355.36,119.49,132.33,1,-1,-1,-1
270,13,79.00,414.28,65.71,92.19,1,-1,-1,-1
270,16,-0.11,142.23,114.01,113.73,1,-1,-1,-1
270,17,602.66,227.38,80.91,75.87,1,-1,-1,-1
270,18,119.53,353.01,117.10,128.42,1,-1,-1,-1
271,13,78.08,413.64,65.96,92.20,1,-1,-1,-1
271,16,-0.12,142.09,114.01,113.91,1,-1,-1,-1
271,17,602.27,227.36,80.66,75.61,1,-1,-1,-1
271,18,119.44,351.01,117.50,128.59,1,-1,-1,-1
272,13,77.31,413.44,66.59,92.14,1,-1,-1,-1
272,16,-0.11,142.07,114.07,113.96,1,-1,-1,-1
272,17,601.86,227.38,81.09,75.46,1,-1,-1,-1
272,18,120.03,350.51,116.91,128.46,1,-1,-1,-1
273,13,73.18,412.84,71.02,90.57,1,-1,-1,-1
273,16,-0.06,142.58,114.03,113.02,1,-1,-1,-1
273,17,600.51,227.51,81.37,75.14,1,-1,-1,-1
273,18,115.32,352.29,124.39,126.39,1,-1,-1,-1
274,13,72.83,411.26,70.55,88.89,1,-1,-1,-1
274,16,-0.07,142.65,114.22,112.39,1,-1,-1,-1
274,17,600.05,225.67,77.57,75.69,1,-1,-1,-1
274,18,113.74,350.77,124.04,128.53,1,-1,-1,-1
275,13,72.52,408.85,69.47,89.96,1,-1,-1,-1
275,16,-0.07,142.71,114.45,112.03,1,-1,-1,-1
275,17,595.97,224.39,78.86,76.16,1,-1,-1,-1
275,18,112.42,350.67,124.15,129.00,1,-1,-1,-1
276,13,72.60,407.87,69.40,89.75,1,-1,-1,-1
276,16,-0.00,142.77,114.65,111.50,1,-1,-1,-1
276,17,593.65,224.81,78.57,74.69,1,-1,-1,-1
276,18,134.51,385.10,95.16,85.69,1,-1,-1,-1
277,13,72.33,407.45,69.66,90.30,1,-1,-1,-1
277,16,-0.28,143.27,116.16,110.83,1,-1,-1,-1
277,17,592.18,224.00,78.19,73.55,1,-1,-1,-1
277,18,137.73,392.40,96.88,85.81,1,-1,-1,-1
278,13,72.96,407.53,69.19,90.59,1,-1,-1,-1
278,16,-0.27,143.40,117.35,110.60,1,-1,-1,-1
278,17,591.82,222.74,77.23,73.67,1,-1,-1,-1
278,18,137.99,395.53,99.40,86.25,1,-1,-1,-1
279,13,72.95,407.73,69.05,90.82,1,-1,-1,-1
279,16,-0.14,143.24,118.60,110.79,1,-1,-1,-1
279,17,591.99,222.76,76.47,71.77,1,-1,-1,-1
279,18,117.58,362.32,125.64,129.32,1,-1,-1,-1
280,13,72.25,408.13,69.64,90.02,1,-1,-1,-1
280,16,-0.18,143.36,120.50,110.48,1,-1,-1,-1
280,17,591.57,222.78,76.77,70.62,1,-1,-1,-1
280,18,113.31,353.87,125.45,129.67,1,-1,-1,-1
281,13,71.58,407.98,69.73,88.69,1,-1,-1,-1
281,16,0.09,143.26,121.77,111.10,1,-1,-1,-1
281,17,590.07,221.60,78.02,71.63,1,-1,-1,-1
281,18,114.34,353.25,120.79,123.98,1,-1,-1,-1
282,13,71.28,407.75,69.54,86.20,1,-1,-1,-1
282,16,0.89,144.00,121.95,109.50,1,-1,-1,-1
282,17,590.37,221.17,76.76,70.78,1,-1,-1,-1
282,18,137.45,383.56,90.62,83.01,1,-1,-1,-1
283,13,70.37,406.42,70.82,86.57,1,-1,-1,-1
283,16,2.74,143.62,120.67,110.19,1,-1,-1,-1
283,17,590.13,220.48,76.62,70.77,1,-1,-1,-1
283,18,114.90,351.77,123.96,128.99,1,-1,-1,-1
284,13,70.34,404.27,69.17,86.38,1,-1,-1,-1
284,16,3.42,143.50,122.18,110.50,1,-1,-1,-1
284,17,590.88,220.50,75.12,69.86,1,-1,-1,-1
284,18,111.31,345.74,121.48,128.35,1,-1,-1,-1
285,16,4.12,143.96,123.63,109.78,1,-1,-1,-1
285,17,590.57,219.37,75.57,70.96,1,-1,-1,-1
285,18,108.58,347.64,122.56,123.53,1,-1,-1,-1
286,16,5.28,144.28,123.82,109.21,1,-1,-1,-1
286,17,589.51,218.61,77.01,70.93,1,-1,-1,-1
286,18,106.24,340.74,123.62,131.59,1,-1,-1,-1
287,16,6.32,144.16,125.02,109.22,1,-1,-1,-1
287,17,589.88,219.02,76.40,69.75,1,-1,-1,-1
288,13,68.16,395.07,66.03,89.38,1,-1,-1,-1
288,16,7.79,143.92,125.97,108.71,1,-1,-1,-1
288,17,590.90,218.35,75.23,70.49,1,-1,-1,-1
289,13,68.88,394.64,63.06,84.70,1,-1,-1,-1
289,16,10.30,143.94,125.09,108.54,1,-1,-1,-1
289,17,590.49,218.12,76.06,70.45,1,-1,-1,-1
290,13,68.57,392.38,60.75,84.51,1,-1,-1,-1
290,16,13.04,143.40,124.29,109.34,1,-1,-1,-1
290,17,590.86,218.48,75.16,69.68,1,-1,-1,-1
291,13,68.48,390.85,59.89,82.99,1,-1,-1,-1
291,16,14.68,143.24,124.97,109.39,1,-1,-1,-1
291,17,590.73,218.90,75.04,68.52,1,-1,-1,-1
291,18,96.50,332.55,122.17,126.94,1,-1,-1,-1
292,16,16.64,142.40,123.79,110.44,1,-1,-1,-1
292,17,591.28,219.57,73.71,67.76,1,-1,-1,-1
292,18,86.16,331.30,132.72,123.61,1,-1,-1,-1
293,16,17.78,142.34,123.85,110.41,1,-1,-1,-1
293,17,590.96,221.49,73.92,64.98,1,-1,-1,-1
293,18,92.36,331.70,107.59,113.61,1,-1,-1,-1
294,16,18.23,141.80,125.56,110.95,1,-1,-1,-1
294,17,591.55,222.05,72.62,64.37,1,-1,-1,-1
294,18,90.78,326.76,119.08,122.71,1,-1,-1,-1
295,16,19.64,141.33,125.56,111.22,1,-1,-1,-1
295,17,594.26,222.84,68.12,62.92,1,-1,-1,-1
295,18,86.49,326.33,122.13,120.40,1,-1,-1,-1
296,13,60.54,377.33,62.36,82.06,1,-1,-1,-1
296,16,22.28,140.88,123.66,111.41,1,-1,-1,-1
296,17,595.44,223.82,66.23,61.33,1,-1,-1,-1
296,18,94.99,326.33,108.94,115.72,1,-1,-1,-1
297,13,61.30,376.18,60.94,82.03,1,-1,-1,-1
297,16,23.05,140.74,123.69,111.37,1,-1,-1,-1
297,17,594.77,224.07,67.16,61.06,1,-1,-1,-1
297,18,97.04,325.90,106.95,113.55,1,-1,-1,-1
298,16,24.05,143.48,124.16,107.98,1,-1,-1,-1
298,17,590.38,224.15,71.28,61.24,1,-1,-1,-1
298,18,72.14,317.15,141.60,133.27,1,-1,-1,-1
299,16,26.31,140.78,124.47,111.28,1,-1,-1,-1
299,17,586.50,225.43,72.18,57.46,1,-1,-1,-1
299,18,68.18,318.43,139.20,131.02,1,-1,-1,-1
300,16,28.52,141.65,125.39,109.27,1,-1,-1,-1
