2,1,0.24,307.29,146.95,139.49,1,-1,-1,-1
2,2,363.41,103.29,148.85,105.37,1,-1,-1,-1
3,1,-0.01,315.70,136.78,131.88,1,-1,-1,-1
3,2,365.68,103.35,148.09,104.49,1,-1,-1,-1
4,1,-0.63,313.10,138.10,136.41,1,-1,-1,-1
4,2,368.98,103.40,145.07,103.13,1,-1,-1,-1
5,1,-2.23,317.86,130.73,133.24,1,-1,-1,-1
5,2,370.51,103.48,143.20,102.38,1,-1,-1,-1
6,1,-0.77,333.30,121.52,122.39,1,-1,-1,-1
6,2,372.67,103.66,141.74,101.79,1,-1,-1,-1
7,1,-6.50,288.98,130.37,149.51,1,-1,-1,-1
7,2,374.19,103.46,140.54,101.22,1,-1,-1,-1
8,1,-4.57,313.28,122.56,140.99,1,-1,-1,-1
8,2,375.95,103.86,138.78,100.45,1,-1,-1,-1
8,3,1233.07,124.37,19.43,99.62,1,-1,-1,-1
9,1,-4.82,322.87,114.39,136.49,1,-1,-1,-1
9,2,378.09,104.07,137.64,99.99,1,-1,-1,-1
9,3,1230.84,123.06,21.27,101.17,1,-1,-1,-1
10,1,-3.58,331.15,108.56,132.01,1,-1,-1,-1
10,2,380.02,103.71,136.25,100.00,1,-1,-1,-1
10,3,1228.68,124.75,23.07,100.44,1,-1,-1,-1
11,1,-2.92,332.96,103.95,130.79,1,-1,-1,-1
11,2,381.09,103.33,135.27,99.97,1,-1,-1,-1
12,1,-1.79,334.15,101.09,130.21,1,-1,-1,-1
12,2,382.04,103.02,133.99,99.80,1,-1,-1,-1
12,3,1226.40,124.79,25.20,99.06,1,-1,-1,-1
13,2,382.63,102.95,133.03,99.57,1,-1,-1,-1
13,3,1227.63,112.58,25.15,102.16,1,-1,-1,-1
14,2,383.50,103.05,131.30,99.03,1,-1,-1,-1
14,3,1224.57,129.39,27.11,92.11,1,-1,-1,-1
15,2,384.82,103.18,130.17,98.24,1,-1,-1,-1
16,2,387.95,103.07,129.20,97.48,1,-1,-1,-1
16,3,1223.55,123.38,28.60,96.40,1,-1,-1,-1
17,1,0.29,332.68,96.17,130.91,1,-1,-1,-1
17,2,391.36,102.94,128.82,97.04,1,-1,-1,-1
17,3,1224.46,121.07,28.35,98.25,1,-1,-1,-1
18,2,392.85,102.96,127.56,96.64,1,-1,-1,-1
18,3,1225.55,121.27,27.68,99.19,1,-1,-1,-1
19,1,0.64,330.54,96.89,135.25,1,-1,-1,-1
19,2,394.53,102.76,126.64,96.36,1,-1,-1,-1
20,1,0.50,328.91,97.29,137.97,1,-1,-1,-1
20,2,396.86,102.33,126.24,96.15,1,-1,-1,-1
20,3,1228.71,125.83,25.45,96.93,1,-1,-1,-1
21,1,0.27,328.14,96.88,139.41,1,-1,-1,-1
21,2,398.25,101.55,124.90,96.15,1,-1,-1,-1
22,1,1.11,327.31,98.06,140.67,1,-1,-1,-1
22,2,399.12,99.89,123.77,96.70,1,-1,-1,-1
23,1,0.37,327.37,97.21,140.84,1,-1,-1,-1
23,2,400.06,98.98,121.83,96.91,1,-1,-1,-1
24,1,-0.54,328.32,95.23,139.75,1,-1,-1,-1
24,2,401.01,98.87,120.49,96.88,1,-1,-1,-1
25,1,5.76,329.85,103.87,139.06,1,-1,-1,-1
25,2,402.00,98.56,119.32,97.05,1,-1,-1,-1
26,1,-0.56,329.72,98.68,138.32,1,-1,-1,-1
26,2,403.54,98.14,119.93,97.43,1,-1,-1,-1
27,1,-2.12,330.82,94.83,137.26,1,-1,-1,-1
27,2,404.36,97.77,119.85,97.73,1,-1,-1,-1
28,1,-3.85,333.74,89.09,134.74,1,-1,-1,-1
28,2,404.95,97.15,120.32,98.08,1,-1,-1,-1
29,1,-3.49,333.99,85.01,133.71,1,-1,-1,-1
29,2,405.17,96.45,120.56,98.57,1,-1,-1,-1
30,1,-1.97,333.73,83.13,133.53,1,-1,-1,-1
30,2,405.34,95.57,120.98,99.27,1,-1,-1,-1
31,1,0.08,334.90,83.47,132.89,1,-1,-1,-1
31,2,405.48,94.92,121.01,99.99,1,-1,-1,-1
32,1,1.13,332.63,84.37,133.97,1,-1,-1,-1
32,2,405.21,94.57,121.40,100.59,1,-1,-1,-1
33,2,404.62,94.25,121.02,100.94,1,-1,-1,-1
34,1,1.27,331.48,84.16,134.29,1,-1,-1,-1
34,2,404.51,94.69,121.32,100.94,1,-1,-1,-1
35,1,1.29,330.44,84.88,135.53,1,-1,-1,-1
35,2,404.52,94.89,122.73,100.98,1,-1,-1,-1
36,1,0.98,330.05,84.96,136.20,1,-1,-1,-1
36,2,403.64,96.01,123.00,100.42,1,-1,-1,-1
37,1,1.29,330.59,85.66,136.25,1,-1,-1,-1
37,2,402.75,96.17,122.67,100.38,1,-1,-1,-1
38,1,1.31,330.56,86.16,136.39,1,-1,-1,-1
38,2,402.11,96.52,122.20,100.19,1,-1,-1,-1
39,1,1.34,331.18,86.68,136.21,1,-1,-1,-1
39,2,401.70,96.72,122.04,100.18,1,-1,-1,-1
40,1,0.68,330.78,86.19,136.30,1,-1,-1,-1
40,2,401.74,97.59,122.79,99.81,1,-1,-1,-1
41,2,400.85,98.13,124.41,99.66,1,-1,-1,-1
42,2,399.50,99.65,126.48,99.17,1,-1,-1,-1
43,2,397.72,100.88,127.39,98.50,1,-1,-1,-1
44,1,1.28,332.09,85.43,134.33,1,-1,-1,-1
44,2,397.36,101.68,129.50,98.33,1,-1,-1,-1
45,2,395.29,102.26,130.93,98.10,1,-1,-1,-1
46,1,0.98,330.42,85.52,135.73,1,-1,-1,-1
46,2,392.25,102.55,131.51,97.96,1,-1,-1,-1
47,2,389.06,103.11,132.29,97.86,1,-1,-1,-1
48,1,1.05,332.57,85.70,134.64,1,-1,-1,-1
48,2,385.80,103.77,131.54,97.71,1,-1,-1,-1
49,1,0.65,332.86,85.54,134.51,1,-1,-1,-1
49,2,384.66,104.45,132.77,98.32,1,-1,-1,-1
50,1,0.63,332.78,85.55,134.51,1,-1,-1,-1
50,2,382.50,104.46,133.70,98.56,1,-1,-1,-1
51,1,0.60,333.85,85.46,133.82,1,-1,-1,-1
51,2,379.73,104.76,135.36,99.09,1,-1,-1,-1
52,1,1.18,333.68,86.31,133.95,1,-1,-1,-1
52,2,375.99,104.90,137.41,99.61,1,-1,-1,-1
53,1,0.90,335.09,86.32,133.14,1,-1,-1,-1
53,2,372.14,104.98,140.08,100.24,1,-1,-1,-1
54,1,0.96,334.59,86.62,133.24,1,-1,-1,-1
54,2,368.35,105.46,142.89,101.38,1,-1,-1,-1
55,2,365.11,105.20,145.29,102.49,1,-1,-1,-1
56,2,361.71,105.00,147.62,103.93,1,-1,-1,-1
57,1,1.20,335.81,86.47,131.98,1,-1,-1,-1
57,2,357.97,104.70,150.93,105.37,1,-1,-1,-1
58,2,353.10,104.34,153.55,107.03,1,-1,-1,-1
59,2,348.46,105.07,155.75,107.80,1,-1,-1,-1
60,2,343.67,105.29,156.82,109.20,1,-1,-1,-1
61,2,339.02,103.15,156.90,111.38,1,-1,-1,-1
62,2,335.84,103.56,156.99,112.49,1,-1,-1,-1
63,2,331.49,98.92,158.48,116.12,1,-1,-1,-1
64,2,327.52,99.56,161.69,117.43,1,-1,-1,-1
65,2,323.02,99.14,163.20,118.78,1,-1,-1,-1
66,2,318.61,102.80,164.23,117.81,1,-1,-1,-1
67,2,313.69,107.03,163.70,115.69,1,-1,-1,-1
68,2,309.30,109.08,163.69,114.89,1,-1,-1,-1
69,2,306.88,111.63,166.94,113.53,1,-1,-1,-1
71,5,24.85,79.13,178.34,108.10,1,-1,-1,-1
71,6,530.89,346.56,108.77,115.59,1,-1,-1,-1
71,7,475.52,449.92,118.77,120.10,1,-1,-1,-1
71,8,644.93,472.38,72.88,64.49,1,-1,-1,-1
72,4,974.56,205.09,157.05,123.76,1,-1,-1,-1
72,5,24.80,79.07,178.64,108.27,1,-1,-1,-1
72,6,532.51,346.31,111.50,117.88,1,-1,-1,-1
72,7,473.25,440.54,121.54,124.42,1,-1,-1,-1
72,8,649.12,472.38,72.29,63.45,1,-1,-1,-1
73,4,969.29,205.11,154.65,123.45,1,-1,-1,-1
73,5,24.73,79.02,178.59,108.21,1,-1,-1,-1
73,6,534.96,344.72,111.99,116.27,1,-1,-1,-1
73,7,471.47,430.91,102.83,99.44,1,-1,-1,-1
74,4,965.30,203.62,155.78,124.22,1,-1,-1,-1
74,5,24.65,79.02,178.43,108.17,1,-1,-1,-1
74,6,536.75,344.64,112.42,114.83,1,-1,-1,-1
74,7,474.44,431.45,91.99,86.15,1,-1,-1,-1
74,9,530.04,474.68,72.88,94.46,1,-1,-1,-1
75,4,960.46,202.04,155.47,125.32,1,-1,-1,-1
75,5,24.70,79.13,177.99,107.98,1,-1,-1,-1
75,6,538.41,344.75,111.50,113.23,1,-1,-1,-1
75,7,477.02,433.71,86.58,79.40,1,-1,-1,-1
75,9,530.93,474.48,72.51,94.58,1,-1,-1,-1
76,4,956.39,202.51,155.33,125.31,1,-1,-1,-1
76,5,24.76,79.16,177.77,107.94,1,-1,-1,-1
76,6,537.74,344.90,111.90,112.49,1,-1,-1,-1
76,7,478.08,435.94,84.98,76.46,1,-1,-1,-1
76,9,530.78,473.17,73.27,96.16,1,-1,-1,-1
77,4,951.71,202.30,157.30,126.69,1,-1,-1,-1
77,5,24.79,79.19,177.57,107.92,1,-1,-1,-1
77,6,535.72,345.31,112.71,112.24,1,-1,-1,-1
77,8,648.68,472.99,76.61,63.54,1,-1,-1,-1
77,9,492.66,444.03,104.72,126.44,1,-1,-1,-1
78,4,947.46,201.59,157.83,127.66,1,-1,-1,-1
78,5,24.88,79.29,177.47,107.91,1,-1,-1,-1
78,6,536.93,345.72,111.57,112.10,1,-1,-1,-1
78,7,477.40,438.40,82.98,73.73,1,-1,-1,-1
78,9,511.17,457.25,93.14,116.21,1,-1,-1,-1
79,4,943.74,201.58,158.20,128.30,1,-1,-1,-1
79,5,24.92,79.32,177.50,107.95,1,-1,-1,-1
79,6,536.32,346.12,111.28,112.46,1,-1,-1,-1
79,7,476.08,438.87,86.21,75.49,1,-1,-1,-1
79,9,518.98,463.92,85.61,109.70,1,-1,-1,-1
80,4,928.98,230.71,134.23,109.51,1,-1,-1,-1
80,5,24.91,79.23,177.43,108.05,1,-1,-1,-1
80,7,474.92,439.12,87.75,76.15,1,-1,-1,-1
80,8,648.23,472.50,76.29,63.33,1,-1,-1,-1
80,9,522.58,468.88,80.81,104.78,1,-1,-1,-1
81,4,940.59,216.02,141.54,115.63,1,-1,-1,-1
81,5,23.88,79.18,175.74,107.95,1,-1,-1,-1
81,6,536.43,345.31,110.41,109.72,1,-1,-1,-1
81,7,479.14,440.62,98.17,82.61,1,-1,-1,-1
81,8,649.94,472.84,74.63,63.00,1,-1,-1,-1
82,4,943.24,209.78,146.53,119.42,1,-1,-1,-1
82,5,23.69,79.11,174.45,107.81,1,-1,-1,-1
82,6,535.63,345.84,110.67,108.80,1,-1,-1,-1
82,7,474.46,438.82,96.54,81.14,1,-1,-1,-1
82,8,650.96,472.80,73.54,63.12,1,-1,-1,-1
82,9,524.83,475.16,76.60,98.63,1,-1,-1,-1
83,4,942.31,206.25,151.05,122.55,1,-1,-1,-1
83,5,23.90,79.03,173.59,107.71,1,-1,-1,-1
83,6,535.93,347.11,110.49,109.98,1,-1,-1,-1
83,7,478.00,446.07,106.25,94.00,1,-1,-1,-1
83,8,651.37,473.40,72.49,62.76,1,-1,-1,-1
84,4,943.10,205.34,152.80,123.94,1,-1,-1,-1
84,5,24.09,79.03,172.89,107.69,1,-1,-1,-1
84,6,534.14,347.39,110.83,110.00,1,-1,-1,-1
84,7,476.92,447.34,112.24,103.22,1,-1,-1,-1
84,8,650.25,471.92,71.93,63.76,1,-1,-1,-1
85,4,949.93,209.03,149.98,122.15,1,-1,-1,-1
85,5,24.29,79.05,172.43,107.69,1,-1,-1,-1
85,6,535.36,347.99,108.59,110.18,1,-1,-1,-1
85,7,468.70,438.16,108.08,96.18,1,-1,-1,-1
85,8,648.65,471.44,71.91,64.50,1,-1,-1,-1
85,9,523.57,478.87,74.08,95.35,1,-1,-1,-1
86,5,25.44,78.99,173.37,107.92,1,-1,-1,-1
86,6,530.83,349.06,109.32,111.83,1,-1,-1,-1
86,7,463.93,435.78,103.36,90.81,1,-1,-1,-1
86,8,645.15,470.85,72.21,65.87,1,-1,-1,-1
87,5,25.85,79.04,174.46,108.03,1,-1,-1,-1
87,6,528.47,348.56,106.87,111.40,1,-1,-1,-1
87,7,462.08,436.05,101.50,87.17,1,-1,-1,-1
87,8,642.52,471.71,72.03,66.35,1,-1,-1,-1
87,9,517.87,488.51,72.03,87.98,1,-1,-1,-1
88,5,24.71,78.95,173.63,107.97,1,-1,-1,-1
88,6,526.34,349.44,105.25,113.00,1,-1,-1,-1
88,7,458.99,437.00,101.00,84.64,1,-1,-1,-1
88,9,512.44,491.25,70.67,84.85,1,-1,-1,-1
89,5,24.44,78.93,173.05,107.95,1,-1,-1,-1
89,6,525.63,347.00,102.92,109.17,1,-1,-1,-1
89,7,455.13,437.73,101.04,82.71,1,-1,-1,-1
89,9,511.10,492.27,73.24,83.68,1,-1,-1,-1
90,4,940.12,208.78,123.74,114.17,1,-1,-1,-1
90,5,25.51,78.88,173.93,108.13,1,-1,-1,-1
90,6,517.89,350.52,105.75,111.99,1,-1,-1,-1
90,7,450.76,438.74,100.37,81.29,1,-1,-1,-1
90,8,630.94,472.11,72.77,67.73,1,-1,-1,-1
91,4,944.15,208.53,114.75,108.67,1,-1,-1,-1
91,5,25.87,78.98,174.86,108.15,1,-1,-1,-1
91,6,519.28,350.55,103.31,111.62,1,-1,-1,-1
91,7,449.02,439.58,102.75,80.40,1,-1,-1,-1
92,4,956.77,207.67,129.42,115.55,1,-1,-1,-1
92,5,25.77,78.91,175.26,108.27,1,-1,-1,-1
92,6,519.99,349.51,100.35,108.72,1,-1,-1,-1
92,7,447.76,438.86,106.08,80.70,1,-1,-1,-1
92,9,500.75,491.53,73.27,84.76,1,-1,-1,-1
93,4,949.99,229.96,117.65,102.80,1,-1,-1,-1
93,5,25.64,78.78,175.68,108.40,1,-1,-1,-1
93,6,519.85,349.92,98.22,107.17,1,-1,-1,-1
93,7,445.28,449.94,116.07,96.29,1,-1,-1,-1
93,8,621.20,472.12,75.38,69.93,1,-1,-1,-1
94,4,963.77,214.46,128.21,111.03,1,-1,-1,-1
94,5,25.52,78.66,176.14,108.57,1,-1,-1,-1
94,6,520.29,350.25,96.59,106.03,1,-1,-1,-1
94,7,444.46,451.04,122.41,107.94,1,-1,-1,-1
94,8,618.99,471.97,76.84,70.80,1,-1,-1,-1
95,4,969.38,208.32,136.30,115.10,1,-1,-1,-1
95,5,25.46,78.62,176.40,108.68,1,-1,-1,-1
95,6,520.88,350.39,95.45,104.92,1,-1,-1,-1
95,7,443.35,449.71,125.92,116.30,1,-1,-1,-1
95,8,616.61,470.69,78.53,72.05,1,-1,-1,-1
96,4,971.94,206.32,141.66,118.55,1,-1,-1,-1
96,5,25.46,78.63,176.56,108.73,1,-1,-1,-1
96,6,520.79,351.02,94.60,104.70,1,-1,-1,-1
96,7,441.46,448.03,126.61,122.21,1,-1,-1,-1
96,8,618.90,472.10,77.23,71.37,1,-1,-1,-1
97,4,970.15,206.20,138.60,119.64,1,-1,-1,-1
97,5,25.42,78.58,176.79,108.81,1,-1,-1,-1
97,6,518.98,352.64,94.45,107.20,1,-1,-1,-1
97,7,443.65,452.88,123.83,122.65,1,-1,-1,-1
97,8,621.42,473.93,75.05,70.15,1,-1,-1,-1
98,4,976.27,206.75,144.06,120.20,1,-1,-1,-1
98,5,25.36,78.52,176.92,108.89,1,-1,-1,-1
98,6,512.79,353.61,98.42,110.83,1,-1,-1,-1
98,7,442.39,450.89,123.05,125.18,1,-1,-1,-1
98,8,620.70,473.49,73.93,70.08,1,-1,-1,-1
99,4,966.28,226.80,130.10,109.46,1,-1,-1,-1
99,5,25.27,78.48,176.94,108.96,1,-1,-1,-1
99,6,509.30,352.43,99.98,112.28,1,-1,-1,-1
99,7,433.01,436.69,118.56,111.95,1,-1,-1,-1
99,8,617.64,473.38,74.01,69.66,1,-1,-1,-1
99,9,492.17,494.74,69.89,82.21,1,-1,-1,-1
100,4,968.20,238.45,118.49,99.92,1,-1,-1,-1
100,5,25.26,78.43,177.05,108.99,1,-1,-1,-1
100,6,507.57,348.09,100.00,106.25,1,-1,-1,-1
100,7,428.26,433.88,113.98,102.66,1,-1,-1,-1
100,9,488.45,492.47,71.60,84.60,1,-1,-1,-1
101,5,25.21,78.43,177.08,109.00,1,-1,-1,-1
101,6,504.42,350.64,100.70,106.97,1,-1,-1,-1
101,7,429.23,440.13,116.06,103.96,1,-1,-1,-1
101,8,609.36,474.29,75.22,69.39,1,-1,-1,-1
102,4,991.20,217.22,128.18,108.19,1,-1,-1,-1
102,5,25.28,78.43,177.07,109.02,1,-1,-1,-1
102,6,495.83,353.45,102.96,110.63,1,-1,-1,-1
102,7,425.12,445.50,117.36,108.41,1,-1,-1,-1
103,5,25.32,78.40,177.18,109.05,1,-1,-1,-1
103,6,488.54,355.28,104.29,113.76,1,-1,-1,-1
103,7,420.81,449.46,119.27,115.41,1,-1,-1,-1
104,5,25.32,78.37,177.31,109.07,1,-1,-1,-1
104,6,485.58,354.92,105.39,115.79,1,-1,-1,-1
104,7,418.98,449.71,120.49,120.93,1,-1,-1,-1
105,4,987.68,237.45,112.05,95.30,1,-1,-1,-1
105,5,25.29,78.35,177.32,109.08,1,-1,-1,-1
105,6,482.20,353.91,105.23,115.67,1,-1,-1,-1
105,7,415.34,444.98,120.34,116.26,1,-1,-1,-1
106,4,1010.37,220.57,122.48,103.01,1,-1,-1,-1
106,5,25.37,78.35,177.65,109.08,1,-1,-1,-1
106,6,472.49,355.53,106.22,117.79,1,-1,-1,-1
106,7,404.79,450.01,120.37,120.66,1,-1,-1,-1
107,4,1013.49,212.22,131.16,109.19,1,-1,-1,-1
107,5,25.27,78.40,177.93,109.07,1,-1,-1,-1
107,6,464.42,355.93,106.54,117.39,1,-1,-1,-1
107,7,393.42,443.30,116.86,109.53,1,-1,-1,-1
107,8,568.36,481.18,81.75,72.07,1,-1,-1,-1
108,4,1012.62,207.60,137.57,113.38,1,-1,-1,-1
108,5,25.20,78.42,178.12,109.06,1,-1,-1,-1
108,6,456.27,357.66,106.79,118.28,1,-1,-1,-1
108,7,388.68,454.87,119.17,117.75,1,-1,-1,-1
109,4,1020.65,217.44,137.23,107.66,1,-1,-1,-1
109,5,25.12,78.42,178.31,109.07,1,-1,-1,-1
109,6,448.90,362.91,106.66,118.14,1,-1,-1,-1
109,7,382.27,463.76,119.06,120.90,1,-1,-1,-1
110,4,1015.79,212.06,141.56,109.65,1,-1,-1,-1
110,5,25.08,78.43,178.42,109.02,1,-1,-1,-1
110,6,441.44,359.89,106.31,117.66,1,-1,-1,-1
110,7,371.39,451.77,117.62,109.11,1,-1,-1,-1
111,4,1013.43,208.79,144.02,110.90,1,-1,-1,-1
111,5,25.06,78.43,178.47,109.00,1,-1,-1,-1
111,6,432.80,363.28,106.94,118.34,1,-1,-1,-1
111,7,360.51,449.77,113.55,101.19,1,-1,-1,-1
112,4,1010.63,206.29,145.82,111.97,1,-1,-1,-1
112,5,24.94,78.41,178.51,109.01,1,-1,-1,-1
112,6,426.02,363.11,106.05,119.57,1,-1,-1,-1
112,7,352.40,450.68,108.45,95.62,1,-1,-1,-1
112,8,536.03,484.16,82.18,73.57,1,-1,-1,-1
113,4,1008.38,202.69,147.12,113.50,1,-1,-1,-1
113,5,24.89,78.51,178.52,108.95,1,-1,-1,-1
113,6,419.56,366.48,106.79,120.80,1,-1,-1,-1
113,7,350.48,464.74,112.03,106.51,1,-1,-1,-1
114,4,1005.81,200.86,148.35,114.03,1,-1,-1,-1
114,5,24.83,78.53,178.48,108.89,1,-1,-1,-1
114,6,414.80,366.18,107.44,120.95,1,-1,-1,-1
114,7,343.30,456.46,105.19,99.86,1,-1,-1,-1
115,5,24.81,78.53,178.45,108.85,1,-1,-1,-1
115,6,408.79,364.92,107.98,119.66,1,-1,-1,-1
115,7,344.14,478.47,107.43,104.00,1,-1,-1,-1
116,5,24.81,78.51,178.43,108.84,1,-1,-1,-1
116,6,404.00,363.09,106.21,118.11,1,-1,-1,-1
116,7,333.72,463.25,103.50,97.04,1,-1,-1,-1
117,4,995.55,192.74,149.12,115.96,1,-1,-1,-1
117,5,24.84,78.54,178.46,108.84,1,-1,-1,-1
117,6,398.83,363.41,105.71,116.57,1,-1,-1,-1
117,10,377.30,515.53,73.09,89.36,1,-1,-1,-1
118,4,990.22,193.80,149.24,114.38,1,-1,-1,-1
118,5,24.95,78.54,178.49,108.82,1,-1,-1,-1
118,6,393.71,367.74,106.07,116.50,1,-1,-1,-1
119,4,986.09,195.10,149.13,112.65,1,-1,-1,-1
119,5,25.05,78.56,178.54,108.87,1,-1,-1,-1
119,6,387.40,367.73,107.08,116.03,1,-1,-1,-1
119,7,318.69,476.34,112.18,114.26,1,-1,-1,-1
120,4,969.30,210.19,132.40,103.48,1,-1,-1,-1
120,5,25.01,78.62,178.70,108.89,1,-1,-1,-1
120,6,380.19,366.71,106.29,113.63,1,-1,-1,-1
121,4,973.46,204.84,133.33,103.27,1,-1,-1,-1
121,5,25.28,78.63,178.68,108.87,1,-1,-1,-1
121,6,372.79,369.51,106.25,113.43,1,-1,-1,-1
122,4,974.07,195.92,137.93,107.08,1,-1,-1,-1
122,5,25.34,78.75,178.73,108.82,1,-1,-1,-1
122,6,364.88,371.98,106.85,115.38,1,-1,-1,-1
123,4,971.78,189.64,140.79,110.35,1,-1,-1,-1
123,5,25.28,78.83,178.66,108.70,1,-1,-1,-1
123,6,356.71,372.07,107.56,115.84,1,-1,-1,-1
123,8,465.04,499.86,84.36,76.10,1,-1,-1,-1
124,4,968.42,185.40,142.67,113.14,1,-1,-1,-1
124,5,25.42,78.96,178.91,108.69,1,-1,-1,-1
124,6,347.43,372.40,107.96,115.85,1,-1,-1,-1
124,8,458.54,501.89,83.44,75.52,1,-1,-1,-1
125,4,965.35,183.16,143.48,114.94,1,-1,-1,-1
125,5,25.37,79.05,179.00,108.68,1,-1,-1,-1
125,6,338.67,372.47,106.86,114.67,1,-1,-1,-1
125,7,270.84,470.70,110.66,100.31,1,-1,-1,-1
125,8,452.57,502.14,82.23,76.30,1,-1,-1,-1
126,4,960.57,182.98,144.13,114.56,1,-1,-1,-1
126,5,25.54,79.01,179.34,108.78,1,-1,-1,-1
126,6,329.92,375.98,107.76,114.76,1,-1,-1,-1
126,8,439.65,503.78,84.49,76.09,1,-1,-1,-1
127,4,956.16,182.89,144.49,113.45,1,-1,-1,-1
127,5,25.59,78.98,179.87,109.09,1,-1,-1,-1
127,6,319.57,378.55,107.03,113.45,1,-1,-1,-1
127,8,434.07,505.95,82.74,75.72,1,-1,-1,-1
128,4,951.70,180.38,144.75,113.23,1,-1,-1,-1
128,5,25.49,79.01,180.38,109.41,1,-1,-1,-1
128,6,311.02,381.74,106.94,114.41,1,-1,-1,-1
128,7,241.28,473.66,104.89,91.82,1,-1,-1,-1
128,8,422.19,506.51,84.69,76.71,1,-1,-1,-1
129,4,947.16,178.13,145.24,113.81,1,-1,-1,-1
129,5,25.37,79.17,180.93,109.71,1,-1,-1,-1
129,7,231.57,475.32,102.83,88.08,1,-1,-1,-1
129,8,419.16,509.61,83.50,75.14,1,-1,-1,-1
130,4,944.22,178.86,145.24,112.99,1,-1,-1,-1
130,5,25.05,79.39,181.60,109.95,1,-1,-1,-1
130,7,225.20,476.30,100.91,85.73,1,-1,-1,-1
130,8,417.14,513.05,82.03,73.11,1,-1,-1,-1
131,4,941.81,177.51,144.73,112.90,1,-1,-1,-1
131,5,24.97,79.86,182.20,110.31,1,-1,-1,-1
131,7,221.52,477.21,99.24,84.99,1,-1,-1,-1
131,8,415.31,515.08,80.68,71.51,1,-1,-1,-1
132,4,940.60,174.17,143.63,113.98,1,-1,-1,-1
132,5,25.00,80.49,182.80,111.00,1,-1,-1,-1
132,7,220.34,477.31,96.86,83.87,1,-1,-1,-1
132,8,414.53,516.49,79.59,70.35,1,-1,-1,-1
132,11,267.41,531.19,77.80,95.06,1,-1,-1,-1
133,4,938.04,171.68,143.81,115.21,1,-1,-1,-1
133,5,24.83,80.77,183.19,111.57,1,-1,-1,-1
133,7,221.99,477.07,96.71,83.35,1,-1,-1,-1
133,8,415.05,517.67,78.46,69.31,1,-1,-1,-1
133,11,266.43,528.55,78.44,96.26,1,-1,-1,-1
134,5,24.71,81.01,183.28,111.97,1,-1,-1,-1
134,7,224.74,476.21,96.02,82.80,1,-1,-1,-1
134,8,415.12,518.24,78.01,68.65,1,-1,-1,-1
134,11,267.17,528.32,77.95,95.64,1,-1,-1,-1
135,4,933.41,169.00,144.98,116.96,1,-1,-1,-1
135,5,24.90,81.37,183.10,112.28,1,-1,-1,-1
135,7,226.62,475.80,94.20,82.11,1,-1,-1,-1
135,8,416.90,519.24,76.98,67.82,1,-1,-1,-1
135,11,267.27,527.96,77.81,95.10,1,-1,-1,-1
136,4,934.78,167.77,144.37,117.94,1,-1,-1,-1
136,5,24.99,81.38,183.25,112.61,1,-1,-1,-1
136,7,228.33,475.34,93.12,81.78,1,-1,-1,-1
136,8,418.58,519.85,75.88,67.10,1,-1,-1,-1
136,11,268.08,527.92,77.18,94.36,1,-1,-1,-1
137,4,935.30,167.55,144.34,118.51,1,-1,-1,-1
137,5,24.91,81.35,183.39,113.03,1,-1,-1,-1
137,7,230.65,475.69,93.90,81.97,1,-1,-1,-1
137,8,420.49,520.47,74.58,66.31,1,-1,-1,-1
137,11,268.64,528.34,77.01,93.86,1,-1,-1,-1
138,4,936.99,167.23,144.09,118.87,1,-1,-1,-1
138,5,24.88,81.53,183.65,113.55,1,-1,-1,-1
138,7,231.24,475.82,93.36,82.07,1,-1,-1,-1
138,8,421.91,519.64,73.94,66.35,1,-1,-1,-1
138,11,269.77,528.99,76.93,93.23,1,-1,-1,-1
139,4,939.66,166.80,143.20,118.82,1,-1,-1,-1
139,5,24.62,81.93,184.22,113.97,1,-1,-1,-1
139,7,230.98,475.70,91.22,81.91,1,-1,-1,-1
139,8,423.52,519.67,74.25,65.88,1,-1,-1,-1
139,11,271.67,530.01,77.17,92.33,1,-1,-1,-1
140,4,941.71,166.67,142.56,118.65,1,-1,-1,-1
140,5,24.63,82.37,184.68,114.50,1,-1,-1,-1
140,7,233.14,475.21,90.86,81.63,1,-1,-1,-1
140,8,424.21,517.06,74.94,66.97,1,-1,-1,-1
140,11,274.62,530.12,76.19,91.14,1,-1,-1,-1
141,4,943.04,166.71,142.51,118.81,1,-1,-1,-1
141,5,24.92,82.75,184.72,114.88,1,-1,-1,-1
141,7,234.92,475.13,90.71,81.35,1,-1,-1,-1
141,8,424.95,515.30,75.43,67.85,1,-1,-1,-1
141,11,276.91,530.44,75.67,90.29,1,-1,-1,-1
142,4,944.68,166.52,143.02,119.59,1,-1,-1,-1
142,5,25.27,83.21,184.67,115.12,1,-1,-1,-1
142,7,236.32,475.15,91.27,81.23,1,-1,-1,-1
142,8,425.17,514.03,75.96,68.81,1,-1,-1,-1
142,11,278.20,530.36,75.26,89.84,1,-1,-1,-1
143,4,946.86,166.26,143.19,119.82,1,-1,-1,-1
143,5,25.19,83.58,184.81,115.51,1,-1,-1,-1
143,7,236.22,475.17,91.37,81.13,1,-1,-1,-1
143,8,425.21,513.82,76.23,69.11,1,-1,-1,-1
143,11,278.50,530.89,74.84,89.26,1,-1,-1,-1
144,4,948.51,166.38,142.81,119.77,1,-1,-1,-1
144,5,24.98,85.59,184.29,115.25,1,-1,-1,-1
144,7,236.10,475.21,91.38,80.99,1,-1,-1,-1
144,8,424.97,512.51,76.44,70.11,1,-1,-1,-1
144,11,278.36,531.08,74.65,88.84,1,-1,-1,-1
145,4,950.88,166.44,143.02,119.79,1,-1,-1,-1
145,5,24.74,86.40,185.14,114.86,1,-1,-1,-1
145,7,235.92,475.17,91.42,80.95,1,-1,-1,-1
145,8,424.88,511.79,76.46,70.87,1,-1,-1,-1
145,11,277.97,531.09,74.59,88.68,1,-1,-1,-1
146,4,953.04,165.94,143.52,119.96,1,-1,-1,-1
146,5,24.32,86.68,184.89,114.99,1,-1,-1,-1
146,7,235.87,475.24,91.48,80.88,1,-1,-1,-1
146,8,424.43,513.55,76.54,70.34,1,-1,-1,-1
146,11,276.83,532.19,74.53,88.27,1,-1,-1,-1
147,4,956.43,166.24,143.44,119.68,1,-1,-1,-1
147,5,21.36,87.44,182.66,114.71,1,-1,-1,-1
147,7,235.06,475.14,91.04,80.76,1,-1,-1,-1
147,8,424.28,515.66,76.24,69.13,1,-1,-1,-1
147,11,274.51,532.48,75.33,88.57,1,-1,-1,-1
148,4,959.71,167.26,142.79,119.85,1,-1,-1,-1
148,5,19.89,88.60,182.53,114.32,1,-1,-1,-1
148,7,234.47,475.39,92.31,81.03,1,-1,-1,-1
148,8,424.07,517.36,75.06,68.10,1,-1,-1,-1
148,11,272.19,532.07,76.13,89.05,1,-1,-1,-1
149,4,963.06,168.95,142.89,119.87,1,-1,-1,-1
149,5,20.03,90.29,182.61,113.76,1,-1,-1,-1
149,7,231.94,475.64,92.21,81.08,1,-1,-1,-1
149,8,422.01,518.53,74.66,67.24,1,-1,-1,-1
149,11,269.58,530.41,76.63,90.57,1,-1,-1,-1
150,4,965.81,170.28,143.80,119.96,1,-1,-1,-1
150,5,18.74,92.78,183.23,112.47,1,-1,-1,-1
150,7,228.72,475.96,91.48,81.36,1,-1,-1,-1
150,8,419.94,519.64,74.56,66.66,1,-1,-1,-1
150,11,267.64,530.08,76.77,91.30,1,-1,-1,-1
151,4,968.33,172.45,144.21,119.05,1,-1,-1,-1
151,5,11.82,95.75,185.37,110.81,1,-1,-1,-1
151,7,227.22,475.83,90.63,81.18,1,-1,-1,-1
151,11,266.61,529.80,76.78,91.77,1,-1,-1,-1
152,4,969.17,173.32,144.44,118.39,1,-1,-1,-1
152,5,8.96,97.22,186.86,109.54,1,-1,-1,-1
152,7,226.81,475.78,90.09,81.11,1,-1,-1,-1
152,8,414.97,516.85,76.80,68.39,1,-1,-1,-1
152,11,266.32,529.69,76.72,92.04,1,-1,-1,-1
153,4,971.04,173.43,144.61,119.00,1,-1,-1,-1
153,5,6.35,97.45,187.70,109.19,1,-1,-1,-1
153,7,227.87,475.90,89.51,80.94,1,-1,-1,-1
153,11,266.09,529.78,76.79,92.05,1,-1,-1,-1
154,4,975.86,175.01,144.94,119.48,1,-1,-1,-1
154,5,3.54,98.29,187.06,109.22,1,-1,-1,-1
154,7,231.66,475.35,89.32,80.78,1,-1,-1,-1
154,11,266.85,529.14,77.31,91.96,1,-1,-1,-1
155,4,980.22,175.12,145.07,120.94,1,-1,-1,-1
155,7,234.90,474.86,90.84,80.79,1,-1,-1,-1
155,8,422.19,519.29,74.27,67.59,1,-1,-1,-1
155,11,267.25,528.36,77.98,92.47,1,-1,-1,-1
156,4,969.34,199.39,130.22,110.63,1,-1,-1,-1
156,5,1.12,98.54,186.13,110.75,1,-1,-1,-1
156,7,235.68,474.48,90.97,80.59,1,-1,-1,-1
156,8,424.46,519.85,72.78,67.11,1,-1,-1,-1
156,11,267.58,527.70,78.62,92.95,1,-1,-1,-1
157,4,979.56,200.51,131.68,106.76,1,-1,-1,-1
157,5,-0.83,99.02,183.73,112.13,1,-1,-1,-1
157,7,236.04,474.32,91.51,80.47,1,-1,-1,-1
157,8,425.61,520.53,71.60,66.57,1,-1,-1,-1
157,11,267.30,527.77,78.99,93.12,1,-1,-1,-1
158,4,980.88,208.12,128.13,100.68,1,-1,-1,-1
158,5,-2.63,99.67,180.62,113.25,1,-1,-1,-1
158,7,234.67,474.74,90.59,80.54,1,-1,-1,-1
158,11,266.99,528.07,78.92,92.90,1,-1,-1,-1
159,4,988.17,195.78,133.11,106.23,1,-1,-1,-1
159,5,-3.60,99.16,176.96,114.67,1,-1,-1,-1
159,7,235.07,475.67,93.00,81.20,1,-1,-1,-1
159,11,266.22,528.65,78.46,92.54,1,-1,-1,-1
160,5,-3.97,99.03,173.49,115.90,1,-1,-1,-1
160,7,230.05,475.54,91.66,80.97,1,-1,-1,-1
160,11,264.36,530.14,78.21,91.97,1,-1,-1,-1
161,4,990.06,195.22,133.50,107.77,1,-1,-1,-1
161,5,-4.00,99.27,170.02,116.77,1,-1,-1,-1
161,7,228.53,475.65,90.98,81.13,1,-1,-1,-1
161,8,416.35,516.57,74.32,68.88,1,-1,-1,-1
161,11,262.90,530.97,78.46,91.57,1,-1,-1,-1
162,4,991.58,194.58,135.21,109.44,1,-1,-1,-1
162,5,-3.84,99.71,167.39,117.36,1,-1,-1,-1
162,7,226.50,475.96,90.07,81.04,1,-1,-1,-1
162,8,407.40,510.13,80.60,73.84,1,-1,-1,-1
162,11,260.95,529.76,78.83,92.30,1,-1,-1,-1
163,4,993.67,192.29,138.84,112.02,1,-1,-1,-1
163,5,-4.29,99.99,164.02,118.20,1,-1,-1,-1
163,7,225.68,476.22,89.57,80.77,1,-1,-1,-1
163,8,403.15,504.73,83.91,78.27,1,-1,-1,-1
163,11,259.30,530.80,78.32,91.81,1,-1,-1,-1
164,4,995.07,194.23,141.31,112.37,1,-1,-1,-1
164,5,-4.40,99.86,160.70,118.77,1,-1,-1,-1
164,7,225.63,476.94,88.80,80.91,1,-1,-1,-1
164,8,407.65,514.79,80.98,74.59,1,-1,-1,-1
164,11,258.55,532.02,77.66,91.33,1,-1,-1,-1
165,4,994.09,197.89,142.55,111.07,1,-1,-1,-1
165,5,-4.44,99.69,157.40,119.82,1,-1,-1,-1
165,7,223.36,477.50,90.67,80.93,1,-1,-1,-1
165,8,401.85,512.81,82.93,75.38,1,-1,-1,-1
165,11,257.00,532.53,76.32,91.51,1,-1,-1,-1
166,5,-4.78,99.80,153.61,120.87,1,-1,-1,-1
166,7,220.34,477.96,92.39,81.46,1,-1,-1,-1
166,8,401.87,515.21,81.54,73.94,1,-1,-1,-1
166,11,254.56,535.11,76.09,90.70,1,-1,-1,-1
166,12,291.26,387.85,97.96,114.68,1,-1,-1,-1
167,5,-4.56,100.31,150.28,121.56,1,-1,-1,-1
167,7,217.32,478.55,92.51,81.50,1,-1,-1,-1
167,8,400.78,515.46,79.77,73.29,1,-1,-1,-1
167,11,250.86,537.02,76.36,90.30,1,-1,-1,-1
167,12,286.62,384.62,94.36,105.24,1,-1,-1,-1
168,5,-3.15,100.62,148.85,122.10,1,-1,-1,-1
168,7,211.09,479.02,91.10,81.79,1,-1,-1,-1
168,8,396.65,515.76,79.07,73.19,1,-1,-1,-1
168,11,247.63,536.84,76.12,91.05,1,-1,-1,-1
168,12,280.04,387.65,97.47,107.89,1,-1,-1,-1
169,4,981.58,225.84,122.36,98.29,1,-1,-1,-1
169,5,-0.17,104.16,147.83,119.66,1,-1,-1,-1
169,7,207.25,496.03,100.82,99.07,1,-1,-1,-1
169,8,385.83,513.00,82.58,75.16,1,-1,-1,-1
169,12,274.56,388.60,100.24,109.99,1,-1,-1,-1
170,4,993.25,215.14,131.73,102.21,1,-1,-1,-1
170,5,1.15,105.67,147.09,118.40,1,-1,-1,-1
170,7,198.46,484.26,100.12,94.76,1,-1,-1,-1
170,8,378.41,511.51,84.65,77.17,1,-1,-1,-1
170,11,236.97,537.86,75.93,93.50,1,-1,-1,-1
170,12,268.70,387.73,100.89,108.79,1,-1,-1,-1
171,4,985.84,225.11,120.56,95.20,1,-1,-1,-1
171,5,1.85,105.65,146.65,118.08,1,-1,-1,-1
171,7,192.26,481.95,101.17,92.45,1,-1,-1,-1
171,12,259.97,385.06,100.71,109.41,1,-1,-1,-1
172,4,985.12,228.52,112.96,91.18,1,-1,-1,-1
172,7,183.02,492.03,106.81,103.75,1,-1,-1,-1
173,4,996.57,224.45,124.57,94.54,1,-1,-1,-1
173,7,175.54,497.95,109.86,114.72,1,-1,-1,-1
173,12,245.78,384.40,101.18,111.96,1,-1,-1,-1
174,4,999.65,224.70,132.29,95.61,1,-1,-1,-1
174,7,167.87,500.02,111.04,124.60,1,-1,-1,-1
174,8,353.04,525.40,84.08,73.07,1,-1,-1,-1
174,12,236.32,383.66,101.72,112.43,1,-1,-1,-1
175,4,997.93,220.53,138.73,99.13,1,-1,-1,-1
175,7,156.34,495.99,111.74,127.85,1,-1,-1,-1
175,8,340.71,523.00,85.74,75.04,1,-1,-1,-1
175,12,228.62,385.06,101.08,113.62,1,-1,-1,-1
176,4,996.15,224.66,142.56,98.55,1,-1,-1,-1
176,5,1.99,117.23,148.85,116.83,1,-1,-1,-1
176,7,145.77,486.82,111.98,117.21,1,-1,-1,-1
176,8,333.54,526.09,84.50,74.24,1,-1,-1,-1
176,12,218.16,388.45,100.79,110.51,1,-1,-1,-1
177,4,992.13,219.09,146.01,102.28,1,-1,-1,-1
177,5,1.47,118.47,150.98,118.32,1,-1,-1,-1
177,7,132.43,485.92,110.38,108.60,1,-1,-1,-1
177,8,325.75,528.77,83.21,73.81,1,-1,-1,-1
177,12,210.69,389.03,101.00,111.89,1,-1,-1,-1
178,4,974.73,231.89,130.93,97.30,1,-1,-1,-1
178,5,0.98,118.33,152.09,119.67,1,-1,-1,-1
178,7,124.30,487.37,108.13,102.47,1,-1,-1,-1
178,8,319.48,531.17,82.27,72.99,1,-1,-1,-1
178,12,200.76,390.38,103.00,114.19,1,-1,-1,-1
178,13,163.52,558.83,74.48,89.56,1,-1,-1,-1
179,4,980.58,219.75,138.62,103.85,1,-1,-1,-1
179,7,113.43,490.16,104.85,97.98,1,-1,-1,-1
179,8,316.16,534.66,80.65,71.09,1,-1,-1,-1
179,12,193.22,390.01,102.72,113.75,1,-1,-1,-1
179,13,156.06,561.46,75.82,88.19,1,-1,-1,-1
180,4,979.94,215.40,144.07,107.72,1,-1,-1,-1
180,5,-3.15,118.13,146.88,121.48,1,-1,-1,-1
180,7,107.79,491.81,102.84,93.95,1,-1,-1,-1
180,8,312.39,535.37,80.02,69.89,1,-1,-1,-1
180,12,189.26,389.50,102.11,113.59,1,-1,-1,-1
181,4,975.46,212.84,147.66,110.85,1,-1,-1,-1
181,7,105.28,492.88,101.59,91.37,1,-1,-1,-1
181,8,310.63,534.70,79.03,69.60,1,-1,-1,-1
181,12,188.07,388.31,100.29,111.99,1,-1,-1,-1
182,4,970.76,212.14,150.44,112.32,1,-1,-1,-1
182,5,-1.69,117.79,145.80,123.19,1,-1,-1,-1
182,7,104.72,493.37,101.56,89.74,1,-1,-1,-1
182,8,305.48,530.11,80.05,71.68,1,-1,-1,-1
182,12,185.49,387.92,99.82,111.58,1,-1,-1,-1
183,5,2.39,116.46,151.23,125.31,1,-1,-1,-1
183,7,104.48,492.98,102.02,88.99,1,-1,-1,-1
183,8,305.47,530.75,79.12,71.28,1,-1,-1,-1
184,4,960.99,208.78,151.38,116.05,1,-1,-1,-1
184,5,3.31,116.46,154.96,126.42,1,-1,-1,-1
184,7,103.83,491.82,103.69,89.07,1,-1,-1,-1
184,8,299.04,526.52,80.91,72.72,1,-1,-1,-1
184,12,181.60,385.52,100.16,111.98,1,-1,-1,-1
185,4,956.63,205.20,153.92,119.62,1,-1,-1,-1
185,5,3.42,118.13,157.57,126.40,1,-1,-1,-1
185,8,296.00,524.69,81.65,73.23,1,-1,-1,-1
185,12,181.64,383.34,100.08,112.29,1,-1,-1,-1
186,4,949.55,204.65,151.34,121.28,1,-1,-1,-1
186,5,3.11,120.99,159.26,125.08,1,-1,-1,-1
186,8,295.11,526.37,80.87,71.67,1,-1,-1,-1
186,12,180.69,381.37,98.33,112.02,1,-1,-1,-1
187,4,946.76,201.63,153.21,124.03,1,-1,-1,-1
187,5,3.25,122.08,161.42,123.33,1,-1,-1,-1
187,8,294.71,526.41,79.18,70.53,1,-1,-1,-1
188,4,941.87,200.16,153.64,125.00,1,-1,-1,-1
188,5,3.48,124.24,163.79,122.98,1,-1,-1,-1
188,8,292.00,524.10,78.83,71.11,1,-1,-1,-1
188,14,132.64,536.01,81.21,97.59,1,-1,-1,-1
189,4,936.48,201.31,154.58,125.90,1,-1,-1,-1
189,5,3.45,124.50,166.20,123.36,1,-1,-1,-1
189,7,96.20,480.12,102.66,85.93,1,-1,-1,-1
189,8,291.66,525.63,77.64,69.47,1,-1,-1,-1
189,14,132.76,536.31,79.32,96.18,1,-1,-1,-1
190,4,932.69,201.11,155.65,126.70,1,-1,-1,-1
190,5,3.21,124.60,167.93,123.86,1,-1,-1,-1
190,7,94.71,479.14,97.08,84.58,1,-1,-1,-1
190,8,291.60,525.60,76.96,68.63,1,-1,-1,-1
190,14,132.96,535.37,79.19,96.73,1,-1,-1,-1
191,4,927.51,199.76,156.54,127.67,1,-1,-1,-1
191,5,2.73,124.16,169.21,124.60,1,-1,-1,-1
191,7,96.04,478.60,92.94,83.70,1,-1,-1,-1
191,8,292.18,525.31,76.30,67.75,1,-1,-1,-1
191,14,133.78,534.95,79.31,95.69,1,-1,-1,-1
192,5,2.77,122.01,170.76,126.31,1,-1,-1,-1
192,7,99.18,477.92,90.79,82.59,1,-1,-1,-1
192,8,293.79,525.10,75.53,66.75,1,-1,-1,-1
192,14,134.56,534.95,79.72,94.66,1,-1,-1,-1
193,4,918.64,198.22,157.95,128.20,1,-1,-1,-1
193,5,3.12,122.74,172.37,126.74,1,-1,-1,-1
193,7,101.34,477.79,88.54,81.75,1,-1,-1,-1
193,8,296.21,525.48,74.32,66.11,1,-1,-1,-1
193,14,134.77,534.04,80.53,94.47,1,-1,-1,-1
194,4,913.86,198.61,158.61,128.06,1,-1,-1,-1
194,5,3.07,121.45,172.27,126.88,1,-1,-1,-1
194,7,103.89,477.77,86.60,81.17,1,-1,-1,-1
194,8,296.86,526.06,73.70,65.62,1,-1,-1,-1
194,14,134.35,532.73,81.29,95.48,1,-1,-1,-1
195,4,909.69,198.90,158.72,128.59,1,-1,-1,-1
195,5,3.07,120.70,173.60,128.78,1,-1,-1,-1
195,7,105.41,477.93,85.27,80.79,1,-1,-1,-1
195,8,296.36,526.36,73.69,65.25,1,-1,-1,-1
195,14,134.12,533.07,81.73,95.94,1,-1,-1,-1
196,4,903.54,199.82,159.56,129.72,1,-1,-1,-1
196,5,2.50,119.26,175.07,130.42,1,-1,-1,-1
196,7,106.05,478.19,84.44,80.54,1,-1,-1,-1
196,8,295.61,526.82,73.73,64.90,1,-1,-1,-1
196,14,133.59,533.69,81.83,96.28,1,-1,-1,-1
197,5,1.41,118.45,175.31,131.47,1,-1,-1,-1
197,7,104.54,478.17,83.92,80.07,1,-1,-1,-1
197,8,294.68,525.49,73.95,65.56,1,-1,-1,-1
197,14,132.95,534.15,81.83,96.26,1,-1,-1,-1
198,4,893.89,199.68,160.74,131.73,1,-1,-1,-1
198,5,1.27,118.40,175.95,132.18,1,-1,-1,-1
198,7,102.69,478.70,84.74,80.17,1,-1,-1,-1
198,8,293.45,523.38,74.21,67.17,1,-1,-1,-1
198,14,131.51,531.76,81.77,98.33,1,-1,-1,-1
199,4,888.42,200.25,162.20,132.44,1,-1,-1,-1
199,5,4.49,119.30,179.29,132.05,1,-1,-1,-1
199,8,291.97,522.37,74.56,67.63,1,-1,-1,-1
199,14,130.08,528.37,81.99,101.39,1,-1,-1,-1
200,4,884.70,199.98,162.38,132.43,1,-1,-1,-1
200,5,6.00,119.89,181.94,132.01,1,-1,-1,-1
200,14,128.81,526.83,81.98,103.75,1,-1,-1,-1
201,5,7.69,119.98,183.22,132.05,1,-1,-1,-1
201,8,288.96,524.35,75.65,67.18,1,-1,-1,-1
201,14,127.43,523.78,82.15,106.83,1,-1,-1,-1
202,5,7.54,120.06,184.61,131.94,1,-1,-1,-1
202,8,274.78,502.05,86.59,82.03,1,-1,-1,-1
203,5,7.38,120.02,185.78,131.91,1,-1,-1,-1
203,8,270.43,500.68,90.51,86.35,1,-1,-1,-1
204,5,6.76,120.10,186.84,131.96,1,-1,-1,-1
204,8,268.54,499.86,92.94,89.07,1,-1,-1,-1
205,5,7.11,119.91,187.05,131.92,1,-1,-1,-1
205,8,267.18,502.48,94.57,89.17,1,-1,-1,-1
205,14,123.38,515.85,84.37,113.97,1,-1,-1,-1
206,5,8.89,119.14,185.67,130.92,1,-1,-1,-1
206,8,275.47,509.54,89.91,86.51,1,-1,-1,-1
206,14,123.40,518.68,84.31,113.35,1,-1,-1,-1
207,4,876.24,199.46,143.80,130.98,1,-1,-1,-1
207,5,8.45,120.15,185.93,131.77,1,-1,-1,-1
207,8,279.25,512.61,86.63,84.62,1,-1,-1,-1
207,14,108.10,497.65,95.97,129.56,1,-1,-1,-1
208,4,879.83,199.68,138.42,130.27,1,-1,-1,-1
208,5,7.88,120.22,186.30,132.37,1,-1,-1,-1
208,8,272.83,508.26,89.45,86.10,1,-1,-1,-1
208,14,115.26,507.00,92.59,125.82,1,-1,-1,-1
209,4,876.41,210.17,125.19,120.80,1,-1,-1,-1
209,5,7.42,119.78,186.71,131.99,1,-1,-1,-1
209,8,277.27,512.05,86.92,84.27,1,-1,-1,-1
209,14,118.91,513.15,90.32,122.21,1,-1,-1,-1
210,4,879.50,228.04,116.59,108.40,1,-1,-1,-1
210,5,7.30,119.25,186.51,130.49,1,-1,-1,-1
210,8,279.73,514.04,84.88,82.81,1,-1,-1,-1
210,14,106.13,495.46,98.59,133.48,1,-1,-1,-1
211,5,8.57,119.79,185.56,129.39,1,-1,-1,-1
211,8,283.08,518.02,81.85,79.98,1,-1,-1,-1
211,14,100.24,487.13,103.77,140.95,1,-1,-1,-1
212,5,11.15,119.82,183.75,128.44,1,-1,-1,-1
212,8,285.08,519.68,79.46,78.05,1,-1,-1,-1
212,14,98.16,482.79,106.73,145.62,1,-1,-1,-1
213,8,286.85,520.15,77.76,76.63,1,-1,-1,-1
213,14,109.69,501.18,101.09,136.45,1,-1,-1,-1
214,5,8.11,121.03,185.16,129.42,1,-1,-1,-1
214,8,289.52,521.80,76.35,74.87,1,-1,-1,-1
214,14,115.44,512.68,96.63,127.68,1,-1,-1,-1
215,4,916.30,201.97,135.46,121.49,1,-1,-1,-1
215,8,281.35,512.01,81.84,79.80,1,-1,-1,-1
216,4,920.60,197.02,141.82,126.88,1,-1,-1,-1
216,8,287.57,517.63,79.81,77.04,1,-1,-1,-1
216,14,120.92,516.56,92.74,119.72,1,-1,-1,-1
217,4,923.55,195.55,146.67,128.97,1,-1,-1,-1
217,8,290.64,521.90,78.30,73.77,1,-1,-1,-1
217,14,114.26,495.24,96.46,129.54,1,-1,-1,-1
218,4,925.63,193.68,150.42,130.13,1,-1,-1,-1
218,8,292.35,521.84,77.04,72.23,1,-1,-1,-1
218,14,122.29,509.18,92.40,121.45,1,-1,-1,-1
219,4,927.18,195.04,153.17,129.72,1,-1,-1,-1
219,14,126.68,517.89,89.06,114.20,1,-1,-1,-1
219,15,109.47,477.01,80.82,78.92,1,-1,-1,-1
220,4,930.78,193.44,155.28,130.53,1,-1,-1,-1
220,14,129.28,521.80,86.23,109.13,1,-1,-1,-1
220,15,109.15,476.99,80.98,78.83,1,-1,-1,-1
221,4,939.01,194.80,154.00,129.26,1,-1,-1,-1
221,14,130.98,525.24,84.37,105.03,1,-1,-1,-1
221,15,108.92,477.25,80.65,78.76,1,-1,-1,-1
222,4,943.08,195.19,153.61,128.85,1,-1,-1,-1
222,5,-0.08,117.53,181.53,129.43,1,-1,-1,-1
222,14,132.02,526.77,82.96,102.40,1,-1,-1,-1
222,15,109.00,477.35,80.54,78.77,1,-1,-1,-1
223,4,944.61,195.42,153.32,128.56,1,-1,-1,-1
223,5,0.08,117.63,180.05,129.11,1,-1,-1,-1
223,14,132.43,528.01,81.87,100.42,1,-1,-1,-1
223,15,109.02,477.43,80.55,78.94,1,-1,-1,-1
224,4,946.12,195.72,154.22,128.10,1,-1,-1,-1
224,5,0.14,117.42,179.19,128.72,1,-1,-1,-1
224,14,132.89,528.59,81.07,99.14,1,-1,-1,-1
224,15,109.04,477.50,80.58,79.07,1,-1,-1,-1
225,4,950.79,197.95,155.31,126.36,1,-1,-1,-1
225,5,0.45,117.75,179.12,127.69,1,-1,-1,-1
225,14,132.73,529.01,80.55,97.94,1,-1,-1,-1
225,15,109.64,477.07,82.73,79.97,1,-1,-1,-1
226,4,957.82,197.76,154.25,125.56,1,-1,-1,-1
226,5,0.44,117.90,179.09,127.01,1,-1,-1,-1
226,8,294.83,523.45,75.54,67.28,1,-1,-1,-1
226,14,132.17,528.54,80.56,97.20,1,-1,-1,-1
227,4,962.86,199.17,153.26,124.14,1,-1,-1,-1
227,5,0.43,117.08,179.05,127.07,1,-1,-1,-1
227,8,294.82,520.54,75.10,67.59,1,-1,-1,-1
227,14,131.65,527.66,80.15,96.41,1,-1,-1,-1
227,15,108.62,476.01,82.26,79.78,1,-1,-1,-1
228,4,965.20,199.98,153.66,122.81,1,-1,-1,-1
228,5,-0.12,118.10,178.30,125.80,1,-1,-1,-1
228,8,293.67,519.70,75.28,67.77,1,-1,-1,-1
228,14,132.00,528.12,79.91,95.59,1,-1,-1,-1
228,15,108.31,475.41,82.70,80.10,1,-1,-1,-1
229,4,967.32,199.49,154.03,121.84,1,-1,-1,-1
229,5,0.26,115.79,178.32,126.31,1,-1,-1,-1
229,8,293.23,518.44,75.12,68.23,1,-1,-1,-1
229,14,132.02,528.31,79.48,95.07,1,-1,-1,-1
229,15,107.85,474.81,82.26,80.34,1,-1,-1,-1
230,4,968.85,200.71,154.05,120.48,1,-1,-1,-1
230,5,0.17,114.39,177.81,126.43,1,-1,-1,-1
230,8,292.86,517.43,74.96,68.70,1,-1,-1,-1
230,14,132.18,526.46,79.10,94.93,1,-1,-1,-1
230,15,107.07,474.07,81.44,80.47,1,-1,-1,-1
231,4,969.78,201.43,153.54,118.90,1,-1,-1,-1
231,5,-0.07,113.48,176.85,126.36,1,-1,-1,-1
231,8,290.82,515.78,75.84,70.11,1,-1,-1,-1
231,14,131.60,525.54,79.40,94.78,1,-1,-1,-1
231,15,108.23,473.49,82.43,80.69,1,-1,-1,-1
232,4,970.17,201.89,153.36,117.76,1,-1,-1,-1
232,5,-0.08,112.80,176.01,126.51,1,-1,-1,-1
232,8,290.08,514.78,76.32,71.19,1,-1,-1,-1
232,14,131.20,524.87,79.64,94.79,1,-1,-1,-1
232,15,107.52,473.40,81.82,80.89,1,-1,-1,-1
233,4,968.62,202.48,150.86,116.60,1,-1,-1,-1
233,5,0.27,112.18,175.73,126.63,1,-1,-1,-1
233,8,286.67,512.82,78.26,73.14,1,-1,-1,-1
233,14,130.34,525.51,79.73,94.50,1,-1,-1,-1
233,15,108.53,473.13,82.97,81.02,1,-1,-1,-1
234,4,968.59,200.61,151.53,116.15,1,-1,-1,-1
234,5,0.81,110.56,176.08,126.74,1,-1,-1,-1
234,8,283.33,510.74,80.62,75.25,1,-1,-1,-1
234,14,118.25,500.70,87.37,109.44,1,-1,-1,-1
235,4,967.65,199.56,151.86,115.20,1,-1,-1,-1
235,8,282.55,510.06,81.80,76.37,1,-1,-1,-1
235,14,122.95,514.13,85.25,104.82,1,-1,-1,-1
235,15,108.59,473.00,84.82,81.85,1,-1,-1,-1
236,4,966.07,197.01,151.26,115.57,1,-1,-1,-1
236,8,281.51,509.11,83.01,77.48,1,-1,-1,-1
236,14,125.29,520.31,83.64,101.29,1,-1,-1,-1
236,15,107.93,472.95,85.16,82.01,1,-1,-1,-1
237,4,963.81,194.40,151.18,116.20,1,-1,-1,-1
237,8,281.27,509.02,83.67,77.97,1,-1,-1,-1
237,14,126.77,522.46,82.41,99.11,1,-1,-1,-1
237,15,108.05,473.04,86.24,81.78,1,-1,-1,-1
238,4,961.60,189.68,151.06,117.44,1,-1,-1,-1
238,8,281.94,509.33,83.66,78.10,1,-1,-1,-1
238,14,127.52,525.01,81.68,97.17,1,-1,-1,-1
238,15,107.62,473.02,86.37,81.93,1,-1,-1,-1
239,4,947.26,196.15,136.27,111.71,1,-1,-1,-1
239,8,282.08,509.62,83.76,77.96,1,-1,-1,-1
239,14,128.13,526.77,81.22,95.63,1,-1,-1,-1
239,15,107.39,473.01,85.88,81.95,1,-1,-1,-1
240,4,942.33,209.40,125.20,103.53,1,-1,-1,-1
240,8,283.17,509.15,83.22,78.28,1,-1,-1,-1
240,14,128.77,526.22,80.84,94.95,1,-1,-1,-1
240,15,107.42,473.14,85.51,81.82,1,-1,-1,-1
241,4,941.54,216.54,116.62,96.74,1,-1,-1,-1
241,5,-0.55,101.72,173.35,124.88,1,-1,-1,-1
241,8,283.46,508.98,82.99,78.50,1,-1,-1,-1
241,14,129.18,526.08,80.75,94.59,1,-1,-1,-1
241,15,107.35,473.29,85.15,81.77,1,-1,-1,-1
242,4,953.12,202.04,125.56,102.50,1,-1,-1,-1
242,5,-1.09,100.77,169.65,123.95,1,-1,-1,-1
242,8,283.75,508.62,82.87,78.64,1,-1,-1,-1
242,14,129.67,525.95,80.84,94.39,1,-1,-1,-1
242,15,107.19,473.26,84.92,81.29,1,-1,-1,-1
243,4,955.64,193.78,131.04,106.82,1,-1,-1,-1
243,5,-2.77,99.14,165.29,124.34,1,-1,-1,-1
243,8,283.87,508.45,82.74,78.62,1,-1,-1,-1
243,14,129.83,526.02,80.67,94.28,1,-1,-1,-1
243,15,107.13,473.38,84.87,80.89,1,-1,-1,-1
244,4,952.30,191.28,134.67,109.05,1,-1,-1,-1
244,5,-1.07,99.26,164.23,123.54,1,-1,-1,-1
244,8,282.78,507.33,83.19,78.74,1,-1,-1,-1
244,14,129.51,526.80,80.09,93.65,1,-1,-1,-1
245,4,945.87,197.68,132.99,105.40,1,-1,-1,-1
245,5,-2.27,98.32,161.55,123.22,1,-1,-1,-1
245,8,283.58,506.15,82.77,79.06,1,-1,-1,-1
245,14,129.28,524.72,79.91,94.65,1,-1,-1,-1
245,15,106.01,471.49,84.31,79.74,1,-1,-1,-1
246,4,948.26,194.65,135.09,105.86,1,-1,-1,-1
246,5,-0.54,97.85,161.26,122.60,1,-1,-1,-1
246,8,281.15,503.66,83.57,79.84,1,-1,-1,-1
246,14,117.40,499.37,88.96,110.42,1,-1,-1,-1
247,4,945.69,190.06,137.28,107.26,1,-1,-1,-1
247,5,0.10,97.35,161.01,122.35,1,-1,-1,-1
247,8,281.27,501.96,83.29,80.44,1,-1,-1,-1
247,14,110.87,486.68,94.48,121.52,1,-1,-1,-1
248,4,942.58,186.18,139.05,109.15,1,-1,-1,-1
248,5,0.61,98.15,161.04,121.49,1,-1,-1,-1
248,8,280.54,500.82,83.37,80.86,1,-1,-1,-1
248,14,107.41,479.67,98.15,129.69,1,-1,-1,-1
249,5,1.50,98.61,161.48,120.34,1,-1,-1,-1
249,8,272.71,488.62,88.59,88.54,1,-1,-1,-1
250,8,269.74,481.58,91.46,94.56,1,-1,-1,-1
253,16,0.41,176.73,119.64,86.22,1,-1,-1,-1
254,16,-1.88,166.12,123.77,94.74,1,-1,-1,-1
255,16,-1.95,163.82,123.68,97.35,1,-1,-1,-1
255,17,617.10,243.33,93.55,68.13,1,-1,-1,-1
256,15,79.07,429.09,73.33,86.84,1,-1,-1,-1
256,16,-4.01,151.73,126.68,106.15,1,-1,-1,-1
256,17,614.22,241.09,94.88,69.43,1,-1,-1,-1
257,15,80.84,422.58,72.04,83.21,1,-1,-1,-1
257,16,-3.63,147.38,126.02,110.17,1,-1,-1,-1
257,17,613.07,241.84,94.87,68.29,1,-1,-1,-1
258,15,80.46,415.85,71.79,73.36,1,-1,-1,-1
258,16,-2.43,156.42,122.89,105.13,1,-1,-1,-1
258,17,611.17,241.16,94.42,68.63,1,-1,-1,-1
259,16,-1.83,150.78,122.16,108.13,1,-1,-1,-1
259,17,609.95,241.72,93.52,67.91,1,-1,-1,-1
259,18,166.53,406.31,79.89,86.26,1,-1,-1,-1
260,15,80.26,419.60,70.41,79.74,1,-1,-1,-1
260,16,-1.37,147.87,121.06,110.10,1,-1,-1,-1
260,17,608.67,241.12,92.42,68.00,1,-1,-1,-1
260,18,166.27,405.57,78.34,85.81,1,-1,-1,-1
261,15,80.34,419.01,68.80,83.23,1,-1,-1,-1
261,16,-1.50,145.06,120.51,112.33,1,-1,-1,-1
261,17,607.26,237.11,92.50,69.86,1,-1,-1,-1
261,18,139.76,386.86,100.57,106.56,1,-1,-1,-1
262,15,81.58,418.43,68.14,86.15,1,-1,-1,-1
262,16,-1.41,143.43,119.93,113.86,1,-1,-1,-1
262,17,607.29,236.06,90.95,70.23,1,-1,-1,-1
262,18,125.78,363.17,116.24,126.95,1,-1,-1,-1
263,15,81.62,417.64,67.08,87.85,1,-1,-1,-1
263,16,-1.25,142.39,119.35,114.89,1,-1,-1,-1
263,17,607.22,234.18,88.82,70.90,1,-1,-1,-1
263,18,127.96,373.50,115.25,121.92,1,-1,-1,-1
264,15,81.96,417.29,66.54,89.32,1,-1,-1,-1
264,16,-1.22,141.74,118.84,115.33,1,-1,-1,-1
264,17,607.37,233.03,86.73,71.13,1,-1,-1,-1
264,18,128.02,378.10,115.64,119.05,1,-1,-1,-1
265,15,85.61,416.95,67.78,91.16,1,-1,-1,-1
265,16,-1.11,141.50,118.21,115.41,1,-1,-1,-1
265,17,605.49,231.55,86.11,71.81,1,-1,-1,-1
265,18,128.44,380.12,116.01,117.24,1,-1,-1,-1
266,16,-1.05,141.36,117.60,115.44,1,-1,-1,-1
266,17,604.59,231.79,84.90,71.75,1,-1,-1,-1
266,18,111.90,362.83,129.70,130.12,1,-1,-1,-1
267,15,82.89,416.02,66.91,92.03,1,-1,-1,-1
267,16,-1.18,141.46,117.07,115.23,1,-1,-1,-1
267,17,603.72,230.89,84.09,72.34,1,-1,-1,-1
267,18,115.81,364.64,129.11,130.13,1,-1,-1,-1
268,15,81.05,415.57,66.73,92.31,1,-1,-1,-1
268,16,-1.15,141.41,116.59,114.88,1,-1,-1,-1
268,17,603.45,229.08,83.68,73.57,1,-1,-1,-1
268,18,116.15,360.76,128.99,132.20,1,-1,-1,-1
269,15,79.79,414.78,66.48,92.16,1,-1,-1,-1
269,16,-1.13,141.35,116.26,114.76,1,-1,-1,-1
269,17,602.98,228.80,82.90,73.82,1,-1,-1,-1
269,18,113.67,353.90,128.20,134.09,1,-1,-1,-1
270,15,78.65,413.76,66.24,92.12,1,-1,-1,-1
270,16,-1.07,141.25,115.99,114.83,1,-1,-1,-1
270,17,601.87,228.17,82.22,74.22,1,-1,-1,-1
270,18,114.46,350.08,126.53,134.02,1,-1,-1,-1
271,15,78.16,413.40,66.13,92.10,1,-1,-1,-1
271,16,-0.98,141.19,115.79,114.91,1,-1,-1,-1
271,17,601.74,227.89,81.64,74.45,1,-1,-1,-1
271,18,115.12,348.82,125.35,133.94,1,-1,-1,-1
272,15,77.71,413.34,66.23,92.08,1,-1,-1,-1
272,16,-0.89,141.19,115.64,114.97,1,-1,-1,-1
272,17,601.70,227.73,81.36,74.59,1,-1,-1,-1
272,18,115.89,348.50,124.23,133.73,1,-1,-1,-1
273,15,74.89,412.02,67.53,91.65,1,-1,-1,-1
273,16,-0.81,141.39,115.48,114.72,1,-1,-1,-1
273,17,600.33,227.65,81.24,74.63,1,-1,-1,-1
273,18,113.96,349.48,125.58,133.05,1,-1,-1,-1
274,15,74.11,409.94,68.34,90.85,1,-1,-1,-1
274,16,-0.70,141.31,115.40,114.34,1,-1,-1,-1
274,17,598.42,225.79,80.05,74.71,1,-1,-1,-1
274,18,111.72,348.39,126.41,133.12,1,-1,-1,-1
275,15,73.07,408.47,68.64,90.59,1,-1,-1,-1
275,16,-0.59,141.44,115.39,113.96,1,-1,-1,-1
275,17,595.23,224.80,79.59,74.96,1,-1,-1,-1
275,18,110.41,348.27,126.97,133.23,1,-1,-1,-1
276,15,73.08,407.77,68.83,90.34,1,-1,-1,-1
276,16,-0.44,141.49,115.42,113.51,1,-1,-1,-1
276,17,593.41,224.82,79.14,74.72,1,-1,-1,-1
276,18,123.02,369.08,119.68,120.21,1,-1,-1,-1
277,15,72.69,407.78,69.04,90.31,1,-1,-1,-1
277,16,-0.15,141.98,115.86,113.01,1,-1,-1,-1
277,17,592.27,223.56,78.68,74.22,1,-1,-1,-1
277,18,128.74,379.30,114.14,110.64,1,-1,-1,-1
278,15,73.04,407.89,69.07,90.37,1,-1,-1,-1
278,16,0.10,142.20,116.51,112.58,1,-1,-1,-1
278,17,591.84,222.62,78.09,73.88,1,-1,-1,-1
278,18,131.16,384.55,110.41,103.74,1,-1,-1,-1
279,15,72.78,407.98,69.05,90.48,1,-1,-1,-1
279,16,0.42,142.24,117.34,112.33,1,-1,-1,-1
279,17,591.91,222.19,77.41,73.08,1,-1,-1,-1
279,18,119.59,366.57,116.42,112.03,1,-1,-1,-1
280,15,72.21,407.83,69.20,90.34,1,-1,-1,-1
280,16,0.73,142.36,118.47,112.07,1,-1,-1,-1
280,17,591.62,222.16,76.99,72.17,1,-1,-1,-1
280,18,114.61,357.38,120.26,117.92,1,-1,-1,-1
281,15,71.50,407.06,69.33,89.87,1,-1,-1,-1
281,16,0.98,142.63,119.65,112.08,1,-1,-1,-1
281,17,590.44,221.59,77.07,71.84,1,-1,-1,-1
281,18,114.17,355.07,121.24,120.33,1,-1,-1,-1
282,15,71.18,406.05,69.37,88.82,1,-1,-1,-1
282,16,1.38,142.76,120.53,111.60,1,-1,-1,-1
282,17,590.26,220.92,76.76,71.34,1,-1,-1,-1
282,18,127.48,372.37,113.79,110.45,1,-1,-1,-1
283,15,70.79,405.42,69.74,88.17,1,-1,-1,-1
283,16,2.47,142.83,120.81,111.44,1,-1,-1,-1
283,17,590.02,220.41,76.50,70.98,1,-1,-1,-1
283,18,116.99,357.17,117.78,116.43,1,-1,-1,-1
284,15,69.97,403.41,69.56,87.64,1,-1,-1,-1
284,16,3.60,142.90,121.43,111.41,1,-1,-1,-1
284,17,590.32,220.27,75.88,70.45,1,-1,-1,-1
284,18,111.42,349.28,119.69,120.42,1,-1,-1,-1
285,16,4.54,143.13,122.28,111.20,1,-1,-1,-1
285,17,590.31,219.66,75.58,70.38,1,-1,-1,-1
285,18,109.46,349.45,121.16,121.95,1,-1,-1,-1
286,16,5.39,143.33,122.94,110.87,1,-1,-1,-1
286,17,589.79,218.85,75.77,70.36,1,-1,-1,-1
286,18,107.23,344.61,122.67,125.32,1,-1,-1,-1
287,16,6.67,143.31,123.75,110.64,1,-1,-1,-1
287,17,589.94,218.93,75.73,70.00,1,-1,-1,-1
288,15,67.14,395.89,68.04,88.18,1,-1,-1,-1
288,16,8.22,142.95,124.60,110.32,1,-1,-1,-1
288,17,590.58,218.61,75.39,69.94,1,-1,-1,-1
289,15,67.34,393.73,66.29,86.93,1,-1,-1,-1
289,16,10.08,143.14,124.96,110.04,1,-1,-1,-1
289,17,590.50,218.34,75.38,69.90,1,-1,-1,-1
290,15,66.69,391.88,64.52,86.10,1,-1,-1,-1
290,16,12.37,143.02,125.00,110.04,1,-1,-1,-1
290,17,590.53,218.44,75.11,69.65,1,-1,-1,-1
291,15,67.05,390.15,63.10,85.10,1,-1,-1,-1
291,16,14.13,142.89,125.21,110.06,1,-1,-1,-1
291,17,590.47,218.47,74.88,69.14,1,-1,-1,-1
291,18,95.74,332.40,124.67,128.29,1,-1,-1,-1
292,16,15.49,142.41,125.04,110.35,1,-1,-1,-1
292,17,590.68,219.08,74.33,68.55,1,-1,-1,-1
292,18,88.56,329.73,128.06,127.14,1,-1,-1,-1
293,16,16.77,142.28,124.93,110.55,1,-1,-1,-1
293,17,590.67,220.22,73.97,67.33,1,-1,-1,-1
293,18,85.17,326.78,121.89,123.29,1,-1,-1,-1
294,16,18.01,141.82,125.33,110.86,1,-1,-1,-1
294,17,590.99,220.89,73.34,66.27,1,-1,-1,-1
294,18,91.19,326.98,121.48,123.54,1,-1,-1,-1
295,16,19.39,141.35,125.61,111.16,1,-1,-1,-1
295,17,592.41,221.49,71.61,65.09,1,-1,-1,-1
295,18,86.71,325.33,122.09,123.07,1,-1,-1,-1
296,15,60.65,377.15,62.47,83.34,1,-1,-1,-1
296,16,21.35,140.88,125.29,111.40,1,-1,-1,-1
296,17,593.49,222.36,69.81,63.77,1,-1,-1,-1
296,18,90.57,323.57,118.71,121.37,1,-1,-1,-1
297,15,61.14,376.34,61.85,82.77,1,-1,-1,-1
297,16,22.14,140.68,125.05,111.57,1,-1,-1,-1
297,17,593.72,223.01,68.74,62.72,1,-1,-1,-1
297,18,92.63,323.03,115.72,119.52,1,-1,-1,-1
298,16,23.53,142.30,124.98,110.73,1,-1,-1,-1
298,17,590.96,223.56,69.12,62.02,1,-1,-1,-1
298,18,79.64,321.95,123.67,124.44,1,-1,-1,-1
299,16,26.13,140.70,125.04,111.05,1,-1,-1,-1
299,17,587.37,223.67,69.64,60.42,1,-1,-1,-1
299,18,72.89,320.40,128.58,127.00,1,-1,-1,-1
300,16,28.61,140.88,125.31,110.72,1,-1,-1,-1
