1,1,1.37,302.23,155.29,142.86,1,car,1
1,2,361.3,102.68,149.74,106.65,1,car,1
2,1,1.29,309.64,147.9,137.44,1,car,1
2,2,363.61,102.81,148.07,105.86,1,car,1
3,1,1.21,317.05,140.5,132.02,1,car,1
3,2,365.93,102.94,146.39,105.06,1,car,1
4,1,1.13,324.47,133.11,126.6,1,car,1
4,2,368.25,103.07,144.72,104.26,1,car,1
5,1,1.05,331.88,125.72,121.18,1,car,1
5,2,370.56,103.2,143.04,103.46,1,car,1
6,1,0.97,339.3,118.32,115.76,1,car,1
6,2,372.88,103.33,141.37,102.66,1,car,1
7,1,0.78,337.19,114.51,120.16,1,car,1
7,2,374.47,103.14,140.11,102.48,1,car,1
8,1,0.58,335.08,110.7,124.55,1,car,1
8,2,376.06,102.95,138.86,102.3,1,car,1
9,1,0.39,332.98,106.89,128.95,1,car,1
9,2,377.65,102.76,137.61,102.12,1,car,1
10,1,0.19,330.87,103.08,133.35,1,car,1
10,2,379.24,102.57,136.36,101.93,1,car,1
11,1,0.0,328.77,99.27,137.75,1,car,1
11,2,380.83,102.38,135.11,101.75,1,car,1
12,1,0.0,328.33,99.13,138.57,1,car,1
12,2,382.42,102.48,133.98,100.92,1,car,1
13,1,0.0,327.89,99.0,139.39,1,car,1
13,2,384.0,102.59,132.85,100.09,1,car,1
14,1,0.0,327.46,98.87,140.21,1,car,1
14,2,385.58,102.69,131.72,99.26,1,car,1
15,1,0.0,327.02,98.74,141.04,1,car,1
15,2,387.17,102.79,130.59,98.43,1,car,1
16,1,0.0,326.58,98.6,141.86,1,car,1
16,2,388.75,102.89,129.46,97.6,1,car,1
17,1,0.0,326.14,98.47,142.68,1,car,1
17,2,390.71,102.38,128.31,97.7,1,car,1
18,1,0.0,325.7,98.34,143.51,1,car,1
18,2,392.66,101.87,127.17,97.8,1,car,1
19,1,0.0,325.27,98.21,144.33,1,car,1
19,2,394.62,101.36,126.02,97.89,1,car,1
20,1,0.0,324.83,98.07,145.15,1,car,1
20,2,396.58,100.85,124.87,97.99,1,car,1
21,1,0.0,324.39,97.94,145.98,1,car,1
21,2,398.53,100.33,123.72,98.09,1,car,1
22,1,0.0,325.07,95.93,144.97,1,car,1
22,2,399.3,99.67,123.63,98.44,1,car,1
23,1,0.0,325.75,93.92,143.97,1,car,1
23,2,400.07,99.02,123.54,98.79,1,car,1
24,1,0.0,326.42,91.91,142.97,1,car,1
24,2,400.83,98.36,123.45,99.14,1,car,1
25,1,0.0,327.1,89.9,141.96,1,car,1
25,2,401.6,97.7,123.36,99.49,1,car,1
26,1,0.0,327.78,87.89,140.96,1,car,1
26,2,402.37,97.04,123.26,99.84,1,car,1
27,1,0.0,328.98,87.74,139.87,1,car,1
27,2,402.78,96.33,123.07,100.47,1,car,1
28,1,0.0,330.18,87.59,138.77,1,car,1
28,2,403.2,95.62,122.87,101.1,1,car,1
29,1,0.0,331.38,87.44,137.68,1,car,1
29,2,403.62,94.91,122.68,101.73,1,car,1
30,1,0.0,332.59,87.29,136.58,1,car,1
30,2,404.04,94.2,122.48,102.36,1,car,1
31,1,0.0,333.79,87.15,135.49,1,car,1
31,2,404.46,93.5,122.28,102.99,1,car,1
32,1,0.0,333.04,87.52,136.13,1,car,1
32,2,403.97,94.17,122.8,102.36,1,car,1
33,1,0.0,332.29,87.88,136.77,1,car,1
33,2,403.49,94.84,123.31,101.74,1,car,1
34,1,0.0,331.54,88.25,137.41,1,car,1
34,2,403.0,95.52,123.82,101.11,1,car,1
35,1,0.0,330.79,88.62,138.06,1,car,1
35,2,402.51,96.19,124.34,100.48,1,car,1
36,1,0.0,330.04,88.99,138.7,1,car,1
36,2,402.02,96.86,124.85,99.85,1,car,1
37,1,0.0,329.29,89.36,139.34,1,car,1
37,2,401.25,97.14,125.79,99.85,1,car,1
38,1,0.0,329.08,89.15,139.53,1,car,1
38,2,400.47,97.43,126.73,99.86,1,car,1
39,1,0.0,328.87,88.95,139.73,1,car,1
39,2,399.7,97.71,127.68,99.86,1,car,1
40,1,0.0,328.66,88.74,139.92,1,car,1
40,2,398.92,97.99,128.62,99.87,1,car,1
41,1,0.0,328.46,88.54,140.11,1,car,1
41,2,398.15,98.27,129.56,99.87,1,car,1
42,1,0.0,328.25,88.33,140.31,1,car,1
42,2,396.47,99.11,130.39,99.51,1,car,1
43,1,0.0,328.04,88.13,140.5,1,car,1
43,2,394.79,99.95,131.22,99.15,1,car,1
44,1,0.0,327.83,87.92,140.69,1,car,1
44,2,393.11,100.78,132.05,98.79,1,car,1
45,1,0.0,327.62,87.72,140.88,1,car,1
45,2,391.42,101.62,132.88,98.43,1,car,1
46,1,0.0,327.41,87.51,141.08,1,car,1
46,2,389.74,102.46,133.71,98.07,1,car,1
47,1,0.0,328.23,87.91,140.29,1,car,1
47,2,387.16,102.78,134.98,98.58,1,car,1
48,1,0.0,329.05,88.3,139.5,1,car,1
48,2,384.57,103.11,136.25,99.1,1,car,1
49,1,0.0,329.87,88.7,138.71,1,car,1
49,2,381.98,103.43,137.53,99.62,1,car,1
50,1,0.0,330.69,89.1,137.92,1,car,1
50,2,379.4,103.75,138.8,100.14,1,car,1
51,1,0.0,331.51,89.5,137.13,1,car,1
51,2,376.81,104.08,140.07,100.66,1,car,1
52,1,0.0,332.33,89.89,136.34,1,car,1
52,2,373.13,103.93,142.73,102.01,1,car,1
53,1,0.0,332.83,89.71,135.87,1,car,1
53,2,369.45,103.77,145.4,103.36,1,car,1
54,1,0.0,333.32,89.52,135.4,1,car,1
54,2,365.76,103.62,148.06,104.71,1,car,1
55,1,0.0,333.82,89.33,134.93,1,car,1
55,2,362.08,103.47,150.72,106.06,1,car,1
56,1,0.0,334.32,89.14,134.46,1,car,1
56,2,358.4,103.32,153.38,107.41,1,car,1
57,1,0.0,334.82,88.96,133.99,1,car,1
57,2,354.34,102.55,153.92,109.32,1,car,1
58,2,350.28,101.79,154.46,111.23,1,car,1
59,2,346.21,101.03,155.0,113.14,1,car,1
60,2,342.15,100.27,155.54,115.06,1,car,1
61,2,338.09,99.51,156.08,116.97,1,car,1
62,2,333.87,100.79,158.09,116.52,1,car,1
63,2,329.65,102.07,160.1,116.07,1,car,1
64,2,325.42,103.34,162.11,115.61,1,car,1
65,2,321.2,104.62,164.12,115.16,1,car,1
66,2,316.98,105.9,166.13,114.71,1,car,1
67,2,312.71,108.64,169.01,113.03,1,car,1
68,2,308.45,111.38,171.89,111.35,1,car,1
69,2,304.19,114.11,174.77,109.67,1,car,1
70,3,983.16,201.52,153.83,125.54,1,car,1
70,4,24.8,79.1,178.1,108.18,1,car,1
70,5,529.23,346.65,101.47,112.64,1,car,1
70,6,475.75,469.15,109.58,103.56,1,car,1
70,7,636.67,468.1,77.99,70.67,1,car,1
71,3,978.76,201.75,154.01,125.49,1,car,1
71,4,24.82,79.12,177.99,108.12,1,car,1
71,5,531.07,346.55,103.26,112.22,1,car,1
71,6,475.87,462.83,105.86,98.71,1,car,1
71,7,637.98,468.52,77.5,70.0,1,car,1
72,3,974.37,201.98,154.19,125.44,1,car,1
72,4,24.84,79.13,177.87,108.06,1,car,1
72,5,532.91,346.44,105.06,111.8,1,car,1
72,6,475.99,456.51,102.15,93.86,1,car,1
72,7,639.3,468.95,77.01,69.33,1,car,1
73,3,969.97,202.21,154.38,125.39,1,car,1
73,4,24.86,79.15,177.76,108.0,1,car,1
73,5,534.75,346.33,106.85,111.37,1,car,1
73,6,476.11,450.19,98.44,89.02,1,car,1
73,7,640.61,469.37,76.52,68.66,1,car,1
73,8,527.79,475.95,72.13,93.5,1,car,1
74,3,965.57,202.45,154.56,125.34,1,car,1
74,4,24.88,79.17,177.64,107.94,1,car,1
74,5,536.59,346.23,108.64,110.95,1,car,1
74,6,476.23,443.87,94.72,84.17,1,car,1
74,7,641.92,469.8,76.04,67.99,1,car,1
74,8,527.88,475.17,72.08,94.42,1,car,1
75,3,961.18,202.68,154.74,125.29,1,car,1
75,4,24.89,79.19,177.53,107.88,1,car,1
75,5,538.43,346.12,110.44,110.53,1,car,1
75,6,476.35,437.55,91.01,79.32,1,car,1
75,7,643.24,470.23,75.55,67.32,1,car,1
75,8,527.96,474.39,72.03,95.34,1,car,1
76,3,956.78,202.91,154.92,125.24,1,car,1
76,4,24.91,79.16,177.48,107.98,1,car,1
76,5,538.05,346.25,110.37,109.71,1,car,1
76,6,475.34,437.72,92.04,79.77,1,car,1
76,7,644.55,470.65,75.06,66.65,1,car,1
76,8,528.05,473.61,71.98,96.26,1,car,1
77,3,954.3,202.88,155.17,125.79,1,car,1
77,4,24.93,79.14,177.44,108.07,1,car,1
77,5,537.66,346.37,110.31,108.9,1,car,1
77,6,474.34,437.9,93.06,80.22,1,car,1
77,7,645.86,471.08,74.58,65.98,1,car,1
77,8,528.13,472.83,71.94,97.18,1,car,1
78,3,951.83,202.85,155.42,126.35,1,car,1
78,4,24.94,79.11,177.39,108.17,1,car,1
78,5,537.28,346.5,110.24,108.08,1,car,1
78,6,473.34,438.07,94.09,80.67,1,car,1
78,7,647.18,471.5,74.09,65.31,1,car,1
78,8,528.22,472.06,71.89,98.1,1,car,1
79,3,949.35,202.82,155.67,126.91,1,car,1
79,4,24.96,79.08,177.35,108.26,1,car,1
79,5,536.9,346.63,110.18,107.26,1,car,1
79,6,472.34,438.24,95.12,81.12,1,car,1
79,7,648.49,471.93,73.6,64.64,1,car,1
79,8,528.31,471.28,71.84,99.02,1,car,1
80,3,946.87,202.79,155.91,127.47,1,car,1
80,4,24.98,79.06,177.3,108.36,1,car,1
80,5,536.52,346.75,110.12,106.45,1,car,1
80,6,471.34,438.42,96.14,81.57,1,car,1
80,7,649.8,472.35,73.11,63.97,1,car,1
80,8,526.31,473.71,71.64,97.04,1,car,1
81,3,944.39,202.76,156.16,128.03,1,car,1
81,4,24.93,79.02,176.21,108.31,1,car,1
81,5,536.14,346.88,110.05,105.63,1,car,1
81,6,470.6,438.53,96.73,81.48,1,car,1
81,7,651.12,472.78,72.63,63.29,1,car,1
81,8,524.31,476.13,71.45,95.06,1,car,1
82,3,944.99,203.44,150.06,126.35,1,car,1
82,4,24.87,78.98,175.12,108.27,1,car,1
82,5,534.5,347.13,110.15,107.63,1,car,1
82,6,469.86,438.64,97.31,81.38,1,car,1
82,7,649.53,472.06,72.63,64.52,1,car,1
82,8,522.31,478.56,71.25,93.08,1,car,1
83,3,945.59,204.11,143.95,124.66,1,car,1
83,4,24.82,78.94,174.03,108.22,1,car,1
83,5,532.87,347.38,110.25,109.63,1,car,1
83,6,469.12,438.75,97.9,81.29,1,car,1
83,7,647.94,471.33,72.63,65.74,1,car,1
83,8,520.31,480.99,71.05,91.1,1,car,1
84,3,946.18,204.79,137.85,122.98,1,car,1
84,4,24.77,78.9,172.95,108.17,1,car,1
84,5,531.24,347.63,110.36,111.64,1,car,1
84,6,468.38,438.86,98.49,81.2,1,car,1
84,7,646.34,470.61,72.63,66.96,1,car,1
84,8,518.31,483.42,70.86,89.12,1,car,1
85,3,946.78,205.47,131.75,121.3,1,car,1
85,4,24.72,78.85,171.86,108.13,1,car,1
85,5,529.61,347.89,110.46,113.64,1,car,1
85,6,467.64,438.97,99.07,81.1,1,car,1
85,7,644.75,469.88,72.63,68.19,1,car,1
85,8,516.31,485.84,70.66,87.14,1,car,1
86,3,947.38,206.15,125.64,119.61,1,car,1
86,4,24.82,78.82,172.75,108.23,1,car,1
86,5,527.98,348.14,110.56,115.64,1,car,1
86,6,463.87,439.24,99.52,80.84,1,car,1
86,7,643.16,469.16,72.64,69.41,1,car,1
86,8,514.31,488.27,70.46,85.16,1,car,1
87,3,947.98,206.83,119.54,117.93,1,car,1
87,4,24.92,78.78,173.64,108.32,1,car,1
87,5,526.97,348.56,107.99,114.85,1,car,1
87,6,460.09,439.5,99.97,80.57,1,car,1
87,7,640.06,469.17,73.61,69.91,1,car,1
87,8,512.31,490.7,70.27,83.17,1,car,1
88,3,948.57,207.5,113.44,116.24,1,car,1
88,4,25.02,78.74,174.53,108.42,1,car,1
88,5,525.96,348.99,105.43,114.06,1,car,1
88,6,456.32,439.77,100.42,80.3,1,car,1
88,7,636.96,469.19,74.59,70.42,1,car,1
88,8,510.31,493.13,70.07,81.19,1,car,1
89,3,949.17,208.18,107.33,114.56,1,car,1
89,4,25.11,78.7,175.42,108.52,1,car,1
89,5,524.95,349.42,102.86,113.27,1,car,1
89,6,452.55,440.04,100.88,80.04,1,car,1
89,7,633.86,469.2,75.57,70.93,1,car,1
89,8,508.34,492.86,70.4,81.78,1,car,1
90,3,949.77,208.86,101.23,112.87,1,car,1
90,4,25.21,78.66,176.31,108.61,1,car,1
90,5,523.95,349.84,100.3,112.48,1,car,1
90,6,448.78,440.31,101.33,79.77,1,car,1
90,7,630.76,469.21,76.54,71.43,1,car,1
90,8,506.37,492.6,70.74,82.36,1,car,1
91,3,952.68,207.43,112.23,115.07,1,car,1
91,4,25.2,78.63,176.46,108.68,1,car,1
91,5,522.94,350.27,97.74,111.69,1,car,1
91,6,447.56,440.3,106.86,91.15,1,car,1
91,7,627.66,469.23,77.52,71.94,1,car,1
91,8,504.4,492.34,71.07,82.94,1,car,1
92,3,955.6,205.99,123.24,117.27,1,car,1
92,4,25.18,78.59,176.61,108.75,1,car,1
92,5,522.66,350.4,96.91,110.47,1,car,1
92,6,446.34,440.29,112.4,102.52,1,car,1
92,7,624.56,469.24,78.5,72.44,1,car,1
92,8,502.43,492.07,71.4,83.53,1,car,1
93,3,958.51,204.56,134.24,119.47,1,car,1
93,4,25.16,78.56,176.76,108.82,1,car,1
93,5,522.39,350.52,96.09,109.24,1,car,1
93,6,445.12,440.28,117.94,113.9,1,car,1
93,7,621.46,469.25,79.47,72.95,1,car,1
93,8,500.47,491.81,71.74,84.11,1,car,1
94,3,961.42,203.13,145.25,121.66,1,car,1
94,4,25.15,78.52,176.91,108.89,1,car,1
94,5,522.12,350.64,95.27,108.02,1,car,1
94,6,443.91,440.27,123.47,125.28,1,car,1
94,7,618.36,469.27,80.45,73.45,1,car,1
94,8,498.5,491.54,72.07,84.69,1,car,1
95,3,964.34,201.69,156.25,123.86,1,car,1
95,4,25.13,78.49,177.06,108.96,1,car,1
95,5,521.84,350.77,94.45,106.8,1,car,1
95,6,442.69,440.26,129.01,136.65,1,car,1
95,7,615.26,469.28,81.43,73.96,1,car,1
95,8,496.53,491.28,72.4,85.28,1,car,1
96,3,967.64,212.09,142.79,114.18,1,car,1
96,4,25.13,78.47,177.11,108.98,1,car,1
96,5,521.57,350.89,93.62,105.57,1,car,1
96,6,440.75,440.58,122.99,125.17,1,car,1
96,7,613.84,470.21,80.76,73.06,1,car,1
96,8,494.56,491.02,72.74,85.86,1,car,1
97,3,970.95,222.48,129.33,104.5,1,car,1
97,4,25.13,78.45,177.16,109.0,1,car,1
97,5,517.77,350.95,95.5,106.33,1,car,1
97,6,438.82,440.9,116.97,113.68,1,car,1
97,7,612.42,471.13,80.1,72.16,1,car,1
97,8,492.59,490.75,73.07,86.44,1,car,1
98,3,974.25,232.87,115.86,94.83,1,car,1
98,4,25.13,78.43,177.21,109.01,1,car,1
98,5,513.98,351.0,97.37,107.08,1,car,1
98,6,436.89,441.21,110.96,102.2,1,car,1
98,7,611.0,472.05,79.43,71.26,1,car,1
98,8,490.62,490.49,73.41,87.03,1,car,1
99,3,977.56,243.26,102.4,85.15,1,car,1
99,4,25.12,78.4,177.26,109.03,1,car,1
99,5,510.19,351.06,99.24,107.84,1,car,1
99,6,434.96,441.53,104.94,90.71,1,car,1
99,7,609.58,472.98,78.77,70.36,1,car,1
99,8,488.66,490.22,73.74,87.61,1,car,1
100,3,980.86,253.66,88.94,75.47,1,car,1
100,4,25.12,78.38,177.3,109.05,1,car,1
100,5,506.39,351.11,101.12,108.59,1,car,1
100,6,433.03,441.84,98.92,79.23,1,car,1
100,7,608.16,473.9,78.11,69.46,1,car,1
100,8,486.69,489.96,74.07,88.19,1,car,1
101,3,983.81,247.18,96.91,81.38,1,car,1
101,4,25.15,78.38,177.3,109.06,1,car,1
101,5,502.6,351.16,102.99,109.35,1,car,1
101,6,429.49,442.81,102.85,84.19,1,car,1
101,7,606.74,474.82,77.44,68.56,1,car,1
102,3,986.77,240.71,104.88,87.29,1,car,1
102,4,25.18,78.37,177.3,109.07,1,car,1
102,5,495.67,351.74,104.06,112.09,1,car,1
102,6,425.96,443.78,106.78,89.15,1,car,1
102,7,600.36,475.92,77.53,68.94,1,car,1
103,3,989.72,234.24,112.85,93.2,1,car,1
103,4,25.2,78.36,177.3,109.08,1,car,1
103,5,488.74,352.32,105.12,114.84,1,car,1
103,6,422.43,444.75,110.72,94.11,1,car,1
103,7,593.98,477.01,77.62,69.32,1,car,1
104,3,992.67,227.77,120.82,99.12,1,car,1
104,4,25.23,78.35,177.3,109.09,1,car,1
104,5,481.8,352.89,106.19,117.58,1,car,1
104,6,418.9,445.72,114.65,99.07,1,car,1
104,7,587.59,478.11,77.71,69.7,1,car,1
105,3,995.62,221.29,128.79,105.03,1,car,1
105,4,25.26,78.34,177.3,109.1,1,car,1
105,5,474.87,353.47,107.26,120.32,1,car,1
105,6,415.36,446.69,118.58,104.03,1,car,1
105,7,581.21,479.2,77.8,70.08,1,car,1
106,3,998.57,214.82,136.76,110.94,1,car,1
106,4,25.19,78.37,177.57,109.05,1,car,1
106,5,467.94,354.04,108.33,123.07,1,car,1
106,6,406.7,448.35,116.52,99.51,1,car,1
106,7,574.82,480.3,77.89,70.46,1,car,1
107,3,1001.52,208.35,144.73,116.85,1,car,1
107,4,25.13,78.41,177.84,109.0,1,car,1
107,5,460.38,356.05,108.34,122.43,1,car,1
107,6,398.04,450.0,114.47,94.99,1,car,1
107,7,568.44,481.39,77.98,70.84,1,car,1
108,3,1004.47,201.87,152.7,122.76,1,car,1
108,4,25.07,78.44,178.11,108.95,1,car,1
108,5,452.81,358.05,108.35,121.8,1,car,1
108,6,389.39,451.66,112.41,90.47,1,car,1
108,7,562.06,482.49,78.07,71.22,1,car,1
109,3,1004.46,201.38,152.32,121.78,1,car,1
109,4,25.01,78.48,178.38,108.9,1,car,1
109,5,445.25,360.05,108.36,121.17,1,car,1
109,6,380.73,453.31,110.35,85.95,1,car,1
109,7,555.67,483.59,78.16,71.6,1,car,1
110,3,1004.45,200.89,151.94,120.79,1,car,1
110,4,24.95,78.51,178.65,108.85,1,car,1
110,5,437.69,362.05,108.37,120.54,1,car,1
110,6,372.07,454.97,108.3,81.43,1,car,1
110,7,549.29,484.68,78.25,71.97,1,car,1
111,3,1004.45,200.4,151.56,119.81,1,car,1
111,4,24.93,78.53,178.58,108.82,1,car,1
111,5,430.13,364.06,108.38,119.9,1,car,1
111,6,366.85,461.14,109.06,88.07,1,car,1
111,7,542.9,485.78,78.34,72.35,1,car,1
112,3,1004.44,199.91,151.18,118.83,1,car,1
112,4,24.91,78.54,178.52,108.79,1,car,1
112,5,425.32,363.9,107.01,118.72,1,car,1
112,6,361.64,467.31,109.83,94.72,1,car,1
112,7,536.52,486.87,78.43,72.73,1,car,1
113,3,1004.43,199.42,150.81,117.84,1,car,1
113,4,24.88,78.56,178.45,108.76,1,car,1
113,5,420.52,363.75,105.65,117.54,1,car,1
113,6,356.42,473.48,110.59,101.36,1,car,1
113,7,530.14,487.97,78.52,73.11,1,car,1
114,3,1000.7,203.83,141.84,111.78,1,car,1
114,4,24.86,78.57,178.39,108.74,1,car,1
114,5,415.71,363.6,104.28,116.36,1,car,1
114,6,351.2,479.65,111.35,108.0,1,car,1
114,7,523.75,489.06,78.61,73.49,1,car,1
115,3,996.98,208.25,132.88,105.73,1,car,1
115,4,24.84,78.59,178.32,108.71,1,car,1
115,5,410.91,363.45,102.91,115.18,1,car,1
115,6,345.99,485.82,112.12,114.65,1,car,1
115,7,517.37,490.16,78.7,73.87,1,car,1
116,3,993.25,212.67,123.92,99.67,1,car,1
116,4,24.84,78.6,178.47,108.75,1,car,1
116,5,406.11,363.3,101.54,114.0,1,car,1
116,6,361.45,500.92,93.0,101.53,1,car,1
116,7,510.98,491.25,78.79,74.25,1,car,1
116,9,335.82,460.96,91.66,79.2,1,car,1
117,3,989.53,217.09,114.96,93.61,1,car,1
117,4,24.84,78.61,178.62,108.79,1,car,1
117,5,399.24,364.83,102.48,113.79,1,car,1
117,6,376.91,516.01,73.87,88.41,1,car,1
117,7,504.6,492.35,78.88,74.63,1,car,1
117,9,328.06,462.2,92.07,79.34,1,car,1
118,3,985.8,221.51,105.99,87.56,1,car,1
118,4,24.84,78.63,178.77,108.83,1,car,1
118,5,392.38,366.36,103.42,113.59,1,car,1
118,7,498.22,493.44,78.97,75.01,1,car,1
118,9,320.31,463.45,92.48,79.49,1,car,1
119,3,982.07,225.93,97.03,81.5,1,car,1
119,4,24.84,78.64,178.92,108.87,1,car,1
119,5,385.51,367.89,104.35,113.39,1,car,1
119,7,491.83,494.54,79.06,75.39,1,car,1
119,9,312.55,464.69,92.88,79.63,1,car,1
120,3,978.35,230.35,88.07,75.44,1,car,1
120,4,24.84,78.65,179.07,108.91,1,car,1
120,5,378.65,369.42,105.29,113.19,1,car,1
120,7,485.45,495.63,79.15,75.77,1,car,1
120,9,304.8,465.94,93.29,79.78,1,car,1
121,3,975.4,220.42,99.61,84.37,1,car,1
121,4,24.92,78.75,179.1,108.85,1,car,1
121,5,371.79,370.94,106.23,112.98,1,car,1
121,7,479.06,496.73,79.24,76.15,1,car,1
121,9,297.04,467.18,93.7,79.93,1,car,1
122,3,972.46,210.49,111.15,93.31,1,car,1
122,4,25.0,78.84,179.12,108.79,1,car,1
122,5,363.0,372.25,107.0,113.36,1,car,1
122,7,472.68,497.82,79.33,76.53,1,car,1
122,9,289.29,468.43,94.1,80.07,1,car,1
123,3,969.51,200.56,122.69,102.24,1,car,1
123,4,25.08,78.93,179.15,108.73,1,car,1
123,5,354.21,373.55,107.78,113.74,1,car,1
123,7,466.3,498.92,79.42,76.91,1,car,1
123,9,281.53,469.68,94.51,80.22,1,car,1
124,3,966.57,190.63,134.24,111.17,1,car,1
124,4,25.16,79.02,179.17,108.67,1,car,1
124,5,345.42,374.85,108.55,114.13,1,car,1
124,7,459.91,500.01,79.51,77.29,1,car,1
124,9,273.78,470.92,94.92,80.36,1,car,1
125,3,963.63,180.7,145.78,120.1,1,car,1
125,4,25.24,79.12,179.2,108.61,1,car,1
125,5,336.63,376.15,109.33,114.51,1,car,1
125,7,453.53,501.11,79.6,77.67,1,car,1
125,9,266.02,472.17,95.32,80.51,1,car,1
126,3,959.64,180.7,145.78,118.34,1,car,1
126,4,25.03,79.15,179.99,108.98,1,car,1
126,5,327.84,377.45,110.1,114.89,1,car,1
126,7,447.08,504.16,79.23,75.65,1,car,1
126,9,258.27,473.41,95.73,80.65,1,car,1
127,3,955.66,180.69,145.78,116.58,1,car,1
127,4,24.83,79.18,180.79,109.35,1,car,1
127,5,326.79,377.67,109.79,114.55,1,car,1
127,7,440.64,507.21,78.87,73.63,1,car,1
127,9,250.51,474.66,96.14,80.8,1,car,1
128,3,951.68,180.69,145.79,114.81,1,car,1
128,4,24.62,79.21,181.59,109.72,1,car,1
128,5,325.74,377.89,109.48,114.21,1,car,1
128,7,434.2,510.26,78.5,71.62,1,car,1
128,9,242.75,475.9,96.54,80.94,1,car,1
129,3,947.7,180.68,145.79,113.05,1,car,1
129,4,24.42,79.25,182.39,110.09,1,car,1
129,5,324.7,378.11,109.17,113.87,1,car,1
129,7,427.75,513.31,78.14,69.6,1,car,1
129,9,235.0,477.15,96.95,81.09,1,car,1
129,10,277.07,530.88,75.17,94.73,1,car,1
130,3,943.71,180.68,145.8,111.29,1,car,1
130,4,24.21,79.28,183.19,110.46,1,car,1
130,5,323.65,378.32,108.86,113.53,1,car,1
130,7,421.31,516.36,77.77,67.58,1,car,1
130,9,227.24,478.39,97.36,81.23,1,car,1
130,10,275.92,530.55,75.33,94.53,1,car,1
131,3,942.62,178.37,145.35,112.83,1,car,1
131,4,24.43,79.66,183.02,110.96,1,car,1
131,5,322.61,378.54,108.55,113.19,1,car,1
131,7,421.32,517.09,77.06,67.18,1,car,1
131,9,228.18,477.9,95.97,81.22,1,car,1
131,10,274.76,530.21,75.48,94.33,1,car,1
132,3,941.52,176.06,144.9,114.37,1,car,1
132,4,24.64,80.04,182.84,111.45,1,car,1
132,5,321.56,378.76,108.24,112.85,1,car,1
132,7,421.33,517.82,76.35,66.79,1,car,1
132,9,229.12,477.41,94.58,81.21,1,car,1
132,10,273.61,529.88,75.64,94.13,1,car,1
133,3,940.42,173.74,144.45,115.91,1,car,1
133,4,24.85,80.41,182.67,111.95,1,car,1
133,5,320.51,378.98,107.93,112.51,1,car,1
133,7,421.34,518.54,75.65,66.39,1,car,1
133,9,230.06,476.92,93.19,81.19,1,car,1
133,10,272.46,529.55,75.8,93.93,1,car,1
134,3,939.33,171.43,144.0,117.46,1,car,1
134,4,25.07,80.79,182.5,112.45,1,car,1
134,5,319.47,379.2,107.62,112.17,1,car,1
134,7,421.35,519.27,74.94,66.0,1,car,1
134,9,231.0,476.42,91.79,81.18,1,car,1
134,10,271.3,529.22,75.95,93.73,1,car,1
135,3,938.23,169.12,143.56,119.0,1,car,1
135,4,25.28,81.17,182.33,112.94,1,car,1
135,5,318.42,379.42,107.31,111.83,1,car,1
135,7,421.36,520.0,74.23,65.6,1,car,1
135,9,231.94,475.93,90.4,81.16,1,car,1
135,10,270.15,528.88,76.11,93.53,1,car,1
136,3,937.13,166.8,143.11,120.54,1,car,1
136,4,25.09,81.33,182.97,113.49,1,car,1
136,5,317.37,379.64,107.0,111.49,1,car,1
136,7,422.12,518.83,74.7,66.45,1,car,1
136,9,232.72,475.72,90.49,81.28,1,car,1
136,10,268.99,528.55,76.26,93.34,1,car,1
137,3,938.54,166.84,143.02,120.33,1,car,1
137,4,24.89,81.5,183.6,114.04,1,car,1
137,5,316.33,379.85,106.69,111.15,1,car,1
137,7,422.88,517.65,75.18,67.3,1,car,1
137,9,233.51,475.51,90.58,81.4,1,car,1
137,10,270.76,529.05,76.06,92.51,1,car,1
138,3,939.95,166.87,142.93,120.12,1,car,1
138,4,24.69,81.66,184.24,114.59,1,car,1
138,5,315.28,380.07,106.38,110.81,1,car,1
138,7,423.64,516.48,75.65,68.15,1,car,1
138,9,234.29,475.3,90.67,81.52,1,car,1
138,10,272.53,529.55,75.86,91.69,1,car,1
139,3,941.36,166.9,142.84,119.91,1,car,1
139,4,24.5,81.82,184.88,115.14,1,car,1
139,5,314.24,380.29,106.07,110.47,1,car,1
139,7,424.4,515.3,76.12,69.0,1,car,1
139,9,235.07,475.09,90.76,81.64,1,car,1
139,10,274.3,530.05,75.66,90.86,1,car,1
140,3,942.76,166.93,142.74,119.7,1,car,1
140,4,24.3,81.98,185.51,115.69,1,car,1
140,5,313.19,380.51,105.76,110.13,1,car,1
140,7,425.16,514.13,76.6,69.84,1,car,1
140,9,235.86,474.88,90.85,81.76,1,car,1
140,10,276.06,530.55,75.45,90.04,1,car,1
141,3,944.17,166.96,142.65,119.49,1,car,1
141,4,24.21,83.0,185.82,115.27,1,car,1
141,5,312.14,380.73,105.45,109.79,1,car,1
141,7,425.25,513.42,76.54,70.45,1,car,1
141,9,235.93,474.88,91.16,81.73,1,car,1
141,10,277.83,531.05,75.25,89.21,1,car,1
142,3,946.03,166.71,143.14,119.71,1,car,1
142,4,24.11,84.02,186.13,114.85,1,car,1
142,5,311.1,380.95,105.14,109.45,1,car,1
142,7,425.33,512.7,76.49,71.05,1,car,1
142,9,236.0,474.88,91.47,81.7,1,car,1
142,10,277.4,531.41,75.21,88.97,1,car,1
143,3,947.89,166.46,143.62,119.92,1,car,1
143,4,24.02,85.03,186.44,114.43,1,car,1
143,5,310.05,381.17,104.83,109.12,1,car,1
143,7,425.41,511.99,76.44,71.65,1,car,1
143,9,236.07,474.88,91.78,81.67,1,car,1
143,10,276.97,531.78,75.18,88.72,1,car,1
144,3,949.75,166.22,144.1,120.14,1,car,1
144,4,23.92,86.05,186.75,114.01,1,car,1
144,5,309.0,381.38,104.52,108.78,1,car,1
144,7,425.5,511.27,76.39,72.26,1,car,1
144,9,236.14,474.88,92.08,81.64,1,car,1
144,10,276.54,532.14,75.14,88.47,1,car,1
145,3,951.61,165.97,144.59,120.36,1,car,1
145,4,23.83,87.07,187.06,113.59,1,car,1
145,5,307.96,381.6,104.21,108.44,1,car,1
145,7,425.58,510.56,76.34,72.86,1,car,1
145,9,236.21,474.89,92.39,81.61,1,car,1
145,10,276.12,532.51,75.11,88.23,1,car,1
146,3,953.47,165.72,145.07,120.58,1,car,1
146,4,22.6,88.68,186.59,112.68,1,car,1
146,5,306.91,381.82,103.9,108.1,1,car,1
146,7,424.37,512.57,75.94,71.32,1,car,1
146,9,234.59,475.0,91.97,81.86,1,car,1
146,10,275.69,532.88,75.07,87.98,1,car,1
147,3,956.47,167.47,145.16,119.84,1,car,1
147,4,21.38,90.29,186.11,111.77,1,car,1
147,5,305.87,382.04,103.59,107.76,1,car,1
147,7,423.15,514.57,75.55,69.79,1,car,1
147,9,232.97,475.12,91.56,82.11,1,car,1
147,10,273.81,532.13,75.42,89.01,1,car,1
148,3,959.46,169.22,145.25,119.1,1,car,1
148,4,20.16,91.9,185.63,110.85,1,car,1
148,5,304.82,382.26,103.28,107.42,1,car,1
148,7,421.94,516.58,75.15,68.26,1,car,1
148,9,231.34,475.24,91.14,82.35,1,car,1
148,10,271.92,531.39,75.77,90.03,1,car,1
149,3,962.46,170.96,145.35,118.36,1,car,1
149,4,18.93,93.52,185.15,109.94,1,car,1
149,5,303.77,382.48,102.97,107.08,1,car,1
149,7,420.73,518.58,74.76,66.72,1,car,1
149,9,229.72,475.35,90.72,82.6,1,car,1
149,10,270.04,530.65,76.12,91.06,1,car,1
150,3,965.46,172.71,145.44,117.63,1,car,1
150,4,17.71,95.13,184.67,109.03,1,car,1
150,5,302.73,382.7,102.66,106.74,1,car,1
150,7,419.52,520.59,74.36,65.19,1,car,1
150,9,228.1,475.47,90.31,82.85,1,car,1
150,10,268.16,529.9,76.47,92.08,1,car,1
151,3,968.46,174.46,145.53,116.89,1,car,1
151,4,15.13,95.4,184.5,109.84,1,car,1
151,5,301.68,382.91,102.35,106.4,1,car,1
151,7,418.97,520.03,74.69,65.8,1,car,1
151,9,229.49,475.24,91.38,82.56,1,car,1
151,10,266.28,529.16,76.82,93.11,1,car,1
152,3,971.04,184.92,133.35,108.67,1,car,1
152,4,12.56,95.68,184.33,110.66,1,car,1
152,5,300.63,383.13,102.04,106.06,1,car,1
152,7,418.43,519.48,75.01,66.4,1,car,1
152,9,230.88,475.01,92.45,82.28,1,car,1
152,10,266.48,528.74,77.49,93.28,1,car,1
153,3,973.62,195.38,121.16,100.45,1,car,1
153,4,9.99,95.95,184.16,111.47,1,car,1
153,5,299.59,383.35,101.73,105.72,1,car,1
153,7,417.89,518.92,75.33,67.01,1,car,1
153,9,232.27,474.79,93.52,81.99,1,car,1
153,10,266.68,528.32,78.15,93.45,1,car,1
154,3,976.21,205.84,108.98,92.23,1,car,1
154,4,7.42,96.23,183.99,112.28,1,car,1
154,5,298.54,383.57,101.42,105.38,1,car,1
154,7,417.35,518.37,75.66,67.62,1,car,1
154,9,233.67,474.56,94.59,81.71,1,car,1
154,10,266.88,527.9,78.81,93.61,1,car,1
155,3,978.79,216.3,96.79,84.0,1,car,1
155,4,4.85,96.51,183.83,113.1,1,car,1
155,5,297.5,383.79,101.11,105.04,1,car,1
155,7,416.81,517.81,75.98,68.23,1,car,1
155,9,235.06,474.33,95.66,81.42,1,car,1
155,10,267.08,527.48,79.47,93.78,1,car,1
156,3,981.37,226.77,84.61,75.78,1,car,1
156,4,2.28,96.78,183.66,113.91,1,car,1
156,5,296.45,384.01,100.8,104.7,1,car,1
156,7,416.27,517.26,76.3,68.84,1,car,1
156,9,233.76,474.54,94.29,81.34,1,car,1
156,10,267.28,527.06,80.14,93.95,1,car,1
157,3,982.78,221.0,93.75,82.09,1,car,1
157,4,1.95,97.01,179.07,115.0,1,car,1
157,5,295.4,384.23,100.49,104.36,1,car,1
157,7,415.73,516.7,76.62,69.45,1,car,1
157,9,232.45,474.75,92.91,81.26,1,car,1
157,10,266.24,528.0,79.94,93.27,1,car,1
158,3,984.19,215.23,102.9,88.39,1,car,1
158,4,1.63,97.24,174.49,116.1,1,car,1
158,5,294.36,384.44,100.18,104.02,1,car,1
158,7,415.19,516.14,76.95,70.06,1,car,1
158,9,231.15,474.96,91.54,81.18,1,car,1
158,10,265.19,528.95,79.75,92.58,1,car,1
159,3,985.59,209.47,112.04,94.7,1,car,1
159,4,1.31,97.47,169.9,117.19,1,car,1
159,5,293.31,384.66,99.86,103.68,1,car,1
159,7,414.65,515.59,77.27,70.67,1,car,1
159,9,229.84,475.17,90.17,81.1,1,car,1
159,10,264.15,529.9,79.55,91.9,1,car,1
160,3,987.0,203.7,121.19,101.0,1,car,1
160,4,0.98,97.7,165.32,118.29,1,car,1
160,5,292.27,384.88,99.55,103.34,1,car,1
160,7,414.11,515.03,77.59,71.27,1,car,1
160,9,228.54,475.37,88.8,81.02,1,car,1
160,10,263.1,530.84,79.36,91.22,1,car,1
161,3,988.41,197.94,130.33,107.3,1,car,1
161,4,0.66,97.93,160.73,119.38,1,car,1
161,5,291.22,385.1,99.24,103.0,1,car,1
161,7,413.57,514.48,77.92,71.88,1,car,1
161,9,226.9,475.79,90.3,81.11,1,car,1
161,10,262.05,531.79,79.16,90.53,1,car,1
162,3,989.81,192.17,139.47,113.61,1,car,1
162,4,0.53,97.96,157.29,120.36,1,car,1
162,5,290.17,385.32,98.93,102.66,1,car,1
162,7,411.69,515.2,77.86,71.5,1,car,1
162,9,225.25,476.21,91.8,81.21,1,car,1
162,10,260.42,532.86,78.47,90.18,1,car,1
163,3,990.11,193.98,140.76,113.01,1,car,1
163,4,0.39,98.0,153.86,121.33,1,car,1
163,5,289.13,385.54,98.62,102.32,1,car,1
163,7,409.81,515.91,77.81,71.12,1,car,1
163,9,223.61,476.63,93.29,81.3,1,car,1
163,10,258.78,533.92,77.78,89.84,1,car,1
164,3,990.41,195.78,142.04,112.41,1,car,1
164,4,0.26,98.03,150.42,122.31,1,car,1
164,5,288.08,385.76,98.31,101.99,1,car,1
164,7,407.92,516.63,77.75,70.74,1,car,1
164,9,221.97,477.05,94.79,81.39,1,car,1
164,10,257.14,534.99,77.08,89.49,1,car,1
165,3,990.72,197.59,143.33,111.81,1,car,1
165,4,0.13,98.07,146.99,123.28,1,car,1
165,5,287.03,385.97,98.0,101.65,1,car,1
165,7,406.04,517.35,77.7,70.36,1,car,1
165,9,220.33,477.47,96.29,81.48,1,car,1
165,10,255.5,536.05,76.39,89.14,1,car,1
166,3,991.02,199.39,144.61,111.21,1,car,1
166,4,0.0,98.1,143.55,124.26,1,car,1
166,5,285.99,386.19,97.69,101.31,1,car,1
166,7,404.15,518.06,77.64,69.98,1,car,1
166,9,215.38,478.14,96.56,82.0,1,car,1
166,10,253.86,537.11,75.7,88.79,1,car,1
167,3,991.32,201.2,145.89,110.61,1,car,1
167,4,0.61,99.56,144.0,122.9,1,car,1
167,5,284.94,386.41,97.38,100.97,1,car,1
167,7,397.6,519.58,78.24,69.6,1,car,1
167,9,210.44,478.81,96.84,82.53,1,car,1
167,10,246.28,538.99,75.71,88.72,1,car,1
168,3,991.62,203.0,147.18,110.01,1,car,1
168,4,1.22,101.03,144.45,121.55,1,car,1
168,5,278.39,385.85,97.91,103.43,1,car,1
168,7,391.05,521.09,78.83,69.22,1,car,1
168,9,205.5,479.49,97.11,83.05,1,car,1
168,10,238.69,540.87,75.72,88.65,1,car,1
169,3,991.92,204.81,148.46,109.41,1,car,1
169,4,1.84,102.49,144.91,120.19,1,car,1
169,5,271.84,385.28,98.44,105.9,1,car,1
169,7,384.5,522.61,79.42,68.84,1,car,1
169,9,200.56,480.16,97.39,83.57,1,car,1
169,10,231.11,542.75,75.74,88.58,1,car,1
170,3,992.22,206.61,149.74,108.81,1,car,1
170,4,2.45,103.95,145.36,118.84,1,car,1
170,5,265.29,384.72,98.96,108.36,1,car,1
170,7,377.95,524.12,80.01,68.46,1,car,1
170,9,195.61,480.84,97.67,84.09,1,car,1
170,10,223.52,544.62,75.75,88.51,1,car,1
171,3,991.71,208.13,150.86,108.59,1,car,1
171,4,3.06,105.42,145.81,117.48,1,car,1
171,5,258.73,384.15,99.49,110.83,1,car,1
171,7,371.4,525.63,80.6,68.08,1,car,1
171,9,186.85,482.44,100.66,94.49,1,car,1
171,10,215.94,546.5,75.76,88.44,1,car,1
172,3,991.2,209.65,151.98,108.38,1,car,1
172,4,2.78,106.34,145.64,118.31,1,car,1
172,5,252.18,383.58,100.02,113.3,1,car,1
172,7,364.85,527.15,81.2,67.7,1,car,1
172,9,178.09,484.04,103.66,104.9,1,car,1
172,10,208.35,548.38,75.77,88.37,1,car,1
173,3,990.7,211.17,153.1,108.16,1,car,1
173,4,2.51,107.26,145.47,119.15,1,car,1
173,5,245.63,383.02,100.54,115.76,1,car,1
173,7,358.3,528.66,81.79,67.32,1,car,1
173,9,169.33,485.65,106.65,115.3,1,car,1
173,10,200.76,550.25,75.78,88.3,1,car,1
174,3,990.19,212.69,154.21,107.95,1,car,1
174,4,2.23,108.18,145.29,119.98,1,car,1
174,5,236.16,384.32,101.71,116.24,1,car,1
174,7,351.74,530.17,82.38,66.94,1,car,1
174,9,160.56,487.25,109.64,125.7,1,car,1
174,10,193.18,552.13,75.8,88.23,1,car,1
175,3,989.68,214.21,155.33,107.74,1,car,1
175,4,1.95,109.11,145.12,120.82,1,car,1
175,5,226.68,385.63,102.87,116.72,1,car,1
175,7,345.2,531.73,81.13,66.75,1,car,1
175,9,151.8,488.85,112.64,136.1,1,car,1
175,10,185.59,554.01,75.81,88.16,1,car,1
176,3,986.62,213.15,155.83,109.66,1,car,1
176,4,1.67,110.03,144.95,121.65,1,car,1
176,5,217.21,386.94,104.04,117.2,1,car,1
176,7,338.65,533.29,79.89,66.57,1,car,1
176,9,143.58,490.41,109.5,125.58,1,car,1
176,10,178.01,555.89,75.82,88.09,1,car,1
177,3,983.55,212.08,156.34,111.59,1,car,1
177,4,1.39,110.95,144.78,122.49,1,car,1
177,5,207.74,388.24,105.2,117.68,1,car,1
177,7,332.11,534.84,78.64,66.38,1,car,1
177,9,135.35,491.96,106.35,115.05,1,car,1
177,10,170.42,557.76,75.83,88.02,1,car,1
178,3,980.48,211.02,156.84,113.52,1,car,1
178,4,1.11,111.88,144.61,123.32,1,car,1
178,5,198.26,389.55,106.37,118.16,1,car,1
178,7,325.56,536.4,77.39,66.19,1,car,1
178,9,127.13,493.52,103.21,104.53,1,car,1
178,10,162.84,559.64,75.84,87.95,1,car,1
179,3,977.42,209.96,157.34,115.44,1,car,1
179,4,0.84,112.8,144.43,124.16,1,car,1
179,5,195.87,388.71,105.44,117.26,1,car,1
179,7,319.02,537.95,76.14,66.01,1,car,1
179,9,118.91,495.07,100.07,94.0,1,car,1
179,10,162.16,558.98,75.92,88.09,1,car,1
180,3,974.35,208.9,157.84,117.37,1,car,1
180,4,0.56,113.72,144.26,124.99,1,car,1
180,5,193.47,387.87,104.51,116.35,1,car,1
180,7,314.46,534.89,77.98,68.05,1,car,1
180,9,110.68,496.63,96.93,83.47,1,car,1
180,10,161.48,558.32,75.99,88.24,1,car,1
181,3,970.17,207.84,155.64,118.78,1,car,1
181,4,0.28,114.64,144.09,125.83,1,car,1
181,5,191.07,387.03,103.58,115.44,1,car,1
181,7,309.91,531.82,79.81,70.08,1,car,1
181,9,114.04,503.25,94.72,84.84,1,car,1
181,10,160.81,557.65,76.06,88.39,1,car,1
182,3,965.99,206.78,153.44,120.19,1,car,1
182,4,0.0,115.57,143.92,126.66,1,car,1
182,5,188.68,386.19,102.65,114.53,1,car,1
182,7,305.35,528.75,81.65,72.12,1,car,1
182,9,117.39,509.87,92.51,86.2,1,car,1
182,10,160.13,556.99,76.14,88.53,1,car,1
183,3,961.82,205.72,151.23,121.6,1,car,1
183,4,0.18,117.22,148.53,125.12,1,car,1
183,5,186.28,385.36,101.72,113.63,1,car,1
183,7,300.8,525.69,83.48,74.16,1,car,1
183,9,120.75,516.49,90.29,87.56,1,car,1
183,10,159.45,556.33,76.21,88.68,1,car,1
184,3,957.64,204.66,149.03,123.01,1,car,1
184,4,0.37,118.88,153.14,123.57,1,car,1
184,5,183.88,384.52,100.8,112.72,1,car,1
184,7,296.24,522.62,85.32,76.2,1,car,1
184,9,124.11,523.11,88.08,88.92,1,car,1
184,10,158.77,555.67,76.29,88.83,1,car,1
185,3,953.46,203.6,146.83,124.42,1,car,1
185,4,0.55,120.54,157.75,122.03,1,car,1
185,5,183.66,384.79,100.49,112.38,1,car,1
185,7,295.96,523.75,83.12,73.97,1,car,1
185,9,127.46,529.74,85.87,90.28,1,car,1
185,10,158.1,555.0,76.36,88.97,1,car,1
186,3,949.28,202.54,144.63,125.83,1,car,1
186,4,0.74,122.19,162.36,120.48,1,car,1
186,5,183.43,385.05,100.19,112.04,1,car,1
186,7,295.67,524.89,80.92,71.74,1,car,1
186,9,130.82,536.36,83.66,91.64,1,car,1
186,10,157.42,554.34,76.44,89.12,1,car,1
187,3,944.5,201.67,147.41,126.66,1,car,1
187,4,0.92,123.85,166.97,118.94,1,car,1
187,5,183.2,385.32,99.88,111.71,1,car,1
187,7,295.38,526.02,78.72,69.51,1,car,1
187,9,134.17,542.98,81.45,93.0,1,car,1
187,10,156.74,553.68,76.51,89.27,1,car,1
188,3,939.72,200.79,150.19,127.5,1,car,1
188,4,0.95,122.83,168.45,121.26,1,car,1
188,5,182.97,385.59,99.58,111.37,1,car,1
188,7,295.09,527.15,76.53,67.28,1,car,1
188,9,134.16,541.59,81.41,92.95,1,car,1
188,10,156.06,553.02,76.58,89.41,1,car,1
189,3,934.94,199.92,152.97,128.33,1,car,1
189,4,0.99,121.8,169.92,123.59,1,car,1
189,5,182.74,385.86,99.27,111.03,1,car,1
189,7,294.8,528.28,74.33,65.05,1,car,1
189,9,134.16,540.21,81.36,92.91,1,car,1
189,10,155.39,552.36,76.66,89.56,1,car,1
190,3,930.16,199.04,155.75,129.17,1,car,1
190,4,1.02,120.78,171.4,125.92,1,car,1
190,5,182.51,386.13,98.97,110.69,1,car,1
190,7,295.63,528.01,73.9,64.92,1,car,1
190,9,134.15,538.82,81.32,92.86,1,car,1
190,10,154.71,551.69,76.73,89.71,1,car,1
191,3,925.38,198.17,158.54,130.0,1,car,1
191,4,1.06,119.76,172.88,128.24,1,car,1
191,5,182.29,386.4,98.66,110.36,1,car,1
191,7,296.46,527.74,73.46,64.79,1,car,1
191,9,134.14,537.43,81.28,92.81,1,car,1
191,10,154.03,551.03,76.81,89.85,1,car,1
192,3,920.67,198.15,159.09,130.77,1,car,1
192,4,1.09,118.74,174.36,130.57,1,car,1
192,5,182.06,386.67,98.36,110.02,1,car,1
192,7,297.29,527.48,73.03,64.66,1,car,1
192,9,134.13,536.05,81.23,92.76,1,car,1
192,10,153.35,550.37,76.88,90.0,1,car,1
193,3,915.96,198.14,159.65,131.54,1,car,1
193,4,0.98,118.36,174.58,131.25,1,car,1
193,5,181.83,386.93,98.05,109.68,1,car,1
193,7,298.12,527.21,72.59,64.53,1,car,1
193,9,133.84,535.78,81.31,93.4,1,car,1
193,10,152.68,549.71,76.95,90.15,1,car,1
194,3,911.25,198.13,160.21,132.31,1,car,1
194,4,0.87,117.98,174.8,131.92,1,car,1
194,5,181.6,387.2,97.75,109.34,1,car,1
194,7,298.95,526.94,72.16,64.39,1,car,1
194,9,133.56,535.52,81.38,94.03,1,car,1
194,10,152.0,549.04,77.03,90.3,1,car,1
195,3,906.54,198.12,160.76,133.09,1,car,1
195,4,0.76,117.6,175.01,132.6,1,car,1
195,5,181.37,387.47,97.44,109.0,1,car,1
195,7,297.48,525.84,72.83,65.29,1,car,1
195,9,133.27,535.26,81.45,94.67,1,car,1
195,10,151.32,548.38,77.1,90.44,1,car,1
196,3,901.83,198.11,161.32,133.86,1,car,1
196,4,0.65,117.22,175.23,133.28,1,car,1
196,5,181.14,387.74,97.14,108.67,1,car,1
196,7,296.02,524.75,73.49,66.19,1,car,1
196,9,132.98,535.0,81.53,95.31,1,car,1
196,10,150.64,547.72,77.18,90.59,1,car,1
197,3,897.11,198.1,161.87,134.63,1,car,1
197,4,0.54,116.84,175.45,133.95,1,car,1
197,5,180.92,388.01,96.83,108.33,1,car,1
197,7,294.56,523.65,74.16,67.09,1,car,1
197,9,132.69,534.73,81.6,95.94,1,car,1
197,10,149.97,547.06,77.25,90.74,1,car,1
198,3,892.4,198.09,162.43,135.4,1,car,1
198,4,1.57,117.52,177.92,133.42,1,car,1
198,5,180.69,388.28,96.53,107.99,1,car,1
198,7,293.1,522.56,74.83,67.99,1,car,1
198,9,131.56,531.98,81.84,98.93,1,car,1
198,10,149.29,546.4,77.32,90.88,1,car,1
199,3,891.96,200.53,156.35,131.94,1,car,1
199,4,2.59,118.2,180.38,132.88,1,car,1
199,5,180.46,388.54,96.23,107.65,1,car,1
199,7,291.63,521.46,75.5,68.89,1,car,1
199,9,130.43,529.23,82.08,101.91,1,car,1
199,10,148.61,545.73,77.4,91.03,1,car,1
200,3,891.51,202.97,150.26,128.48,1,car,1
200,4,3.61,118.87,182.85,132.34,1,car,1
200,5,180.23,388.81,95.92,107.32,1,car,1
200,7,287.38,518.65,79.3,72.22,1,car,1
200,9,129.31,526.48,82.32,104.89,1,car,1
200,10,147.93,545.07,77.47,91.18,1,car,1
201,3,891.06,205.41,144.17,125.01,1,car,1
201,4,4.64,119.55,185.31,131.8,1,car,1
201,5,180.0,389.08,95.62,106.98,1,car,1
201,7,283.12,515.84,83.1,75.55,1,car,1
201,9,128.18,523.72,82.57,107.87,1,car,1
201,10,147.26,544.41,77.55,91.32,1,car,1
202,3,890.62,207.85,138.09,121.55,1,car,1
202,4,5.66,120.22,187.78,131.26,1,car,1
202,5,179.77,389.35,95.31,106.64,1,car,1
202,7,278.86,513.03,86.91,78.89,1,car,1
202,9,127.05,520.97,82.81,110.85,1,car,1
202,10,146.58,543.75,77.62,91.47,1,car,1
203,3,890.17,210.29,132.0,118.09,1,car,1
203,4,6.08,120.16,187.43,131.74,1,car,1
203,5,179.55,389.62,95.01,106.3,1,car,1
203,7,274.6,510.22,90.71,82.22,1,car,1
203,9,125.92,518.22,83.05,113.84,1,car,1
203,10,145.9,543.08,77.69,91.62,1,car,1
204,3,889.72,212.73,125.91,114.63,1,car,1
204,4,6.5,120.1,187.08,132.23,1,car,1
204,5,179.32,389.89,94.7,105.97,1,car,1
204,7,270.35,507.41,94.51,85.55,1,car,1
204,9,124.79,515.47,83.29,116.82,1,car,1
204,10,145.22,542.42,77.77,91.76,1,car,1
205,3,889.28,215.17,119.83,111.17,1,car,1
205,4,6.92,120.03,186.73,132.71,1,car,1
205,5,179.09,390.16,94.4,105.63,1,car,1
205,7,266.09,504.6,98.32,88.89,1,car,1
205,9,123.67,512.71,83.53,119.8,1,car,1
205,10,144.55,541.76,77.84,91.91,1,car,1
206,3,888.83,217.61,113.74,107.71,1,car,1
206,4,7.34,119.97,186.38,133.2,1,car,1
206,5,178.86,390.42,94.09,105.29,1,car,1
206,7,269.64,507.05,94.47,86.81,1,car,1
206,9,117.84,506.04,89.44,126.51,1,car,1
206,10,143.87,541.1,77.92,92.06,1,car,1
207,3,888.38,220.06,107.66,104.25,1,car,1
207,4,7.76,119.9,186.02,133.68,1,car,1
207,5,178.63,390.69,93.79,104.95,1,car,1
207,7,273.19,509.5,90.62,84.73,1,car,1
207,9,112.02,499.36,95.36,133.21,1,car,1
207,10,143.19,540.44,77.99,92.2,1,car,1
208,3,887.94,222.5,101.57,100.78,1,car,1
208,4,9.08,120.12,184.52,132.07,1,car,1
208,5,178.4,390.96,93.48,104.61,1,car,1
208,7,276.74,511.95,86.78,82.65,1,car,1
208,9,106.19,492.69,101.27,139.92,1,car,1
208,10,142.51,539.77,78.06,92.35,1,car,1
209,3,887.49,224.94,95.48,97.32,1,car,1
209,4,10.41,120.33,183.03,130.46,1,car,1
209,5,178.18,391.23,93.18,104.28,1,car,1
209,7,280.29,514.4,82.93,80.58,1,car,1
209,9,100.36,486.01,107.18,146.63,1,car,1
209,10,141.84,539.11,78.14,92.5,1,car,1
210,3,891.34,221.3,102.56,101.23,1,car,1
210,4,11.73,120.55,181.53,128.85,1,car,1
210,5,177.95,391.5,92.87,103.94,1,car,1
210,7,283.84,516.85,79.08,78.5,1,car,1
210,9,94.54,479.34,113.09,153.34,1,car,1
210,10,141.16,538.45,78.21,92.65,1,car,1
211,3,895.18,217.66,109.63,105.13,1,car,1
211,4,13.05,120.76,180.03,127.25,1,car,1
211,5,177.72,391.77,92.57,103.6,1,car,1
211,7,281.47,513.94,82.23,81.02,1,car,1
211,9,100.0,487.06,107.93,144.62,1,car,1
211,10,140.48,537.79,78.29,92.79,1,car,1
212,3,899.03,214.03,116.71,109.03,1,car,1
212,4,14.37,120.97,178.53,125.64,1,car,1
212,5,177.49,392.04,92.27,103.26,1,car,1
212,7,279.1,511.02,85.37,83.53,1,car,1
212,9,105.46,494.78,102.76,135.89,1,car,1
212,10,139.8,537.12,78.36,92.94,1,car,1
213,3,902.88,210.39,123.78,112.93,1,car,1
213,4,13.34,120.82,178.54,125.6,1,car,1
213,5,177.26,392.3,91.96,102.93,1,car,1
213,7,276.73,508.11,88.52,86.05,1,car,1
213,9,110.93,502.5,97.59,127.17,1,car,1
213,10,139.13,536.46,78.44,93.09,1,car,1
214,3,906.72,206.75,130.86,116.84,1,car,1
214,4,12.32,120.67,178.56,125.57,1,car,1
214,5,177.03,392.57,91.66,102.59,1,car,1
214,7,274.36,505.19,91.66,88.57,1,car,1
214,9,116.39,510.22,92.42,118.45,1,car,1
214,10,138.45,535.8,78.51,93.23,1,car,1
215,3,910.57,203.12,137.93,120.74,1,car,1
215,4,11.29,120.52,178.58,125.53,1,car,1
215,5,176.81,392.84,91.35,102.25,1,car,1
215,7,271.99,502.28,94.81,91.09,1,car,1
215,9,121.85,517.94,87.26,109.73,1,car,1
215,10,137.77,535.14,78.58,93.38,1,car,1
216,3,914.42,199.48,145.01,124.64,1,car,1
216,4,10.27,120.37,178.59,125.5,1,car,1
216,5,176.58,393.11,91.05,101.91,1,car,1
216,7,273.9,503.67,93.11,89.18,1,car,1
216,9,127.32,525.66,82.09,101.01,1,car,1
216,10,137.09,534.48,78.66,93.53,1,car,1
217,3,918.26,195.84,152.08,128.54,1,car,1
217,4,9.25,120.21,178.61,125.47,1,car,1
217,5,176.35,393.38,90.74,101.58,1,car,1
217,7,275.81,505.06,91.41,87.27,1,car,1
217,9,123.66,515.96,81.76,96.63,1,car,1
217,10,136.42,533.81,78.73,93.67,1,car,1
218,3,922.11,192.2,159.15,132.45,1,car,1
218,4,8.22,120.06,178.62,125.43,1,car,1
218,5,176.12,393.65,90.44,101.24,1,car,1
218,7,277.73,506.45,89.72,85.35,1,car,1
218,9,120.0,506.25,81.43,92.24,1,car,1
218,10,135.74,533.15,78.81,93.82,1,car,1
219,3,926.51,193.0,157.8,131.48,1,car,1
219,4,7.2,119.91,178.64,125.4,1,car,1
219,5,175.89,393.92,90.13,100.9,1,car,1
219,7,279.64,507.84,88.02,83.44,1,car,1
219,9,116.35,496.54,81.1,87.85,1,car,1
219,10,135.06,532.49,78.88,93.97,1,car,1
220,3,930.91,193.79,156.44,130.52,1,car,1
220,4,6.17,119.76,178.66,125.36,1,car,1
220,5,175.66,394.18,89.83,100.56,1,car,1
220,7,281.55,509.24,86.32,81.53,1,car,1
220,9,112.69,486.84,80.76,83.46,1,car,1
220,10,134.38,531.83,78.95,94.11,1,car,1
221,3,935.3,194.58,155.08,129.55,1,car,1
221,4,5.15,119.61,178.67,125.33,1,car,1
221,5,175.44,394.45,89.52,100.22,1,car,1
221,7,283.46,510.63,84.63,79.62,1,car,1
221,9,109.03,477.13,80.43,79.08,1,car,1
221,10,133.71,531.16,79.03,94.26,1,car,1
222,3,939.7,195.37,153.72,128.59,1,car,1
222,4,4.12,119.45,178.69,125.3,1,car,1
222,5,175.21,394.72,89.22,99.89,1,car,1
222,7,285.37,512.02,82.93,77.7,1,car,1
222,9,108.97,476.92,80.58,79.13,1,car,1
222,10,133.29,530.7,79.35,94.47,1,car,1
223,3,944.1,196.17,152.36,127.63,1,car,1
223,4,3.1,119.3,178.7,125.26,1,car,1
223,5,174.98,394.99,88.91,99.55,1,car,1
223,7,287.28,513.41,81.23,75.79,1,car,1
223,9,108.92,476.71,80.73,79.19,1,car,1
223,10,132.87,530.24,79.67,94.68,1,car,1
224,3,948.12,197.31,152.81,125.96,1,car,1
224,4,2.08,119.15,178.72,125.23,1,car,1
224,5,174.75,395.26,88.61,99.21,1,car,1
224,7,289.2,514.81,79.54,73.88,1,car,1
224,9,108.86,476.5,80.87,79.25,1,car,1
224,10,132.45,529.78,79.99,94.89,1,car,1
225,3,952.13,198.46,153.26,124.29,1,car,1
225,4,1.05,119.0,178.74,125.2,1,car,1
225,5,174.52,395.53,88.3,98.87,1,car,1
225,7,291.11,516.2,77.84,71.97,1,car,1
225,9,108.8,476.28,81.02,79.3,1,car,1
225,10,132.02,529.32,80.32,95.1,1,car,1
226,3,956.15,199.6,153.71,122.62,1,car,1
226,4,1.03,117.95,178.24,125.48,1,car,1
226,5,174.29,395.8,88.0,98.54,1,car,1
226,7,293.02,517.59,76.14,70.06,1,car,1
226,9,108.74,476.07,81.17,79.36,1,car,1
226,10,131.6,528.86,80.64,95.32,1,car,1
227,3,960.16,200.75,154.16,120.95,1,car,1
227,4,1.01,116.91,177.74,125.76,1,car,1
227,5,174.07,396.06,87.7,98.2,1,car,1
227,7,294.93,518.98,74.44,68.14,1,car,1
227,9,108.69,475.86,81.31,79.42,1,car,1
227,10,131.45,528.13,80.57,95.15,1,car,1
228,3,964.18,201.89,154.61,119.28,1,car,1
228,4,1.0,115.87,177.25,126.05,1,car,1
228,5,173.84,396.33,87.39,97.86,1,car,1
228,7,293.81,517.86,75.05,69.32,1,car,1
228,9,108.52,475.34,81.08,79.81,1,car,1
228,10,131.29,527.4,80.51,94.98,1,car,1
229,3,965.14,202.34,152.54,118.13,1,car,1
229,4,0.98,114.82,176.75,126.33,1,car,1
229,5,173.61,396.6,87.09,97.52,1,car,1
229,7,292.69,516.73,75.65,70.49,1,car,1
229,9,108.35,474.83,80.85,80.2,1,car,1
229,10,131.13,526.67,80.44,94.81,1,car,1
230,3,966.1,202.78,150.47,116.97,1,car,1
230,4,0.96,113.78,176.26,126.61,1,car,1
230,5,173.38,396.87,86.78,97.19,1,car,1
230,7,291.57,515.6,76.26,71.66,1,car,1
230,9,108.18,474.32,80.62,80.59,1,car,1
230,10,130.98,525.95,80.37,94.64,1,car,1
231,3,967.06,203.22,148.4,115.82,1,car,1
231,4,0.95,112.75,175.71,126.26,1,car,1
231,5,173.15,397.14,86.48,96.85,1,car,1
231,7,290.45,514.47,76.86,72.83,1,car,1
231,9,108.01,473.8,80.39,80.99,1,car,1
231,10,130.82,525.22,80.31,94.47,1,car,1
232,3,968.02,203.66,146.33,114.66,1,car,1
232,4,0.95,111.71,175.17,125.91,1,car,1
232,5,172.92,397.41,86.17,96.51,1,car,1
232,7,289.33,513.34,77.46,74.0,1,car,1
232,9,107.85,473.29,80.15,81.38,1,car,1
232,10,130.38,525.7,80.05,93.96,1,car,1
233,3,968.98,204.1,144.25,113.51,1,car,1
233,4,0.95,110.68,174.63,125.56,1,car,1
233,5,172.7,397.67,85.87,96.17,1,car,1
233,7,287.62,512.44,79.01,75.01,1,car,1
233,9,107.78,473.27,81.16,81.45,1,car,1
233,10,129.94,526.18,79.79,93.46,1,car,1
234,3,967.18,200.52,145.53,114.98,1,car,1
234,4,0.94,109.64,174.08,125.21,1,car,1
234,5,172.47,397.94,85.56,95.83,1,car,1
234,7,285.92,511.53,80.56,76.03,1,car,1
234,9,107.72,473.25,82.16,81.53,1,car,1
234,10,129.49,526.66,79.53,92.95,1,car,1
235,3,965.39,196.93,146.81,116.46,1,car,1
235,4,0.94,108.61,173.54,124.86,1,car,1
235,5,172.24,398.21,85.26,95.5,1,car,1
235,7,284.22,510.62,82.11,77.05,1,car,1
235,9,107.65,473.23,83.16,81.6,1,car,1
235,10,129.05,527.14,79.27,92.45,1,car,1
236,3,963.59,193.35,148.09,117.93,1,car,1
236,4,0.94,107.57,172.99,124.52,1,car,1
236,5,172.01,398.48,84.95,95.16,1,car,1
236,7,282.51,509.72,83.66,78.06,1,car,1
236,9,107.59,473.21,84.16,81.68,1,car,1
236,10,128.61,527.62,79.01,91.95,1,car,1
237,3,961.79,189.76,149.37,119.41,1,car,1
237,4,0.93,106.54,172.45,124.17,1,car,1
237,5,171.78,398.75,84.65,94.82,1,car,1
237,7,280.81,508.81,85.2,79.08,1,car,1
237,9,107.53,473.19,85.16,81.75,1,car,1
237,10,128.77,527.35,79.33,92.3,1,car,1
238,3,960.0,186.17,150.65,120.88,1,car,1
238,4,0.93,105.51,171.91,123.82,1,car,1
238,5,171.55,399.02,84.34,94.48,1,car,1
238,7,281.49,508.75,84.64,79.03,1,car,1
238,9,107.46,473.17,86.16,81.83,1,car,1
238,10,128.94,527.09,79.64,92.66,1,car,1
239,3,958.36,186.01,149.51,120.25,1,car,1
239,4,0.93,104.47,171.36,123.47,1,car,1
239,5,171.33,399.29,84.04,94.15,1,car,1
239,7,282.17,508.69,84.08,78.99,1,car,1
239,9,107.42,473.34,85.84,81.39,1,car,1
239,10,129.1,526.82,79.96,93.02,1,car,1
240,3,956.73,185.85,148.37,119.61,1,car,1
240,4,0.92,103.44,170.82,123.12,1,car,1
240,5,171.1,399.55,83.74,93.81,1,car,1
240,7,282.85,508.63,83.52,78.94,1,car,1
240,9,107.38,473.5,85.52,80.95,1,car,1
240,10,129.27,526.55,80.28,93.38,1,car,1
241,3,955.09,185.69,147.24,118.97,1,car,1
241,4,0.92,102.4,170.28,122.77,1,car,1
241,5,170.87,399.82,83.43,93.47,1,car,1
241,7,283.53,508.57,82.96,78.9,1,car,1
241,9,107.34,473.67,85.2,80.51,1,car,1
241,10,129.43,526.28,80.6,93.73,1,car,1
242,3,953.46,185.53,146.1,118.34,1,car,1
242,4,0.94,101.67,168.34,122.43,1,car,1
242,5,170.64,400.09,83.13,93.13,1,car,1
242,7,284.21,508.5,82.4,78.86,1,car,1
242,9,107.3,473.84,84.88,80.08,1,car,1
242,10,124.71,515.22,85.34,104.72,1,car,1
243,3,951.82,185.37,144.96,117.7,1,car,1
243,4,0.96,100.93,166.41,122.09,1,car,1
243,5,170.41,400.36,82.82,92.8,1,car,1
243,7,283.74,506.96,82.38,79.47,1,car,1
243,9,107.26,474.01,84.55,79.64,1,car,1
243,10,119.99,504.16,90.07,115.71,1,car,1
244,3,949.32,184.82,144.73,117.02,1,car,1
244,4,0.98,100.2,164.48,121.76,1,car,1
244,5,170.18,400.63,82.52,92.46,1,car,1
244,7,283.28,505.41,82.35,80.08,1,car,1
244,9,106.76,473.02,83.8,78.45,1,car,1
244,10,115.26,493.11,94.81,126.7,1,car,1
245,3,946.83,184.26,144.49,116.34,1,car,1
245,4,1.01,99.46,162.55,121.42,1,car,1
245,5,169.96,400.9,82.21,92.12,1,car,1
245,7,282.82,503.87,82.33,80.69,1,car,1
245,9,106.26,472.04,83.04,77.26,1,car,1
245,10,110.54,482.05,99.55,137.69,1,car,1
246,3,944.33,183.7,144.26,115.66,1,car,1
246,4,1.03,98.72,160.61,121.08,1,car,1
246,5,169.73,401.17,81.91,91.78,1,car,1
246,7,282.36,502.32,82.31,81.3,1,car,1
246,10,105.81,470.99,104.29,148.68,1,car,1
247,3,941.83,183.15,144.02,114.99,1,car,1
247,4,1.14,109.72,154.35,116.4,1,car,1
247,5,169.5,401.43,81.6,91.44,1,car,1
247,7,281.9,500.78,82.29,81.91,1,car,1
247,10,103.84,466.65,101.41,141.13,1,car,1
248,3,939.33,182.59,143.79,114.31,1,car,1
248,4,1.26,120.71,148.09,111.72,1,car,1
248,5,169.27,401.7,81.3,91.11,1,car,1
248,7,276.82,491.27,87.12,91.4,1,car,1
248,10,101.87,462.31,98.54,133.58,1,car,1
249,4,1.38,131.7,141.83,107.04,1,car,1
249,5,169.04,401.97,80.99,90.77,1,car,1
249,7,271.73,481.77,91.95,100.88,1,car,1
249,10,99.9,457.97,95.66,126.03,1,car,1
250,4,1.49,142.69,135.57,102.36,1,car,1
250,5,168.81,402.24,80.69,90.43,1,car,1
250,7,266.65,472.26,96.78,110.37,1,car,1
250,10,97.92,453.63,92.79,118.48,1,car,1
251,4,1.61,153.69,129.31,97.69,1,car,1
251,5,168.59,402.51,80.38,90.09,1,car,1
251,10,95.95,449.29,89.91,110.94,1,car,1
252,4,1.72,164.68,123.05,93.01,1,car,1
252,5,168.36,402.78,80.08,89.76,1,car,1
252,10,93.98,444.95,87.03,103.39,1,car,1
253,4,1.84,175.67,116.79,88.33,1,car,1
253,5,168.13,403.05,79.77,89.42,1,car,1
253,10,92.0,440.61,84.16,95.84,1,car,1
254,4,1.54,173.7,116.87,89.66,1,car,1
254,5,167.9,403.31,79.47,89.08,1,car,1
254,10,90.03,436.26,81.28,88.29,1,car,1
254,11,616.07,241.87,95.65,71.38,1,car,1
255,4,1.25,171.72,116.95,90.99,1,car,1
255,5,167.67,403.58,79.17,88.74,1,car,1
255,10,88.06,431.92,78.41,80.74,1,car,1
255,11,614.88,241.94,95.16,70.6,1,car,1
256,4,0.95,169.75,117.03,92.33,1,car,1
256,5,167.44,403.85,78.86,88.41,1,car,1
256,10,86.08,427.58,75.53,73.19,1,car,1
256,11,613.69,242.0,94.66,69.83,1,car,1
257,4,0.65,167.78,117.11,93.66,1,car,1
257,5,167.22,404.12,78.56,88.07,1,car,1
257,10,84.11,423.24,72.65,65.64,1,car,1
257,11,612.51,242.06,94.17,69.05,1,car,1
258,4,0.36,165.8,117.2,95.0,1,car,1
258,5,166.99,404.39,78.25,87.73,1,car,1
258,10,82.14,418.9,69.78,58.09,1,car,1
258,11,611.32,242.12,93.67,68.27,1,car,1
259,4,0.46,161.23,116.79,99.04,1,car,1
259,5,166.76,404.66,77.95,87.39,1,car,1
259,10,82.33,418.46,69.01,64.01,1,car,1
259,11,610.14,242.19,93.18,67.49,1,car,1
260,4,0.56,156.66,116.39,103.08,1,car,1
260,5,166.53,404.93,77.64,87.05,1,car,1
260,10,82.52,418.01,68.24,69.93,1,car,1
260,11,610.05,240.15,91.06,68.61,1,car,1
260,12,124.97,355.76,72.14,94.54,1,car,1
261,4,0.65,152.09,115.98,107.12,1,car,1
261,5,159.69,401.16,84.53,91.24,1,car,1
261,10,82.71,417.57,67.46,75.84,1,car,1
261,11,609.97,238.12,88.93,69.74,1,car,1
261,12,124.06,355.02,73.75,95.59,1,car,1
262,4,0.75,147.52,115.58,111.17,1,car,1
262,5,152.84,397.4,91.42,95.43,1,car,1
262,10,82.9,417.12,66.69,81.76,1,car,1
262,11,609.89,236.09,86.81,70.86,1,car,1
262,12,123.14,354.28,75.36,96.63,1,car,1
263,4,0.85,142.95,115.18,115.21,1,car,1
263,5,146.0,393.64,98.31,99.62,1,car,1
263,10,83.1,416.68,65.92,87.68,1,car,1
263,11,609.8,234.05,84.69,71.99,1,car,1
263,12,122.22,353.53,76.98,97.68,1,car,1
264,4,0.71,142.96,114.94,114.7,1,car,1
264,5,139.16,389.88,105.21,103.81,1,car,1
264,10,83.29,416.23,65.15,93.59,1,car,1
264,11,609.72,232.02,82.57,73.11,1,car,1
264,12,121.3,352.79,78.59,98.72,1,car,1
265,4,0.57,142.98,114.7,114.18,1,car,1
265,5,132.31,386.12,112.1,108.0,1,car,1
265,10,82.52,415.81,65.24,93.36,1,car,1
265,11,608.57,231.32,82.34,73.51,1,car,1
265,12,120.38,352.05,80.21,99.77,1,car,1
266,4,0.43,142.99,114.46,113.67,1,car,1
266,5,129.94,379.37,113.1,112.08,1,car,1
266,10,81.76,415.39,65.34,93.13,1,car,1
266,11,607.42,230.63,82.11,73.9,1,car,1
266,12,119.47,351.31,81.82,100.81,1,car,1
267,4,0.29,143.01,114.23,113.16,1,car,1
267,5,127.56,372.61,114.1,116.17,1,car,1
267,10,80.99,414.97,65.43,92.89,1,car,1
267,11,606.27,229.93,81.89,74.3,1,car,1
267,12,118.55,350.57,83.43,101.86,1,car,1
268,4,0.15,143.03,113.99,112.64,1,car,1
268,5,125.19,365.86,115.1,120.25,1,car,1
268,10,80.23,414.55,65.53,92.66,1,car,1
268,11,605.12,229.23,81.66,74.7,1,car,1
268,12,117.63,349.83,85.05,102.9,1,car,1
269,4,0.12,142.96,114.0,112.72,1,car,1
269,5,122.81,359.11,116.1,124.34,1,car,1
269,10,79.46,414.12,65.62,92.43,1,car,1
269,11,603.97,228.54,81.43,75.1,1,car,1
269,12,116.71,349.09,86.66,103.95,1,car,1
270,4,0.09,142.88,114.01,112.8,1,car,1
270,5,120.44,352.36,117.1,128.42,1,car,1
270,10,78.69,413.7,65.71,92.19,1,car,1
270,11,602.96,227.76,80.66,75.22,1,car,1
270,12,115.79,348.35,88.28,104.99,1,car,1
271,4,0.06,142.81,114.02,112.87,1,car,1
271,5,118.79,352.17,118.51,128.54,1,car,1
271,10,77.48,412.66,66.47,91.75,1,car,1
271,11,601.96,226.99,79.89,75.33,1,car,1
271,12,114.88,347.6,89.89,106.04,1,car,1
272,4,0.03,142.74,114.03,112.95,1,car,1
272,5,117.14,351.98,119.92,128.65,1,car,1
272,10,76.28,411.62,67.22,91.3,1,car,1
272,11,600.96,226.21,79.12,75.45,1,car,1
272,12,113.96,346.86,91.5,107.08,1,car,1
273,4,0.0,142.67,114.03,113.02,1,car,1
273,5,115.49,351.8,121.33,128.77,1,car,1
273,10,75.07,410.58,67.97,90.85,1,car,1
273,11,599.95,225.44,78.35,75.57,1,car,1
273,12,113.04,346.12,93.12,108.13,1,car,1
274,4,0.0,142.82,114.7,112.54,1,car,1
274,5,113.84,351.61,122.74,128.88,1,car,1
274,10,73.86,409.54,68.72,90.4,1,car,1
274,11,598.95,224.66,77.57,75.69,1,car,1
274,12,112.12,345.38,94.73,109.17,1,car,1
275,4,0.0,142.98,115.36,112.05,1,car,1
275,5,112.19,351.43,124.15,129.0,1,car,1
275,10,72.65,408.5,69.47,89.96,1,car,1
275,11,597.76,224.29,77.35,74.9,1,car,1
275,12,111.2,344.64,96.35,110.22,1,car,1
276,4,0.0,143.13,116.03,111.57,1,car,1
276,5,111.94,350.88,124.41,129.13,1,car,1
276,10,72.53,408.46,69.51,89.97,1,car,1
276,11,596.57,223.92,77.13,74.12,1,car,1
276,12,110.29,343.9,97.96,111.26,1,car,1
277,4,0.0,143.29,116.69,111.08,1,car,1
277,5,111.68,350.33,124.67,129.27,1,car,1
277,10,72.41,408.42,69.54,89.98,1,car,1
277,11,595.39,223.55,76.91,73.34,1,car,1
277,12,109.37,343.16,99.58,112.31,1,car,1
278,4,0.0,143.44,117.35,110.6,1,car,1
278,5,111.43,349.79,124.93,129.4,1,car,1
278,10,72.29,408.38,69.57,89.99,1,car,1
278,11,594.2,223.19,76.69,72.55,1,car,1
278,12,108.45,342.42,101.19,113.35,1,car,1
279,4,0.61,143.47,118.02,110.52,1,car,1
279,5,111.18,349.24,125.19,129.54,1,car,1
279,10,72.17,408.34,69.61,90.0,1,car,1
279,11,593.01,222.82,76.47,71.77,1,car,1
279,12,107.53,341.67,102.8,114.4,1,car,1
280,4,1.22,143.5,118.68,110.44,1,car,1
280,5,110.92,348.7,125.45,129.67,1,car,1
280,10,72.05,408.3,69.64,90.02,1,car,1
280,11,592.67,222.4,76.2,71.39,1,car,1
280,12,106.62,340.93,104.42,115.44,1,car,1
281,4,1.83,143.54,119.34,110.36,1,car,1
281,5,127.81,371.03,108.04,106.34,1,car,1
281,10,71.54,406.61,69.19,89.94,1,car,1
281,11,592.32,221.99,75.93,71.0,1,car,1
281,12,105.7,340.19,106.03,116.49,1,car,1
282,4,2.44,143.57,120.01,110.27,1,car,1
282,5,144.71,393.37,90.62,83.01,1,car,1
282,10,71.03,404.93,68.74,89.86,1,car,1
282,11,591.97,221.57,75.66,70.62,1,car,1
282,12,104.78,339.45,107.65,117.53,1,car,1
283,4,3.05,143.6,120.67,110.19,1,car,1
283,10,70.52,403.24,68.29,89.78,1,car,1
283,11,591.62,221.16,75.39,70.24,1,car,1
283,12,103.86,338.71,109.26,118.58,1,car,1
284,4,4.08,143.6,121.73,109.9,1,car,1
284,10,70.01,401.55,67.83,89.7,1,car,1
284,11,591.28,220.74,75.12,69.86,1,car,1
284,12,102.94,337.97,110.87,119.62,1,car,1
285,4,5.11,143.59,122.79,109.6,1,car,1
285,10,69.5,399.87,67.38,89.62,1,car,1
285,11,591.12,220.24,75.31,69.98,1,car,1
285,12,102.03,337.23,112.49,120.67,1,car,1
286,4,6.14,143.59,123.85,109.3,1,car,1
286,10,68.99,398.18,66.93,89.54,1,car,1
286,11,590.95,219.74,75.5,70.1,1,car,1
286,12,101.11,336.49,114.1,121.71,1,car,1
287,4,7.18,143.58,124.91,109.0,1,car,1
287,10,68.48,396.5,66.48,89.46,1,car,1
287,11,590.79,219.25,75.68,70.22,1,car,1
287,12,100.19,335.74,115.72,122.76,1,car,1
288,4,8.21,143.58,125.97,108.71,1,car,1
288,10,67.97,394.81,66.03,89.38,1,car,1
288,11,590.63,218.75,75.87,70.34,1,car,1
288,12,99.27,335.0,117.33,123.8,1,car,1
289,4,10.04,143.35,125.54,109.05,1,car,1
289,10,67.32,392.85,65.46,88.56,1,car,1
289,11,590.47,218.25,76.06,70.45,1,car,1
289,12,98.35,334.26,118.94,124.85,1,car,1
290,4,11.87,143.12,125.12,109.39,1,car,1
290,10,66.67,390.88,64.9,87.75,1,car,1
290,11,590.69,219.02,75.37,69.24,1,car,1
290,12,97.44,333.52,120.56,125.89,1,car,1
291,4,13.69,142.89,124.7,109.73,1,car,1
291,10,66.02,388.92,64.33,86.93,1,car,1
291,11,590.92,219.79,74.68,68.02,1,car,1
291,12,96.52,332.78,122.17,126.94,1,car,1
292,4,15.52,142.66,124.27,110.07,1,car,1
292,10,65.37,386.95,63.77,86.12,1,car,1
292,11,591.15,220.56,74.0,66.8,1,car,1
292,12,96.73,331.43,119.53,124.69,1,car,1
293,4,17.35,142.43,123.85,110.41,1,car,1
293,10,64.72,384.99,63.2,85.3,1,car,1
293,11,591.37,221.34,73.31,65.58,1,car,1
293,12,96.94,330.09,116.88,122.45,1,car,1
294,4,18.68,142.83,123.91,109.92,1,car,1
294,10,64.07,383.02,62.64,84.48,1,car,1
294,11,591.6,222.11,72.62,64.37,1,car,1
294,12,97.15,328.74,114.23,120.21,1,car,1
295,4,20.02,143.23,123.97,109.44,1,car,1
295,10,63.41,381.06,62.07,83.67,1,car,1
295,11,590.2,222.66,72.53,62.99,1,car,1
295,12,97.36,327.39,111.59,117.96,1,car,1
296,4,21.35,143.63,124.04,108.95,1,car,1
296,10,62.76,379.1,61.51,82.85,1,car,1
296,11,588.8,223.21,72.44,61.6,1,car,1
296,12,97.57,326.04,108.94,115.72,1,car,1
297,4,22.68,144.03,124.1,108.47,1,car,1
297,10,62.11,377.13,60.94,82.03,1,car,1
297,11,587.4,223.76,72.35,60.22,1,car,1
297,12,87.16,323.74,119.03,120.82,1,car,1
298,4,24.02,144.42,124.16,107.98,1,car,1
298,11,586.0,224.32,72.26,58.84,1,car,1
298,12,76.75,321.43,129.12,125.92,1,car,1
299,4,26.63,143.07,124.77,108.63,1,car,1
299,11,584.6,224.87,72.18,57.46,1,car,1
299,12,66.34,319.13,139.2,131.02,1,car,1
300,4,29.25,141.72,125.39,109.27,1,car,1
