1,1,711.4,587.36,305.09,266.05,1,car,1
1,2,569.04,385.94,199.66,145.7,1,car,1
2,1,715.58,583.36,295.04,264.28,1,car,1
2,2,569.02,385.93,199.68,145.72,1,car,1
3,1,719.75,579.35,285.0,262.51,1,car,1
3,2,569.0,385.92,199.7,145.73,1,car,1
4,1,723.93,575.34,274.95,260.75,1,car,1
4,2,568.98,385.91,199.71,145.75,1,car,1
5,1,728.11,571.33,264.91,258.98,1,car,1
5,2,568.96,385.9,199.73,145.77,1,car,1
6,1,732.28,567.33,254.87,257.22,1,car,1
6,2,568.94,385.89,199.75,145.79,1,car,1
6,3,0.0,419.36,58.15,172.28,1,car,1
7,1,738.15,563.06,263.37,255.38,1,car,1
7,2,568.99,385.54,199.7,146.16,1,car,1
7,3,0.0,420.81,61.21,167.39,1,car,1
8,1,744.01,558.78,271.87,253.54,1,car,1
8,2,569.03,385.18,199.66,146.52,1,car,1
8,3,0.0,422.27,64.28,162.49,1,car,1
9,1,749.88,554.51,280.38,251.7,1,car,1
9,2,569.08,384.83,199.62,146.89,1,car,1
9,3,0.0,423.72,67.35,157.6,1,car,1
10,1,755.74,550.24,288.88,249.86,1,car,1
10,2,569.13,384.47,199.57,147.26,1,car,1
10,3,0.0,425.18,70.41,152.7,1,car,1
11,1,761.61,545.97,297.38,248.02,1,car,1
11,2,569.17,384.11,199.53,147.63,1,car,1
11,3,0.0,426.63,73.48,147.81,1,car,1
12,1,768.32,542.1,296.06,246.6,1,car,1
12,2,569.18,384.39,199.53,147.36,1,car,1
12,3,0.0,428.09,76.54,142.91,1,car,1
13,1,775.03,538.23,294.73,245.17,1,car,1
13,2,569.18,384.67,199.53,147.09,1,car,1
13,3,0.0,429.54,79.61,138.02,1,car,1
14,1,781.74,534.36,293.4,243.75,1,car,1
14,2,569.19,384.95,199.54,146.83,1,car,1
14,3,0.0,432.29,80.94,131.48,1,car,1
15,1,788.45,530.5,292.07,242.33,1,car,1
15,2,569.19,385.23,199.54,146.56,1,car,1
15,3,0.0,435.04,82.27,124.95,1,car,1
16,1,795.16,526.63,290.74,240.9,1,car,1
16,2,569.2,385.51,199.54,146.29,1,car,1
16,3,0.0,437.8,83.6,118.42,1,car,1
17,1,799.63,522.73,288.39,239.11,1,car,1
17,2,569.19,385.46,199.54,146.34,1,car,1
17,3,0.0,440.55,84.93,111.88,1,car,1
18,1,804.09,518.83,286.04,237.32,1,car,1
18,2,569.19,385.41,199.53,146.38,1,car,1
18,3,0.0,443.3,86.25,105.35,1,car,1
19,1,808.56,514.93,283.68,235.53,1,car,1
19,2,569.19,385.36,199.52,146.42,1,car,1
19,3,0.0,441.5,87.14,107.62,1,car,1
20,1,813.03,511.03,281.33,233.73,1,car,1
20,2,569.18,385.3,199.51,146.46,1,car,1
20,3,0.0,439.7,88.03,109.89,1,car,1
21,1,817.5,507.13,278.98,231.94,1,car,1
21,2,569.18,385.25,199.5,146.51,1,car,1
21,3,0.0,437.9,88.91,112.17,1,car,1
22,1,819.95,504.03,276.81,229.66,1,car,1
22,2,569.16,385.24,199.52,146.55,1,car,1
22,3,0.0,436.11,89.8,114.44,1,car,1
23,1,822.41,500.92,274.65,227.37,1,car,1
23,2,569.15,385.23,199.53,146.59,1,car,1
23,3,0.0,434.31,90.69,116.71,1,car,1
24,1,824.86,497.82,272.49,225.08,1,car,1
24,2,569.13,385.21,199.55,146.62,1,car,1
24,3,0.0,432.51,91.58,118.98,1,car,1
25,1,827.32,494.72,270.33,222.79,1,car,1
25,2,569.12,385.2,199.56,146.66,1,car,1
25,3,0.0,427.79,93.56,120.04,1,car,1
26,1,829.77,491.62,268.17,220.51,1,car,1
26,2,569.1,385.19,199.57,146.7,1,car,1
26,3,0.0,423.07,95.54,121.1,1,car,1
27,1,834.41,488.65,263.23,218.56,1,car,1
27,2,569.09,385.4,199.57,146.49,1,car,1
27,3,0.0,418.35,97.53,122.17,1,car,1
28,1,839.05,485.68,258.3,216.62,1,car,1
28,2,569.08,385.62,199.56,146.27,1,car,1
28,3,0.0,413.63,99.51,123.23,1,car,1
29,1,843.7,482.71,253.36,214.67,1,car,1
29,2,569.06,385.84,199.55,146.06,1,car,1
29,3,0.0,408.91,101.49,124.29,1,car,1
30,1,848.34,479.74,248.43,212.73,1,car,1
30,2,569.05,386.05,199.54,145.84,1,car,1
30,3,0.0,409.62,100.59,127.27,1,car,1
31,1,852.98,476.77,243.49,210.78,1,car,1
31,2,569.03,386.27,199.54,145.63,1,car,1
31,3,0.0,410.33,99.69,130.24,1,car,1
32,1,855.16,473.69,242.09,209.11,1,car,1
32,2,569.1,386.78,199.51,145.12,1,car,1
32,3,0.0,411.04,98.79,133.21,1,car,1
33,1,857.34,470.62,240.69,207.43,1,car,1
33,2,569.17,387.29,199.49,144.62,1,car,1
33,3,0.0,411.75,97.89,136.18,1,car,1
34,1,859.52,467.54,239.29,205.76,1,car,1
34,2,569.23,387.8,199.47,144.11,1,car,1
34,3,0.0,412.47,96.99,139.16,1,car,1
35,1,861.7,464.46,237.89,204.08,1,car,1
35,2,569.3,388.32,199.45,143.61,1,car,1
35,3,0.0,420.51,93.84,133.06,1,car,1
36,1,863.87,461.39,236.5,202.41,1,car,1
36,2,569.36,388.83,199.43,143.1,1,car,1
36,3,0.0,428.56,90.69,126.97,1,car,1
37,1,864.91,459.81,235.84,202.79,1,car,1
37,2,569.36,389.02,199.44,142.89,1,car,1
37,3,0.0,436.61,87.54,120.87,1,car,1
38,1,865.95,458.24,235.19,203.17,1,car,1
38,2,569.37,389.21,199.46,142.69,1,car,1
38,3,0.0,444.65,84.39,114.78,1,car,1
39,1,866.99,456.67,234.54,203.56,1,car,1
39,2,569.37,389.39,199.48,142.48,1,car,1
39,3,0.0,452.7,81.24,108.68,1,car,1
40,1,868.03,455.1,233.89,203.94,1,car,1
40,2,569.37,389.58,199.5,142.27,1,car,1
40,3,0.0,446.35,74.24,117.04,1,car,1
41,1,869.07,453.53,233.24,204.33,1,car,1
41,2,569.37,389.77,199.51,142.06,1,car,1
41,3,0.0,440.01,67.24,125.4,1,car,1
42,1,866.8,454.11,234.95,204.17,1,car,1
42,2,569.32,389.18,199.56,142.64,1,car,1
42,3,0.0,433.66,60.24,133.76,1,car,1
43,1,864.54,454.69,236.66,204.01,1,car,1
43,2,569.27,388.59,199.62,143.21,1,car,1
43,3,0.0,427.31,53.24,142.12,1,car,1
44,1,862.28,455.26,238.37,203.86,1,car,1
44,2,569.22,388.0,199.67,143.79,1,car,1
44,3,0.0,420.97,46.24,150.48,1,car,1
45,1,860.01,455.84,240.08,203.7,1,car,1
45,2,569.17,387.41,199.72,144.36,1,car,1
45,3,0.0,414.62,39.24,158.84,1,car,1
46,1,857.75,456.42,241.8,203.54,1,car,1
46,2,569.12,386.82,199.77,144.93,1,car,1
46,3,0.0,408.27,32.24,167.19,1,car,1
47,1,856.95,457.04,241.12,203.65,1,car,1
47,2,569.21,387.16,199.68,144.62,1,car,1
48,1,856.14,457.65,240.45,203.77,1,car,1
48,2,569.31,387.49,199.6,144.31,1,car,1
49,1,855.33,458.27,239.78,203.88,1,car,1
49,2,569.4,387.83,199.52,144.0,1,car,1
50,1,854.53,458.89,239.1,203.99,1,car,1
50,2,569.49,388.16,199.43,143.69,1,car,1
51,1,853.72,459.51,238.43,204.11,1,car,1
51,2,569.59,388.5,199.35,143.38,1,car,1
52,1,850.33,460.39,241.66,205.13,1,car,1
52,2,569.52,388.04,199.41,143.83,1,car,1
53,1,846.94,461.26,244.89,206.15,1,car,1
53,2,569.45,387.59,199.47,144.29,1,car,1
54,1,843.55,462.14,248.11,207.17,1,car,1
54,2,569.39,387.14,199.53,144.74,1,car,1
55,1,840.16,463.02,251.34,208.19,1,car,1
55,2,569.32,386.68,199.6,145.19,1,car,1
56,1,836.78,463.9,254.57,209.21,1,car,1
56,2,569.26,386.23,199.66,145.65,1,car,1
57,1,834.58,466.03,256.04,211.43,1,car,1
57,2,569.23,386.38,199.66,145.48,1,car,1
58,1,832.39,468.17,257.52,213.64,1,car,1
58,2,569.2,386.53,199.67,145.32,1,car,1
59,1,830.19,470.31,259.0,215.85,1,car,1
59,2,569.17,386.69,199.68,145.16,1,car,1
60,1,827.99,472.45,260.47,218.06,1,car,1
60,2,569.14,386.84,199.69,145.0,1,car,1
61,1,825.8,474.59,261.95,220.28,1,car,1
61,2,569.11,386.99,199.7,144.84,1,car,1
62,1,826.27,476.0,261.45,219.56,1,car,1
62,2,569.12,386.81,199.69,145.0,1,car,1
63,1,826.75,477.42,260.96,218.84,1,car,1
63,2,569.12,386.64,199.69,145.16,1,car,1
64,1,827.22,478.84,260.46,218.13,1,car,1
64,2,569.13,386.46,199.68,145.32,1,car,1
65,1,827.7,480.25,259.97,217.41,1,car,1
65,2,569.13,386.28,199.67,145.48,1,car,1
66,1,828.17,481.67,259.48,216.7,1,car,1
66,2,569.14,386.11,199.67,145.64,1,car,1
67,1,825.22,483.48,262.79,220.22,1,car,1
67,2,569.13,386.6,199.69,145.15,1,car,1
68,1,822.26,485.3,266.11,223.75,1,car,1
68,2,569.13,387.09,199.71,144.66,1,car,1
69,1,819.31,487.11,269.43,227.27,1,car,1
69,2,569.13,387.58,199.73,144.17,1,car,1
70,1,816.35,488.93,272.75,230.79,1,car,1
70,2,569.12,388.08,199.75,143.68,1,car,1
71,1,813.4,490.74,276.07,234.31,1,car,1
71,2,569.12,388.57,199.77,143.19,1,car,1
72,1,813.41,492.64,275.79,232.49,1,car,1
72,2,569.13,388.46,199.75,143.31,1,car,1
73,1,813.42,494.54,275.52,230.66,1,car,1
73,2,569.14,388.35,199.73,143.42,1,car,1
74,1,813.43,496.44,275.24,228.84,1,car,1
74,2,569.15,388.24,199.71,143.54,1,car,1
75,1,813.43,498.34,274.96,227.01,1,car,1
75,2,569.16,388.12,199.68,143.66,1,car,1
76,1,813.44,500.24,274.69,225.19,1,car,1
76,2,569.17,388.01,199.66,143.78,1,car,1
77,1,813.97,498.25,272.96,223.59,1,car,1
77,2,569.18,387.79,199.64,144.0,1,car,1
78,1,814.5,496.27,271.23,221.99,1,car,1
78,2,569.2,387.56,199.62,144.23,1,car,1
79,1,815.03,494.28,269.5,220.38,1,car,1
79,2,569.21,387.34,199.6,144.45,1,car,1
80,1,815.56,492.3,267.78,218.78,1,car,1
80,2,569.23,387.11,199.58,144.68,1,car,1
81,1,816.1,490.31,266.05,217.18,1,car,1
81,2,569.24,386.89,199.56,144.91,1,car,1
82,1,818.1,487.85,263.3,217.53,1,car,1
82,2,569.22,386.8,199.57,145.02,1,car,1
83,1,820.1,485.38,260.56,217.88,1,car,1
83,2,569.2,386.71,199.58,145.13,1,car,1
84,1,822.1,482.91,257.81,218.22,1,car,1
84,2,569.18,386.62,199.6,145.25,1,car,1
85,1,824.1,480.44,255.07,218.57,1,car,1
85,2,569.16,386.53,199.61,145.36,1,car,1
86,1,826.1,477.97,252.32,218.92,1,car,1
86,2,569.14,386.44,199.63,145.48,1,car,1
87,1,826.09,477.33,252.39,218.99,1,car,1
87,2,569.19,386.81,199.6,145.1,1,car,1
88,1,826.08,476.69,252.46,219.06,1,car,1
88,2,569.23,387.17,199.57,144.72,1,car,1
89,1,826.07,476.05,252.52,219.12,1,car,1
89,2,569.27,387.53,199.54,144.35,1,car,1
90,1,826.06,475.41,252.59,219.19,1,car,1
90,2,569.31,387.9,199.51,143.97,1,car,1
91,1,826.05,474.77,252.66,219.26,1,car,1
91,2,569.36,388.26,199.48,143.59,1,car,1
92,1,824.75,476.24,253.19,218.48,1,car,1
92,2,569.32,388.42,199.49,143.43,1,car,1
93,1,823.45,477.72,253.73,217.69,1,car,1
93,2,569.28,388.57,199.5,143.26,1,car,1
94,1,822.14,479.2,254.26,216.9,1,car,1
94,2,569.24,388.72,199.51,143.1,1,car,1
95,1,820.84,480.68,254.79,216.12,1,car,1
95,2,569.2,388.88,199.52,142.94,1,car,1
96,1,819.54,482.15,255.33,215.33,1,car,1
96,2,569.15,389.03,199.52,142.77,1,car,1
97,1,816.34,484.43,257.88,218.2,1,car,1
97,2,569.15,388.89,199.56,142.9,1,car,1
98,1,813.15,486.71,260.44,221.07,1,car,1
98,2,569.14,388.75,199.59,143.03,1,car,1
99,1,809.96,488.98,262.99,223.95,1,car,1
99,2,569.13,388.6,199.62,143.16,1,car,1
100,1,806.76,491.26,265.55,226.82,1,car,1
100,2,569.12,388.46,199.66,143.29,1,car,1
101,1,803.57,493.53,268.1,229.69,1,car,1
101,2,569.12,388.32,199.69,143.42,1,car,1
102,1,801.88,497.07,268.13,229.42,1,car,1
102,2,569.09,388.82,199.75,142.96,1,car,1
103,1,800.19,500.6,268.16,229.16,1,car,1
103,2,569.07,389.33,199.82,142.5,1,car,1
104,1,798.5,504.14,268.19,228.89,1,car,1
104,2,569.05,389.83,199.88,142.04,1,car,1
105,1,796.81,507.68,268.21,228.62,1,car,1
105,2,569.02,390.33,199.95,141.58,1,car,1
106,1,795.12,511.21,268.24,228.35,1,car,1
106,2,569.0,390.84,200.01,141.12,1,car,1
107,1,792.27,513.92,267.41,230.66,1,car,1
107,2,569.02,390.85,200.0,141.06,1,car,1
108,1,789.42,516.63,266.58,232.96,1,car,1
108,2,569.04,390.86,199.98,141.01,1,car,1
109,1,786.58,519.34,265.75,235.27,1,car,1
109,2,569.06,390.87,199.97,140.95,1,car,1
110,1,783.73,522.05,264.92,237.57,1,car,1
110,2,569.07,390.88,199.96,140.9,1,car,1
111,1,780.88,524.76,264.09,239.87,1,car,1
111,2,569.09,390.89,199.95,140.84,1,car,1
112,1,780.3,528.37,263.58,241.35,1,car,1
112,2,569.06,390.65,199.98,141.07,1,car,1
113,1,779.72,531.98,263.08,242.83,1,car,1
113,2,569.03,390.4,200.01,141.3,1,car,1
114,1,779.13,535.59,262.57,244.31,1,car,1
114,2,568.99,390.15,200.04,141.53,1,car,1
115,1,778.55,539.2,262.07,245.78,1,car,1
115,2,568.96,389.9,200.07,141.76,1,car,1
116,1,777.97,542.81,261.56,247.26,1,car,1
116,2,568.93,389.65,200.1,141.99,1,car,1
117,1,765.04,546.75,269.9,250.14,1,car,1
117,2,568.94,389.67,200.06,141.96,1,car,1
118,1,752.11,550.7,278.24,253.01,1,car,1
118,2,568.95,389.69,200.03,141.92,1,car,1
119,1,739.17,554.64,286.58,255.89,1,car,1
119,2,568.95,389.71,199.99,141.89,1,car,1
120,1,726.24,558.59,294.92,258.76,1,car,1
120,2,568.96,389.72,199.96,141.86,1,car,1
121,1,713.31,562.53,303.27,261.64,1,car,1
121,2,568.97,389.74,199.92,141.83,1,car,1
122,1,702.7,573.22,302.6,257.04,1,car,1
122,2,569.01,389.78,199.91,141.8,1,car,1
123,1,692.09,583.9,301.93,252.45,1,car,1
123,2,569.04,389.83,199.89,141.77,1,car,1
124,1,681.48,594.59,301.27,247.85,1,car,1
124,2,569.07,389.87,199.88,141.74,1,car,1
125,1,670.87,605.28,300.6,243.26,1,car,1
125,2,569.1,389.91,199.87,141.71,1,car,1
126,1,660.26,615.96,299.94,238.66,1,car,1
126,2,569.13,389.96,199.85,141.68,1,car,1
127,1,650.76,612.34,301.76,246.55,1,car,1
127,2,569.19,389.49,199.81,142.14,1,car,1
128,1,641.26,608.71,303.59,254.43,1,car,1
128,2,569.24,389.02,199.76,142.59,1,car,1
129,1,631.76,605.09,305.41,262.32,1,car,1
129,2,569.29,388.54,199.71,143.04,1,car,1
130,1,622.26,601.47,307.24,270.2,1,car,1
130,2,569.35,388.07,199.67,143.5,1,car,1
131,1,612.76,597.84,309.06,278.09,1,car,1
131,2,569.4,387.6,199.62,143.95,1,car,1
132,1,616.8,600.89,292.48,266.75,1,car,1
132,2,569.37,388.19,199.66,143.35,1,car,1
133,1,620.83,603.93,275.9,255.4,1,car,1
133,2,569.34,388.79,199.7,142.74,1,car,1
134,1,624.87,606.98,259.32,244.06,1,car,1
134,2,569.3,389.38,199.74,142.14,1,car,1
135,1,628.91,610.02,242.74,232.72,1,car,1
135,2,569.27,389.97,199.78,141.53,1,car,1
136,4,0.0,666.77,152.59,191.45,1,car,1
136,5,1533.51,489.02,160.82,204.75,1,car,1
136,6,1467.45,580.76,113.99,95.17,1,car,1
136,7,1640.28,120.22,97.85,79.44,1,car,1
136,8,303.12,119.81,94.8,77.49,1,car,1
136,9,399.79,375.04,67.18,101.92,1,car,1
136,10,183.23,121.36,92.01,69.11,1,car,1
137,4,0.0,658.77,153.63,196.81,1,car,1
137,5,1532.69,490.15,160.1,203.39,1,car,1
137,6,1467.91,579.28,132.26,99.57,1,car,1
137,7,1640.47,120.23,97.63,79.46,1,car,1
137,8,303.11,119.81,94.78,77.73,1,car,1
137,9,391.43,373.95,76.88,103.52,1,car,1
137,10,183.23,121.36,92.02,69.1,1,car,1
138,4,0.0,650.77,154.68,202.17,1,car,1
138,5,1531.86,491.29,159.39,202.02,1,car,1
138,6,1468.36,577.79,150.53,103.96,1,car,1
138,7,1640.66,120.25,97.4,79.48,1,car,1
138,8,303.11,119.81,94.76,77.97,1,car,1
138,9,383.08,372.86,86.57,105.12,1,car,1
138,10,183.22,121.36,92.03,69.08,1,car,1
139,4,0.0,642.77,155.72,207.53,1,car,1
139,5,1531.04,492.43,158.67,200.66,1,car,1
139,6,1468.82,576.31,168.8,108.35,1,car,1
139,7,1640.85,120.26,97.18,79.5,1,car,1
139,8,303.1,119.8,94.74,78.2,1,car,1
139,9,374.73,371.77,96.27,106.72,1,car,1
139,10,183.22,121.36,92.05,69.07,1,car,1
140,4,0.0,634.77,156.76,212.9,1,car,1
140,5,1530.21,493.57,157.96,199.3,1,car,1
140,6,1469.28,574.82,187.07,112.75,1,car,1
140,7,1641.04,120.28,96.95,79.52,1,car,1
140,8,303.1,119.8,94.72,78.44,1,car,1
140,9,366.37,370.68,105.96,108.32,1,car,1
140,10,183.21,121.36,92.06,69.05,1,car,1
141,4,0.0,626.78,157.81,218.26,1,car,1
141,5,1529.39,494.71,157.24,197.93,1,car,1
141,6,1469.73,573.34,205.34,117.14,1,car,1
141,7,1641.23,120.29,96.72,79.54,1,car,1
141,8,303.09,119.79,94.7,78.68,1,car,1
141,9,358.02,369.59,115.66,109.92,1,car,1
141,10,183.2,121.36,92.07,69.04,1,car,1
142,4,0.0,621.51,173.28,215.12,1,car,1
142,5,1528.56,495.85,156.53,196.57,1,car,1
142,6,1470.19,571.85,223.61,121.53,1,car,1
142,7,1641.07,120.29,96.86,79.64,1,car,1
142,8,303.08,119.8,94.67,78.41,1,car,1
142,9,345.93,368.32,125.47,111.17,1,car,1
142,10,183.16,121.36,92.14,69.06,1,car,1
143,4,0.0,616.24,188.76,211.99,1,car,1
143,5,1527.74,496.99,155.81,195.2,1,car,1
143,6,1483.27,555.45,210.65,137.96,1,car,1
143,7,1640.91,120.3,97.01,79.74,1,car,1
143,8,303.06,119.8,94.65,78.13,1,car,1
143,9,333.85,367.04,135.29,112.43,1,car,1
143,10,183.12,121.36,92.22,69.08,1,car,1
143,11,1467.82,580.57,111.74,95.54,1,car,1
144,4,0.0,610.98,204.23,208.85,1,car,1
144,5,1526.92,498.13,155.1,193.84,1,car,1
144,6,1496.35,539.05,197.7,154.38,1,car,1
144,7,1640.75,120.3,97.15,79.85,1,car,1
144,8,303.04,119.81,94.63,77.86,1,car,1
144,9,321.76,365.77,145.1,113.68,1,car,1
144,10,183.08,121.36,92.29,69.1,1,car,1
144,11,1467.82,580.58,111.3,95.51,1,car,1
145,4,0.0,605.71,219.71,205.72,1,car,1
145,5,1526.09,499.27,154.38,192.47,1,car,1
145,6,1509.44,522.64,184.74,170.8,1,car,1
145,7,1640.59,120.31,97.29,79.95,1,car,1
145,8,303.03,119.81,94.6,77.59,1,car,1
145,9,309.67,364.5,154.91,114.94,1,car,1
145,10,183.04,121.36,92.36,69.12,1,car,1
145,11,1467.82,580.58,110.86,95.49,1,car,1
146,4,0.0,600.44,235.18,202.58,1,car,1
146,5,1525.27,500.41,153.67,191.11,1,car,1
146,6,1522.52,506.24,171.78,187.23,1,car,1
146,7,1640.42,120.32,97.43,80.05,1,car,1
146,8,303.01,119.82,94.58,77.32,1,car,1
146,9,297.59,363.22,164.73,116.2,1,car,1
146,10,183.0,121.36,92.43,69.14,1,car,1
146,11,1467.82,580.59,110.41,95.46,1,car,1
147,4,0.49,596.76,235.57,205.63,1,car,1
147,5,1524.44,501.54,152.95,189.74,1,car,1
147,6,1535.6,489.84,158.83,203.65,1,car,1
147,7,1640.33,120.32,97.55,80.2,1,car,1
147,8,303.05,119.82,94.45,77.14,1,car,1
147,9,292.22,364.34,162.2,115.17,1,car,1
147,10,182.94,121.34,92.44,69.15,1,car,1
147,11,1467.83,580.59,109.97,95.43,1,car,1
148,4,0.98,593.08,235.95,208.67,1,car,1
148,5,1523.62,502.68,152.24,188.38,1,car,1
148,6,1535.69,489.87,158.7,203.63,1,car,1
148,7,1640.23,120.32,97.68,80.34,1,car,1
148,8,303.08,119.82,94.32,76.96,1,car,1
148,9,286.86,365.46,159.67,114.14,1,car,1
148,10,182.89,121.33,92.45,69.17,1,car,1
148,11,1467.83,580.6,109.53,95.41,1,car,1
149,4,1.46,589.4,236.34,211.71,1,car,1
149,5,1522.79,503.82,151.52,187.02,1,car,1
149,6,1535.78,489.9,158.58,203.61,1,car,1
149,7,1640.13,120.32,97.8,80.48,1,car,1
149,8,303.12,119.82,94.18,76.78,1,car,1
149,9,281.5,366.59,157.15,113.12,1,car,1
149,10,182.83,121.31,92.45,69.18,1,car,1
149,11,1467.82,580.61,109.4,95.39,1,car,1
150,4,1.95,585.72,236.72,214.76,1,car,1
150,5,1521.97,504.96,150.81,185.65,1,car,1
150,6,1535.87,489.93,158.46,203.6,1,car,1
150,7,1640.04,120.32,97.92,80.63,1,car,1
150,8,303.15,119.82,94.05,76.6,1,car,1
150,9,276.14,367.71,154.62,112.09,1,car,1
150,10,182.77,121.3,92.46,69.19,1,car,1
150,11,1467.81,580.63,109.28,95.37,1,car,1
151,4,2.44,582.04,237.11,217.8,1,car,1
151,5,1521.14,506.1,150.09,184.29,1,car,1
151,6,1535.96,489.96,158.33,203.58,1,car,1
151,7,1639.94,120.32,98.05,80.77,1,car,1
151,8,303.19,119.83,93.92,76.42,1,car,1
151,9,270.77,368.83,152.1,111.07,1,car,1
151,10,182.72,121.28,92.47,69.2,1,car,1
151,11,1467.8,580.65,109.15,95.35,1,car,1
152,4,2.77,579.87,234.53,212.72,1,car,1
152,5,1520.32,507.24,149.37,182.92,1,car,1
152,6,1536.05,489.99,158.21,203.56,1,car,1
152,7,1640.19,120.31,97.79,80.78,1,car,1
152,8,303.16,119.83,94.01,76.61,1,car,1
152,9,267.26,369.13,150.98,110.84,1,car,1
152,10,182.74,121.28,92.43,69.22,1,car,1
152,11,1467.79,580.67,109.02,95.33,1,car,1
153,4,3.09,577.7,231.95,207.64,1,car,1
153,5,1519.5,508.38,148.66,181.56,1,car,1
153,6,1522.91,506.28,171.26,187.17,1,car,1
153,7,1640.44,120.3,97.54,80.79,1,car,1
153,8,303.14,119.84,94.09,76.8,1,car,1
153,9,263.75,369.43,149.86,110.61,1,car,1
153,10,182.76,121.28,92.4,69.23,1,car,1
153,11,1467.78,580.68,108.89,95.31,1,car,1
154,4,3.41,575.54,229.37,202.56,1,car,1
154,5,1518.67,509.52,147.94,180.19,1,car,1
154,6,1509.78,522.58,184.32,170.78,1,car,1
154,7,1640.68,120.29,97.28,80.79,1,car,1
154,8,303.11,119.84,94.17,76.98,1,car,1
154,9,260.24,369.73,148.74,110.38,1,car,1
154,10,182.78,121.28,92.36,69.25,1,car,1
154,11,1467.8,580.7,108.62,95.36,1,car,1
155,4,3.74,573.37,226.78,197.47,1,car,1
155,5,1517.85,510.66,147.23,178.83,1,car,1
155,6,1496.64,538.88,197.37,154.39,1,car,1
155,7,1640.93,120.28,97.03,80.8,1,car,1
155,8,303.09,119.85,94.26,77.17,1,car,1
155,9,256.72,370.03,147.62,110.15,1,car,1
155,10,182.81,121.28,92.32,69.26,1,car,1
155,11,1467.82,580.71,108.36,95.4,1,car,1
156,4,4.06,571.2,224.2,192.39,1,car,1
156,5,1517.02,511.79,146.51,177.47,1,car,1
156,6,1483.5,555.17,210.43,138.0,1,car,1
156,7,1641.18,120.28,96.77,80.81,1,car,1
156,8,303.06,119.86,94.34,77.36,1,car,1
156,9,253.21,370.33,146.5,109.92,1,car,1
156,10,182.83,121.28,92.29,69.28,1,car,1
156,11,1467.84,580.73,108.1,95.45,1,car,1
157,4,3.8,567.82,221.94,189.66,1,car,1
157,5,1516.2,512.93,145.8,176.1,1,car,1
157,6,1470.36,571.47,223.48,121.61,1,car,1
157,7,1641.0,120.26,96.93,80.86,1,car,1
157,8,303.07,119.87,94.34,77.09,1,car,1
157,9,250.61,370.81,147.11,109.41,1,car,1
157,10,182.82,121.28,92.37,69.26,1,car,1
157,11,1467.86,580.74,107.84,95.49,1,car,1
158,4,3.54,564.43,219.68,186.93,1,car,1
158,5,1515.37,514.07,145.08,174.74,1,car,1
158,6,1483.21,555.08,209.39,127.15,1,car,1
158,7,1640.83,120.24,97.08,80.92,1,car,1
158,8,303.08,119.87,94.34,76.82,1,car,1
158,9,248.02,371.29,147.72,108.91,1,car,1
158,10,182.8,121.28,92.45,69.24,1,car,1
158,11,1467.89,580.76,107.58,95.54,1,car,1
159,4,3.27,561.05,217.42,184.19,1,car,1
159,5,1514.55,515.21,144.37,173.37,1,car,1
159,6,1496.06,538.69,195.29,132.68,1,car,1
159,7,1640.65,120.23,97.24,80.98,1,car,1
159,8,303.08,119.88,94.34,76.55,1,car,1
159,9,245.42,371.77,148.32,108.41,1,car,1
159,10,182.79,121.28,92.53,69.22,1,car,1
159,11,1467.91,580.77,107.31,95.58,1,car,1
160,4,3.01,557.67,215.16,181.46,1,car,1
160,5,1513.72,516.35,143.65,172.01,1,car,1
160,6,1508.9,522.3,181.19,138.22,1,car,1
160,7,1640.48,120.21,97.39,81.03,1,car,1
160,8,303.09,119.89,94.34,76.28,1,car,1
160,9,242.82,372.24,148.93,107.9,1,car,1
160,10,182.78,121.28,92.62,69.2,1,car,1
160,11,1467.88,580.78,106.94,95.6,1,car,1
161,4,2.74,554.28,212.9,178.73,1,car,1
161,5,1512.9,517.49,142.94,170.64,1,car,1
161,6,1521.75,505.91,167.09,143.76,1,car,1
161,7,1640.31,120.2,97.55,81.09,1,car,1
161,8,303.1,119.9,94.34,76.01,1,car,1
161,9,240.22,372.72,149.53,107.4,1,car,1
161,10,182.77,121.27,92.7,69.18,1,car,1
161,11,1467.86,580.78,106.56,95.61,1,car,1
162,4,2.24,551.19,212.32,178.9,1,car,1
162,5,1512.08,518.63,142.22,169.28,1,car,1
162,6,1534.6,489.52,152.99,149.29,1,car,1
162,7,1640.37,120.2,97.47,81.03,1,car,1
162,8,303.1,119.91,94.25,75.96,1,car,1
162,9,242.96,372.87,148.63,107.84,1,car,1
162,10,182.76,121.29,92.7,69.13,1,car,1
162,11,1467.84,580.79,106.18,95.63,1,car,1
163,4,1.73,548.1,211.75,179.06,1,car,1
163,5,1511.25,519.77,141.51,167.91,1,car,1
163,6,1534.65,489.51,154.28,160.19,1,car,1
163,7,1640.43,120.2,97.38,80.96,1,car,1
163,8,303.11,119.91,94.17,75.9,1,car,1
163,9,245.7,373.01,147.73,108.27,1,car,1
163,10,182.74,121.31,92.69,69.08,1,car,1
163,11,1467.82,580.79,105.81,95.64,1,car,1
164,4,1.22,545.0,211.17,179.23,1,car,1
164,5,1510.43,520.91,140.79,166.55,1,car,1
164,6,1534.69,489.51,155.58,171.08,1,car,1
164,7,1640.5,120.21,97.3,80.9,1,car,1
164,8,303.12,119.91,94.09,75.85,1,car,1
164,9,248.43,373.16,146.84,108.71,1,car,1
164,10,182.73,121.33,92.69,69.04,1,car,1
164,11,1467.8,580.8,105.43,95.66,1,car,1
165,4,0.71,541.91,210.6,179.4,1,car,1
165,5,1509.6,522.05,140.08,165.19,1,car,1
165,6,1534.74,489.51,156.87,181.97,1,car,1
165,7,1640.56,120.21,97.21,80.84,1,car,1
165,8,303.13,119.92,94.01,75.8,1,car,1
165,9,251.17,373.3,145.94,109.15,1,car,1
165,10,182.72,121.35,92.69,68.99,1,car,1
165,11,1467.79,580.8,105.46,95.63,1,car,1
166,4,0.21,538.82,210.02,179.56,1,car,1
166,5,1508.78,523.18,139.36,163.82,1,car,1
166,6,1534.78,489.51,158.16,192.86,1,car,1
166,7,1640.63,120.21,97.13,80.77,1,car,1
166,8,303.14,119.92,93.92,75.74,1,car,1
166,9,253.9,373.45,145.04,109.59,1,car,1
166,10,182.7,121.37,92.69,68.94,1,car,1
166,11,1467.79,580.81,105.49,95.61,1,car,1
167,4,1.37,535.55,211.51,179.56,1,car,1
167,5,1507.95,524.32,138.65,162.46,1,car,1
167,6,1534.83,489.5,159.46,203.76,1,car,1
167,7,1640.37,120.2,97.41,80.79,1,car,1
167,8,303.0,119.98,94.59,74.99,1,car,1
167,9,256.11,372.95,144.26,109.87,1,car,1
167,10,182.66,121.39,92.8,68.93,1,car,1
167,11,1467.78,580.81,105.52,95.59,1,car,1
168,4,2.53,532.28,212.99,179.56,1,car,1
168,5,1507.13,525.46,137.93,161.09,1,car,1
168,6,1534.77,489.52,159.13,199.85,1,car,1
168,7,1640.12,120.18,97.68,80.8,1,car,1
168,8,302.86,120.03,95.25,74.23,1,car,1
168,9,258.31,372.45,143.48,110.16,1,car,1
168,10,182.61,121.42,92.92,68.91,1,car,1
168,11,1467.78,580.81,105.55,95.57,1,car,1
169,4,3.7,529.01,214.48,179.56,1,car,1
169,5,1506.3,526.6,137.22,159.73,1,car,1
169,6,1534.7,489.54,158.79,195.94,1,car,1
169,7,1639.86,120.17,97.96,80.81,1,car,1
169,8,302.72,120.09,95.92,73.47,1,car,1
169,9,260.51,371.95,142.71,110.44,1,car,1
169,10,182.56,121.45,93.03,68.9,1,car,1
169,11,1467.78,580.82,105.59,95.55,1,car,1
170,4,4.86,525.74,215.96,179.55,1,car,1
170,5,1505.48,527.74,136.5,158.36,1,car,1
170,6,1534.64,489.55,158.46,192.03,1,car,1
170,7,1639.6,120.15,98.24,80.82,1,car,1
170,8,302.58,120.15,96.59,72.72,1,car,1
170,9,262.72,371.45,141.93,110.73,1,car,1
170,10,182.51,121.48,93.15,68.88,1,car,1
170,11,1468.54,578.92,128.86,100.82,1,car,1
171,4,6.03,522.47,217.45,179.55,1,car,1
171,5,1504.66,528.88,135.78,157.0,1,car,1
171,6,1534.57,489.57,158.13,188.13,1,car,1
171,7,1639.35,120.14,98.52,80.84,1,car,1
171,8,302.44,120.2,97.25,71.96,1,car,1
171,9,264.92,370.95,141.15,111.01,1,car,1
171,10,182.46,121.5,93.26,68.87,1,car,1
171,11,1469.3,577.03,152.13,106.1,1,car,1
172,4,8.05,520.0,218.81,177.39,1,car,1
172,5,1503.83,530.02,135.07,155.63,1,car,1
172,6,1534.51,489.58,157.8,184.22,1,car,1
172,7,1639.37,120.14,98.47,80.83,1,car,1
172,8,302.43,120.2,97.39,72.0,1,car,1
172,9,261.17,371.35,142.0,110.87,1,car,1
172,10,182.41,121.51,93.33,68.87,1,car,1
172,11,1470.06,575.13,175.41,111.37,1,car,1
173,4,10.07,517.54,220.17,175.24,1,car,1
173,5,1503.01,531.16,134.35,154.27,1,car,1
173,6,1534.45,489.6,157.46,180.31,1,car,1
173,7,1639.4,120.14,98.43,80.81,1,car,1
173,8,302.43,120.2,97.54,72.04,1,car,1
173,9,257.42,371.74,142.84,110.73,1,car,1
173,10,182.35,121.51,93.4,68.87,1,car,1
173,11,1470.81,573.24,198.68,116.64,1,car,1
174,4,12.08,515.07,221.53,173.09,1,car,1
174,5,1502.18,532.3,133.64,152.91,1,car,1
174,6,1534.38,489.61,157.13,176.4,1,car,1
174,7,1639.43,120.14,98.38,80.8,1,car,1
174,8,302.42,120.19,97.68,72.08,1,car,1
174,9,253.67,372.13,143.68,110.59,1,car,1
174,10,182.3,121.51,93.48,68.87,1,car,1
174,11,1471.57,571.35,221.95,121.92,1,car,1
175,4,14.1,512.61,222.89,170.93,1,car,1
175,5,1501.36,533.44,132.92,151.54,1,car,1
175,6,1534.32,489.63,156.8,172.5,1,car,1
175,7,1639.45,120.14,98.34,80.79,1,car,1
175,8,302.41,120.19,97.82,72.12,1,car,1
175,9,249.91,372.52,144.53,110.45,1,car,1
175,10,182.24,121.51,93.55,68.88,1,car,1
175,11,1471.84,571.33,221.74,121.95,1,car,1
176,4,16.12,510.14,224.25,168.78,1,car,1
176,5,1500.53,534.57,132.21,150.18,1,car,1
176,6,1534.25,489.64,156.47,168.59,1,car,1
176,7,1639.48,120.14,98.29,80.78,1,car,1
176,8,302.4,120.19,97.96,72.16,1,car,1
176,9,246.16,372.91,145.37,110.31,1,car,1
176,10,182.19,121.51,93.62,68.88,1,car,1
176,11,1472.11,571.31,221.52,121.99,1,car,1
177,4,20.42,507.79,227.24,167.51,1,car,1
177,5,1499.71,535.71,131.49,148.81,1,car,1
177,6,1534.19,489.66,156.13,164.68,1,car,1
177,7,1639.62,120.14,98.13,80.72,1,car,1
177,8,302.42,120.19,97.84,72.1,1,car,1
177,9,240.28,372.83,146.2,110.55,1,car,1
177,10,182.19,121.5,93.61,68.87,1,car,1
177,11,1472.37,571.3,221.31,122.03,1,car,1
178,4,24.72,505.44,230.22,166.25,1,car,1
178,5,1498.88,536.85,130.78,147.45,1,car,1
178,6,1534.12,489.67,155.8,160.78,1,car,1
178,7,1639.76,120.15,97.97,80.66,1,car,1
178,8,302.44,120.2,97.72,72.04,1,car,1
178,9,234.41,372.76,147.03,110.78,1,car,1
178,10,182.19,121.49,93.59,68.87,1,car,1
178,11,1472.64,571.28,221.09,122.06,1,car,1
179,4,29.02,503.09,233.21,164.99,1,car,1
179,5,1498.06,537.99,130.06,146.08,1,car,1
179,6,1534.06,489.69,155.47,156.87,1,car,1
179,7,1639.91,120.15,97.81,80.61,1,car,1
179,8,302.46,120.2,97.61,71.97,1,car,1
179,9,228.53,372.69,147.87,111.02,1,car,1
179,10,182.19,121.48,93.58,68.87,1,car,1
179,11,1472.91,571.26,220.88,122.1,1,car,1
180,4,33.32,500.74,236.19,163.72,1,car,1
180,5,1497.24,539.13,129.35,144.72,1,car,1
180,6,1534.0,489.71,155.14,152.96,1,car,1
180,7,1640.05,120.15,97.65,80.55,1,car,1
180,8,302.48,120.2,97.49,71.91,1,car,1
180,9,222.65,372.62,148.7,111.26,1,car,1
180,10,182.19,121.47,93.56,68.86,1,car,1
180,11,1472.61,571.32,221.22,121.99,1,car,1
181,4,37.62,498.39,239.18,162.46,1,car,1
181,5,1496.41,540.27,128.63,143.36,1,car,1
181,6,1533.93,489.72,154.8,149.05,1,car,1
181,7,1640.19,120.16,97.49,80.49,1,car,1
181,8,302.5,120.2,97.37,71.85,1,car,1
181,9,216.77,372.55,149.53,111.5,1,car,1
181,10,182.19,121.47,93.55,68.86,1,car,1
181,11,1472.31,571.39,221.56,121.89,1,car,1
182,4,49.89,494.73,233.16,161.72,1,car,1
182,5,1495.59,541.41,127.92,141.99,1,car,1
182,6,1533.97,489.71,154.76,149.13,1,car,1
182,7,1640.12,120.15,97.58,80.56,1,car,1
182,8,302.59,120.13,96.85,72.34,1,car,1
182,9,205.01,371.75,151.94,112.49,1,car,1
182,10,182.21,121.47,93.52,68.82,1,car,1
182,11,1472.01,571.45,221.9,121.79,1,car,1
183,4,62.15,491.08,227.14,160.98,1,car,1
183,5,1494.76,542.55,127.2,140.63,1,car,1
183,6,1534.01,489.7,154.72,149.2,1,car,1
183,7,1640.05,120.14,97.67,80.63,1,car,1
183,8,302.67,120.06,96.32,72.83,1,car,1
183,9,193.25,370.95,154.35,113.49,1,car,1
183,10,182.23,121.47,93.5,68.79,1,car,1
183,11,1471.71,571.51,222.23,121.69,1,car,1
184,4,74.42,487.42,221.12,160.24,1,car,1
184,5,1493.94,543.69,126.49,139.26,1,car,1
184,6,1534.05,489.68,154.68,149.28,1,car,1
184,7,1639.98,120.13,97.75,80.69,1,car,1
184,8,302.76,120.0,95.8,73.32,1,car,1
184,9,181.49,370.14,156.77,114.48,1,car,1
184,10,182.25,121.47,93.47,68.75,1,car,1
184,11,1471.41,571.57,222.57,121.58,1,car,1
185,4,86.69,483.76,215.11,159.49,1,car,1
185,5,1493.11,544.83,125.77,137.9,1,car,1
185,6,1534.09,489.67,154.64,149.35,1,car,1
185,7,1639.92,120.12,97.84,80.76,1,car,1
185,8,302.85,119.93,95.28,73.81,1,car,1
185,9,169.72,369.34,159.18,115.47,1,car,1
185,10,182.28,121.47,93.44,68.72,1,car,1
185,11,1471.57,571.61,222.47,121.58,1,car,1
186,4,98.95,480.11,209.09,158.75,1,car,1
186,5,1492.29,545.96,125.06,136.53,1,car,1
186,6,1534.13,489.66,154.6,149.42,1,car,1
186,7,1639.85,120.11,97.93,80.83,1,car,1
186,8,302.94,119.86,94.76,74.3,1,car,1
186,9,157.96,368.54,161.59,116.47,1,car,1
186,10,182.3,121.47,93.42,68.68,1,car,1
186,11,1471.72,571.64,222.37,121.57,1,car,1
187,4,107.99,476.24,210.71,160.02,1,car,1
187,5,1491.46,547.1,124.34,135.17,1,car,1
187,6,1534.17,489.65,154.55,149.5,1,car,1
187,7,1640.02,120.12,97.75,80.77,1,car,1
187,8,302.94,119.85,94.64,74.36,1,car,1
187,9,151.17,369.27,158.66,115.92,1,car,1
187,10,182.22,121.47,93.5,68.66,1,car,1
187,11,1471.88,571.68,222.27,121.57,1,car,1
188,4,117.02,472.37,212.33,161.29,1,car,1
188,5,1490.64,548.24,123.63,133.8,1,car,1
188,6,1534.21,489.64,154.51,149.57,1,car,1
188,7,1640.2,120.12,97.56,80.72,1,car,1
188,8,302.95,119.84,94.51,74.41,1,car,1
188,9,144.39,370.0,155.73,115.37,1,car,1
188,10,182.15,121.47,93.59,68.63,1,car,1
188,11,1472.04,571.72,222.17,121.57,1,car,1
189,4,126.06,468.5,213.95,162.56,1,car,1
189,5,1489.82,549.38,122.91,132.44,1,car,1
189,6,1534.25,489.62,154.47,149.65,1,car,1
189,7,1640.38,120.12,97.38,80.66,1,car,1
189,8,302.95,119.83,94.39,74.47,1,car,1
189,9,137.61,370.73,152.8,114.82,1,car,1
189,10,182.08,121.47,93.68,68.61,1,car,1
189,11,1472.19,571.75,222.07,121.56,1,car,1
190,4,135.09,464.63,215.57,163.83,1,car,1
190,5,1488.99,550.52,122.19,131.08,1,car,1
190,6,1534.29,489.61,154.43,149.72,1,car,1
190,7,1640.56,120.13,97.2,80.6,1,car,1
190,8,302.96,119.83,94.27,74.53,1,car,1
190,9,130.82,371.46,149.87,114.28,1,car,1
190,10,182.01,121.46,93.76,68.59,1,car,1
190,11,1471.13,573.38,198.71,116.42,1,car,1
191,4,144.13,460.76,217.19,165.1,1,car,1
191,5,1488.17,551.66,121.48,129.71,1,car,1
191,6,1534.33,489.6,154.39,149.8,1,car,1
191,7,1640.74,120.13,97.01,80.55,1,car,1
191,8,302.96,119.82,94.14,74.58,1,car,1
191,9,124.04,372.18,146.94,113.73,1,car,1
191,10,181.93,121.46,93.85,68.57,1,car,1
191,11,1470.07,575.0,175.36,111.28,1,car,1
192,4,153.08,460.29,213.46,162.78,1,car,1
192,5,1487.34,552.8,120.76,128.35,1,car,1
192,6,1534.37,489.59,154.35,149.87,1,car,1
192,7,1640.63,120.14,97.13,80.45,1,car,1
192,8,302.93,119.82,94.14,74.25,1,car,1
192,9,113.58,373.23,149.07,113.08,1,car,1
192,10,181.99,121.46,93.74,68.51,1,car,1
192,11,1469.0,576.62,152.0,106.14,1,car,1
193,4,162.04,459.82,209.73,160.46,1,car,1
193,5,1486.52,553.94,120.05,126.98,1,car,1
193,6,1534.41,489.58,154.31,149.94,1,car,1
193,7,1640.51,120.15,97.25,80.36,1,car,1
193,8,302.9,119.82,94.13,73.92,1,car,1
193,9,103.13,374.28,151.19,112.43,1,car,1
193,10,182.06,121.46,93.63,68.45,1,car,1
193,11,1467.94,578.25,128.64,101.0,1,car,1
194,4,170.99,459.36,206.0,158.15,1,car,1
194,5,1485.69,555.08,119.33,125.62,1,car,1
194,6,1534.45,489.56,154.27,150.02,1,car,1
194,7,1640.4,120.16,97.37,80.27,1,car,1
194,8,302.86,119.82,94.12,73.58,1,car,1
194,9,92.68,375.33,153.32,111.78,1,car,1
194,10,182.12,121.46,93.52,68.39,1,car,1
194,11,1466.88,579.87,105.28,95.86,1,car,1
195,4,179.95,458.89,202.27,155.83,1,car,1
195,5,1484.87,556.22,118.62,124.25,1,car,1
195,6,1534.49,489.55,154.22,150.09,1,car,1
195,7,1640.29,120.17,97.49,80.18,1,car,1
195,8,302.83,119.82,94.12,73.25,1,car,1
195,9,82.23,376.38,155.45,111.13,1,car,1
195,10,182.18,121.46,93.41,68.33,1,car,1
195,11,1466.9,579.85,105.39,95.78,1,car,1
196,4,188.91,458.42,198.55,153.51,1,car,1
196,5,1484.04,557.35,117.9,122.89,1,car,1
196,6,1534.45,489.5,153.92,149.9,1,car,1
196,7,1640.18,120.17,97.61,80.09,1,car,1
196,8,302.8,119.82,94.11,72.92,1,car,1
196,9,71.78,377.43,157.58,110.48,1,car,1
196,10,182.24,121.45,93.3,68.28,1,car,1
196,11,1466.93,579.83,105.5,95.69,1,car,1
197,4,192.72,456.94,199.41,151.73,1,car,1
197,5,1483.22,558.49,117.19,121.52,1,car,1
197,6,1534.41,489.44,153.61,149.72,1,car,1
197,7,1639.94,120.17,97.83,80.1,1,car,1
197,8,302.8,119.82,94.17,73.46,1,car,1
197,9,57.87,377.05,159.49,111.33,1,car,1
197,10,182.25,121.46,93.3,68.29,1,car,1
197,11,1466.96,579.81,105.61,95.6,1,car,1
198,4,196.53,455.45,200.27,149.96,1,car,1
198,5,1482.4,559.63,116.47,120.16,1,car,1
198,6,1534.37,489.39,153.3,149.53,1,car,1
198,7,1639.7,120.17,98.05,80.11,1,car,1
198,8,302.81,119.82,94.24,74.0,1,car,1
198,9,43.95,376.68,161.4,112.19,1,car,1
198,10,182.26,121.46,93.3,68.3,1,car,1
198,11,1466.98,579.79,105.72,95.52,1,car,1
199,4,200.34,453.97,201.13,148.18,1,car,1
199,5,1481.57,560.77,115.76,118.8,1,car,1
199,6,1534.32,489.34,152.99,149.34,1,car,1
199,7,1639.46,120.17,98.27,80.12,1,car,1
199,8,302.81,119.83,94.3,74.54,1,car,1
199,9,30.04,376.31,163.31,113.04,1,car,1
199,10,182.27,121.46,93.29,68.32,1,car,1
199,11,1467.01,579.77,105.83,95.43,1,car,1
200,4,204.15,452.48,201.99,146.4,1,car,1
200,5,1480.75,561.91,115.04,117.43,1,car,1
200,6,1534.28,489.28,152.69,149.15,1,car,1
200,7,1639.22,120.17,98.5,80.13,1,car,1
200,8,302.82,119.83,94.36,75.08,1,car,1
200,9,16.12,375.93,165.22,113.9,1,car,1
200,10,182.27,121.46,93.29,68.33,1,car,1
200,11,1467.13,579.9,105.3,95.35,1,car,1
201,4,207.96,451.0,202.85,144.62,1,car,1
201,5,1479.92,563.05,114.33,116.07,1,car,1
201,6,1525.45,501.0,162.48,145.3,1,car,1
201,7,1638.98,120.17,98.72,80.14,1,car,1
201,8,302.82,119.83,94.42,75.62,1,car,1
201,9,2.21,375.56,167.13,114.75,1,car,1
201,10,182.28,121.46,93.29,68.34,1,car,1
201,11,1467.25,580.02,104.76,95.26,1,car,1
202,4,211.83,450.29,199.75,142.96,1,car,1
202,5,1479.1,564.19,113.61,114.7,1,car,1
202,6,1516.62,512.72,172.26,141.44,1,car,1
202,7,1638.27,120.16,99.4,80.22,1,car,1
202,8,302.78,119.83,94.46,75.63,1,car,1
202,9,1.77,376.24,159.54,114.22,1,car,1
202,10,182.29,121.45,93.26,68.37,1,car,1
202,11,1467.37,580.15,104.22,95.18,1,car,1
203,4,215.71,449.58,196.64,141.3,1,car,1
203,5,1478.27,565.33,112.9,113.34,1,car,1
203,6,1507.79,524.43,182.05,137.59,1,car,1
203,7,1637.56,120.15,100.08,80.31,1,car,1
203,8,302.75,119.83,94.5,75.65,1,car,1
203,9,1.33,376.92,151.94,113.7,1,car,1
203,10,182.31,121.44,93.23,68.39,1,car,1
203,11,1467.49,580.28,103.69,95.09,1,car,1
204,4,219.59,448.88,193.54,139.63,1,car,1
204,5,1477.45,566.47,112.18,111.97,1,car,1
204,6,1498.95,536.15,191.84,133.73,1,car,1
204,7,1636.85,120.14,100.76,80.39,1,car,1
204,8,302.71,119.83,94.54,75.67,1,car,1
204,9,0.88,377.61,144.34,113.17,1,car,1
204,10,182.32,121.43,93.2,68.42,1,car,1
204,11,1467.61,580.4,103.15,95.01,1,car,1
205,4,223.47,448.17,190.44,137.97,1,car,1
205,5,1476.62,567.61,111.47,110.61,1,car,1
205,6,1490.12,547.87,201.63,129.88,1,car,1
205,7,1636.14,120.13,101.45,80.48,1,car,1
205,8,302.68,119.83,94.58,75.68,1,car,1
205,9,0.44,378.29,136.75,112.64,1,car,1
205,10,182.33,121.42,93.17,68.45,1,car,1
205,11,1468.07,579.38,116.29,98.03,1,car,1
206,4,227.35,447.46,187.34,136.31,1,car,1
206,5,1475.8,568.74,110.75,109.25,1,car,1
206,6,1481.29,559.58,211.41,126.02,1,car,1
206,7,1635.43,120.12,102.13,80.56,1,car,1
206,8,302.64,119.83,94.62,75.7,1,car,1
206,9,0.0,378.97,129.15,112.11,1,car,1
206,10,182.35,121.41,93.14,68.47,1,car,1
206,11,1468.54,578.36,129.42,101.05,1,car,1
207,4,233.43,445.89,185.28,134.93,1,car,1
207,5,1474.98,569.88,110.04,107.88,1,car,1
207,6,1472.46,571.3,221.2,122.17,1,car,1
207,7,1635.38,120.12,102.17,80.59,1,car,1
207,8,302.7,119.83,94.59,75.86,1,car,1
207,9,0.0,379.18,120.45,110.88,1,car,1
207,10,182.33,121.39,93.13,68.44,1,car,1
207,11,1469.0,577.34,142.56,104.07,1,car,1
207,12,1882.68,944.32,37.32,135.68,1,car,1
208,4,239.51,444.32,183.22,133.55,1,car,1
208,5,1474.15,571.02,109.32,106.52,1,car,1
208,6,1484.8,554.94,209.05,133.51,1,car,1
208,7,1635.33,120.12,102.21,80.61,1,car,1
208,8,302.75,119.83,94.56,76.03,1,car,1
208,9,0.0,379.38,111.75,109.66,1,car,1
208,10,182.32,121.38,93.12,68.4,1,car,1
208,11,1469.47,576.32,155.7,107.09,1,car,1
208,12,1876.57,938.36,43.43,141.31,1,car,1
209,4,245.59,442.75,181.17,132.17,1,car,1
209,5,1473.33,572.16,108.6,105.15,1,car,1
209,6,1497.13,538.58,196.91,144.86,1,car,1
209,7,1635.28,120.12,102.26,80.64,1,car,1
209,8,302.8,119.83,94.53,76.19,1,car,1
209,9,0.0,379.59,103.05,108.43,1,car,1
209,10,182.3,121.36,93.11,68.37,1,car,1
209,11,1469.93,575.3,168.84,110.11,1,car,1
209,12,1870.47,932.41,49.53,146.94,1,car,1
210,4,251.67,441.18,179.11,130.8,1,car,1
210,5,1472.5,573.3,107.89,103.79,1,car,1
210,6,1509.47,522.22,184.76,156.21,1,car,1
210,7,1635.22,120.12,102.3,80.67,1,car,1
210,8,302.86,119.83,94.5,76.35,1,car,1
210,9,0.0,379.8,94.35,107.21,1,car,1
210,10,182.29,121.35,93.1,68.34,1,car,1
210,11,1470.39,574.27,181.97,113.13,1,car,1
210,12,1864.36,926.46,55.64,152.58,1,car,1
211,4,257.74,439.61,177.05,129.42,1,car,1
211,5,1471.68,574.44,107.17,102.42,1,car,1
211,6,1521.8,505.86,172.62,167.55,1,car,1
211,7,1635.17,120.12,102.34,80.69,1,car,1
211,8,302.91,119.82,94.47,76.52,1,car,1
211,9,0.0,380.0,85.65,105.98,1,car,1
211,10,182.28,121.33,93.09,68.3,1,car,1
211,11,1470.86,573.25,195.11,116.15,1,car,1
211,12,1858.26,920.5,61.74,158.21,1,car,1
212,4,266.85,437.93,174.02,127.87,1,car,1
212,5,1470.85,575.58,106.46,101.06,1,car,1
212,6,1534.14,489.5,160.47,178.9,1,car,1
212,7,1634.35,120.14,103.16,81.3,1,car,1
212,8,302.94,119.82,94.44,76.7,1,car,1
212,9,0.0,381.39,80.53,105.58,1,car,1
212,10,182.28,121.35,93.17,68.3,1,car,1
212,11,1471.32,572.23,208.25,119.17,1,car,1
212,12,1852.15,914.55,67.85,163.84,1,car,1
213,4,275.96,436.26,170.98,126.32,1,car,1
213,5,1470.03,576.72,105.74,99.69,1,car,1
213,7,1633.53,120.15,103.98,81.9,1,car,1
213,8,302.98,119.81,94.41,76.89,1,car,1
213,9,0.0,382.77,75.4,105.17,1,car,1
213,10,182.28,121.37,93.25,68.29,1,car,1
213,11,1471.79,571.21,221.39,122.19,1,car,1
213,12,1846.04,908.59,73.96,169.47,1,car,1
214,4,285.07,434.59,167.95,124.77,1,car,1
214,5,1469.2,577.86,105.03,98.33,1,car,1
214,7,1632.7,120.17,104.79,82.5,1,car,1
214,8,303.01,119.81,94.37,77.07,1,car,1
214,9,0.0,384.15,70.28,104.76,1,car,1
214,10,182.29,121.39,93.34,68.29,1,car,1
214,11,1484.27,554.85,208.9,132.92,1,car,1
214,12,1839.94,902.64,80.06,175.1,1,car,1
214,13,1673.83,820.84,241.9,193.76,1,car,1
215,4,294.18,432.92,164.91,123.22,1,car,1
215,5,1468.38,579.0,104.31,96.97,1,car,1
215,7,1631.88,120.18,105.61,83.1,1,car,1
215,8,303.05,119.8,94.34,77.26,1,car,1
215,9,0.0,385.54,65.15,104.36,1,car,1
215,10,182.29,121.41,93.42,68.29,1,car,1
215,11,1496.75,538.49,196.41,143.65,1,car,1
215,12,1833.83,896.68,86.17,180.73,1,car,1
215,13,1668.81,826.28,241.29,193.27,1,car,1
216,4,303.29,431.25,161.88,121.67,1,car,1
216,5,1467.56,580.13,103.6,95.6,1,car,1
216,7,1631.06,120.2,106.43,83.7,1,car,1
216,8,303.08,119.8,94.31,77.44,1,car,1
216,9,0.0,386.92,60.03,103.95,1,car,1
216,10,182.3,121.43,93.5,68.28,1,car,1
216,11,1509.23,522.13,183.93,154.38,1,car,1
216,12,1827.73,890.73,92.27,186.36,1,car,1
216,13,1663.8,831.73,240.67,192.78,1,car,1
217,4,310.36,429.39,156.48,121.37,1,car,1
217,5,1467.41,579.96,104.03,95.76,1,car,1
217,7,1631.15,120.18,106.33,83.67,1,car,1
217,8,303.06,119.8,94.31,77.57,1,car,1
217,9,0.0,386.56,59.6,104.52,1,car,1
217,10,182.31,121.42,93.46,68.32,1,car,1
217,11,1521.71,505.77,171.44,165.12,1,car,1
217,12,1821.62,884.78,98.38,191.99,1,car,1
217,13,1658.78,837.17,240.05,192.28,1,car,1
218,4,317.44,427.52,151.08,121.08,1,car,1
218,5,1467.27,579.78,104.45,95.92,1,car,1
218,7,1631.24,120.17,106.24,83.64,1,car,1
218,8,303.04,119.8,94.31,77.7,1,car,1
218,9,0.0,386.2,59.17,105.09,1,car,1
218,10,182.31,121.4,93.42,68.36,1,car,1
218,11,1534.19,489.41,158.95,175.85,1,car,1
218,12,1815.51,878.82,104.49,197.63,1,car,1
218,13,1653.76,842.61,239.44,191.79,1,car,1
219,4,324.52,425.66,145.67,120.79,1,car,1
219,5,1467.13,579.61,104.88,96.07,1,car,1
219,7,1631.34,120.15,106.14,83.6,1,car,1
219,8,303.02,119.81,94.32,77.83,1,car,1
219,9,0.0,385.83,58.75,105.66,1,car,1
219,10,182.32,121.38,93.39,68.41,1,car,1
219,11,1534.25,489.43,159.18,175.61,1,car,1
219,12,1809.41,872.87,110.59,203.26,1,car,1
219,13,1648.75,848.05,238.82,191.3,1,car,1
220,4,331.6,423.79,140.27,120.5,1,car,1
220,5,1466.99,579.43,105.31,96.23,1,car,1
220,7,1631.43,120.13,106.05,83.57,1,car,1
220,8,303.0,119.81,94.32,77.95,1,car,1
220,9,0.0,385.47,58.32,106.23,1,car,1
220,10,182.33,121.37,93.35,68.45,1,car,1
220,11,1534.31,489.45,159.4,175.37,1,car,1
220,12,1803.3,866.91,116.7,208.89,1,car,1
220,13,1643.73,853.49,238.2,190.81,1,car,1
221,4,338.68,421.92,134.87,120.2,1,car,1
221,5,1466.85,579.26,105.74,96.39,1,car,1
221,7,1631.52,120.12,105.95,83.53,1,car,1
221,8,302.97,119.81,94.32,78.08,1,car,1
221,9,0.0,385.11,57.89,106.81,1,car,1
221,10,182.33,121.35,93.31,68.49,1,car,1
221,11,1534.37,489.47,159.62,175.13,1,car,1
221,12,1797.2,860.96,122.8,214.52,1,car,1
221,13,1638.71,858.93,237.59,190.31,1,car,1
222,4,343.06,420.95,137.41,119.69,1,car,1
222,5,1466.84,579.27,105.51,96.37,1,car,1
222,7,1632.19,120.12,105.31,83.03,1,car,1
222,8,302.96,119.82,94.39,78.49,1,car,1
222,9,0.0,385.06,57.79,106.96,1,car,1
222,10,182.33,121.36,93.35,68.55,1,car,1
222,11,1534.42,489.49,159.85,174.89,1,car,1
222,12,1791.09,855.01,128.91,220.15,1,car,1
222,13,1633.7,864.37,236.97,189.82,1,car,1
223,4,347.44,419.98,139.95,119.17,1,car,1
223,5,1466.83,579.29,105.28,96.36,1,car,1
223,7,1632.86,120.12,104.67,82.53,1,car,1
223,8,302.94,119.82,94.45,78.89,1,car,1
223,9,0.0,385.02,57.69,107.12,1,car,1
223,10,182.33,121.37,93.39,68.6,1,car,1
223,11,1534.48,489.51,160.07,174.65,1,car,1
223,12,1784.98,849.05,135.02,225.78,1,car,1
223,13,1628.68,869.81,236.35,189.33,1,car,1
224,4,351.83,419.01,142.49,118.65,1,car,1
224,5,1466.82,579.31,105.04,96.35,1,car,1
224,7,1633.53,120.12,104.03,82.04,1,car,1
224,8,302.92,119.82,94.51,79.3,1,car,1
224,9,0.0,384.97,57.58,107.28,1,car,1
224,10,182.32,121.38,93.44,68.66,1,car,1
224,11,1534.5,489.48,160.04,175.62,1,car,1
224,12,1778.88,843.1,141.12,231.41,1,car,1
224,13,1623.66,875.25,235.73,188.84,1,car,1
225,4,356.21,418.03,145.03,118.14,1,car,1
225,5,1466.82,579.32,104.81,96.33,1,car,1
225,7,1634.2,120.13,103.39,81.54,1,car,1
225,8,302.9,119.83,94.57,79.7,1,car,1
225,9,0.0,384.92,57.48,107.44,1,car,1
225,10,182.32,121.39,93.48,68.72,1,car,1
225,11,1534.51,489.46,160.01,176.59,1,car,1
225,12,1772.77,837.14,147.23,237.04,1,car,1
225,13,1618.65,880.69,235.12,188.34,1,car,1
226,4,360.59,417.06,147.57,117.62,1,car,1
226,5,1466.81,579.34,104.58,96.32,1,car,1
226,7,1634.87,120.13,102.76,81.04,1,car,1
226,8,302.88,119.83,94.63,80.11,1,car,1
226,9,0.0,384.88,57.38,107.6,1,car,1
226,10,182.32,121.4,93.52,68.77,1,car,1
226,11,1534.53,489.43,159.98,177.56,1,car,1
226,12,1766.67,831.19,153.33,242.67,1,car,1
226,13,1613.63,886.13,234.5,187.85,1,car,1
227,4,366.57,416.75,135.21,115.89,1,car,1
227,5,1466.8,579.35,104.35,96.31,1,car,1
227,7,1634.66,120.14,103.0,81.09,1,car,1
227,8,302.93,119.83,94.66,79.82,1,car,1
227,9,0.0,384.77,57.48,108.12,1,car,1
227,10,182.37,121.4,93.46,68.68,1,car,1
227,11,1534.54,489.4,159.95,178.52,1,car,1
227,12,1760.56,825.23,159.44,248.31,1,car,1
227,13,1608.61,891.57,233.88,187.36,1,car,1
228,4,372.56,416.44,122.84,114.15,1,car,1
228,5,1466.81,579.3,104.86,96.3,1,car,1
228,7,1634.46,120.15,103.24,81.14,1,car,1
228,8,302.97,119.83,94.69,79.53,1,car,1
228,9,0.0,384.66,57.59,108.65,1,car,1
228,10,182.41,121.39,93.4,68.58,1,car,1
228,11,1534.56,489.37,159.91,179.49,1,car,1
228,12,1754.45,819.28,165.55,253.94,1,car,1
228,13,1597.26,894.53,228.63,182.61,1,car,1
229,4,378.54,416.12,110.47,112.42,1,car,1
229,5,1466.83,579.24,105.38,96.29,1,car,1
229,7,1634.25,120.17,103.49,81.19,1,car,1
229,8,303.01,119.83,94.71,79.24,1,car,1
229,9,0.0,384.55,57.7,109.17,1,car,1
229,10,182.46,121.38,93.34,68.49,1,car,1
229,11,1534.39,489.41,159.92,179.51,1,car,1
229,12,1748.35,813.33,171.65,259.57,1,car,1
229,13,1585.9,897.48,223.37,177.85,1,car,1
230,4,384.52,415.81,98.11,110.68,1,car,1
230,5,1466.84,579.18,105.89,96.28,1,car,1
230,7,1634.04,120.18,103.73,81.24,1,car,1
230,8,303.06,119.83,94.74,78.95,1,car,1
230,9,0.0,384.44,57.81,109.7,1,car,1
230,10,182.51,121.38,93.29,68.39,1,car,1
230,11,1534.22,489.45,159.92,179.52,1,car,1
230,12,1730.22,816.32,176.55,253.55,1,car,1
230,13,1574.55,900.44,218.12,173.1,1,car,1
231,4,390.51,415.5,85.74,108.95,1,car,1
231,5,1466.85,579.13,106.4,96.27,1,car,1
231,7,1633.83,120.19,103.98,81.29,1,car,1
231,8,303.1,119.83,94.77,78.65,1,car,1
231,9,0.0,384.33,57.92,110.22,1,car,1
231,10,182.56,121.37,93.23,68.3,1,car,1
231,11,1534.05,489.49,159.92,179.53,1,car,1
231,12,1712.08,819.31,181.45,247.52,1,car,1
231,13,1563.19,903.39,212.86,168.35,1,car,1
232,4,395.58,420.9,80.89,101.66,1,car,1
232,5,1466.87,579.07,106.92,96.26,1,car,1
232,7,1634.14,120.2,103.68,81.23,1,car,1
232,8,303.13,119.83,94.68,78.81,1,car,1
232,9,0.0,384.28,58.04,110.66,1,car,1
232,10,182.57,121.37,93.18,68.32,1,car,1
232,11,1533.88,489.53,159.93,179.54,1,car,1
232,12,1693.95,822.3,186.36,241.5,1,car,1
232,13,1551.83,906.35,207.6,163.6,1,car,1
233,4,400.64,426.31,76.04,94.37,1,car,1
233,5,1466.88,579.04,106.5,96.23,1,car,1
233,7,1634.44,120.2,103.38,81.16,1,car,1
233,8,303.17,119.83,94.59,78.96,1,car,1
233,9,0.0,384.23,58.17,111.09,1,car,1
233,10,182.59,121.38,93.14,68.35,1,car,1
233,11,1533.71,489.58,159.93,179.56,1,car,1
233,12,1675.82,825.29,191.26,235.48,1,car,1
233,13,1540.48,909.31,202.35,158.85,1,car,1
234,4,405.71,431.72,71.19,87.08,1,car,1
234,5,1466.88,579.01,106.08,96.2,1,car,1
234,7,1634.75,120.2,103.08,81.1,1,car,1
234,8,303.2,119.82,94.5,79.11,1,car,1
234,9,0.0,384.18,58.3,111.53,1,car,1
234,10,182.6,121.38,93.09,68.38,1,car,1
234,11,1533.76,489.59,160.02,179.84,1,car,1
234,12,1657.69,828.28,196.16,229.45,1,car,1
234,13,1529.12,912.26,197.09,154.09,1,car,1
235,4,410.78,437.12,66.34,79.8,1,car,1
235,5,1466.89,578.97,105.67,96.16,1,car,1
235,7,1635.05,120.21,102.79,81.03,1,car,1
235,8,303.23,119.82,94.41,79.26,1,car,1
235,9,0.0,384.13,58.43,111.97,1,car,1
235,10,182.62,121.38,93.05,68.41,1,car,1
235,11,1533.81,489.61,160.11,180.13,1,car,1
235,12,1639.56,831.27,201.06,223.43,1,car,1
235,13,1517.76,915.22,191.84,149.34,1,car,1
236,4,415.85,442.53,61.49,72.51,1,car,1
236,5,1466.9,578.94,105.25,96.13,1,car,1
236,7,1635.36,120.21,102.49,80.97,1,car,1
236,8,303.27,119.81,94.33,79.41,1,car,1
236,9,0.0,384.08,58.55,112.4,1,car,1
236,10,182.63,121.39,93.0,68.44,1,car,1
236,11,1533.85,489.62,160.2,180.42,1,car,1
236,12,1621.43,834.26,205.96,217.41,1,car,1
236,13,1506.41,918.18,186.58,144.59,1,car,1
237,4,415.11,441.84,63.95,74.41,1,car,1
237,5,1466.91,578.91,104.84,96.09,1,car,1
237,7,1635.42,120.22,102.41,81.01,1,car,1
237,8,303.27,119.81,94.32,79.41,1,car,1
237,9,0.0,384.37,58.82,111.9,1,car,1
237,10,182.59,121.4,93.07,68.37,1,car,1
237,11,1533.9,489.64,160.29,180.71,1,car,1
237,12,1603.29,837.25,210.86,211.39,1,car,1
237,13,1495.05,921.13,181.32,139.84,1,car,1
238,4,414.36,441.15,66.41,76.31,1,car,1
238,5,1467.29,577.32,128.8,101.42,1,car,1
238,7,1635.48,120.23,102.34,81.06,1,car,1
238,8,303.27,119.8,94.31,79.41,1,car,1
238,9,0.0,384.65,59.09,111.4,1,car,1
238,10,182.55,121.4,93.14,68.31,1,car,1
238,11,1533.94,489.65,160.38,180.99,1,car,1
238,12,1585.16,840.24,215.76,205.36,1,car,1
238,13,1483.69,924.09,176.07,135.08,1,car,1
239,4,413.61,440.46,68.88,78.21,1,car,1
239,5,1467.67,575.74,152.76,106.74,1,car,1
239,7,1635.54,120.24,102.26,81.1,1,car,1
239,8,303.27,119.79,94.3,79.41,1,car,1
239,9,0.0,384.94,59.36,110.89,1,car,1
239,10,182.51,121.41,93.22,68.24,1,car,1
239,11,1533.98,489.66,159.9,178.94,1,car,1
239,12,1565.83,841.85,209.48,202.2,1,car,1
239,13,1472.34,927.05,170.81,130.33,1,car,1
240,4,412.86,439.77,71.34,80.12,1,car,1
240,5,1468.05,574.15,176.72,112.06,1,car,1
240,7,1635.61,120.24,102.19,81.14,1,car,1
240,8,303.27,119.79,94.3,79.41,1,car,1
240,9,0.0,385.22,59.63,110.39,1,car,1
240,10,182.47,121.42,93.29,68.18,1,car,1
240,11,1534.02,489.66,159.42,176.89,1,car,1
240,12,1546.49,843.46,203.2,199.04,1,car,1
240,13,1449.39,927.72,169.28,133.25,1,car,1
241,4,412.12,439.07,73.8,82.02,1,car,1
241,5,1468.42,572.57,200.68,117.38,1,car,1
241,7,1635.67,120.25,102.11,81.19,1,car,1
241,8,303.28,119.78,94.29,79.41,1,car,1
241,9,0.0,385.51,59.89,109.88,1,car,1
241,10,182.42,121.43,93.36,68.11,1,car,1
241,11,1534.05,489.67,158.95,174.84,1,car,1
241,12,1527.16,845.07,196.91,195.88,1,car,1
241,13,1426.44,928.4,167.75,136.17,1,car,1
242,4,411.37,438.38,76.26,83.92,1,car,1
242,5,1468.8,570.98,224.64,122.71,1,car,1
242,7,1635.57,120.24,102.22,81.19,1,car,1
242,8,303.26,119.79,94.29,79.14,1,car,1
242,9,0.0,385.37,59.83,110.05,1,car,1
242,10,182.32,121.44,93.49,68.19,1,car,1
242,11,1534.09,489.68,158.47,172.79,1,car,1
242,12,1507.82,846.68,190.63,192.71,1,car,1
242,13,1403.49,929.07,166.22,139.09,1,car,1
243,4,410.62,437.69,78.72,85.82,1,car,1
243,5,1468.47,572.81,199.98,117.21,1,car,1
243,7,1635.48,120.23,102.32,81.2,1,car,1
243,8,303.25,119.79,94.29,78.87,1,car,1
243,9,0.0,385.23,59.77,110.21,1,car,1
243,10,182.21,121.45,93.62,68.27,1,car,1
243,11,1534.13,489.68,157.99,170.74,1,car,1
243,12,1488.49,848.28,184.35,189.55,1,car,1
243,13,1380.54,929.75,164.69,142.0,1,car,1
244,4,409.88,437.0,81.18,87.72,1,car,1
244,5,1468.13,574.65,175.32,111.71,1,car,1
244,7,1635.39,120.22,102.42,81.2,1,car,1
244,8,303.23,119.8,94.29,78.6,1,car,1
244,9,0.0,385.08,59.71,110.38,1,car,1
244,10,182.1,121.46,93.74,68.35,1,car,1
244,11,1534.16,489.69,157.51,168.69,1,car,1
244,12,1467.49,850.19,185.66,194.67,1,car,1
244,13,1357.59,930.42,163.16,144.92,1,car,1
245,4,409.13,436.31,83.64,89.63,1,car,1
245,5,1467.8,576.48,150.65,106.21,1,car,1
245,7,1635.29,120.21,102.53,81.21,1,car,1
245,8,303.22,119.8,94.29,78.33,1,car,1
245,9,0.0,384.94,59.64,110.54,1,car,1
245,10,181.99,121.47,93.87,68.43,1,car,1
245,11,1534.2,489.7,157.03,166.64,1,car,1
245,12,1446.5,852.09,186.98,199.8,1,car,1
245,13,1334.64,931.1,161.63,147.84,1,car,1
246,4,408.38,435.62,86.11,91.53,1,car,1
246,5,1467.46,578.31,125.99,100.72,1,car,1
246,7,1635.2,120.2,102.63,81.21,1,car,1
246,8,303.2,119.8,94.29,78.06,1,car,1
246,9,0.0,384.8,59.58,110.7,1,car,1
246,10,181.88,121.48,94.0,68.51,1,car,1
246,11,1534.24,489.7,156.55,164.58,1,car,1
246,12,1425.51,854.0,188.3,204.92,1,car,1
246,13,1310.14,933.87,164.85,145.42,1,car,1
247,4,407.64,434.93,88.57,93.43,1,car,1
247,5,1467.13,580.15,101.33,95.22,1,car,1
247,7,1635.29,120.2,102.55,81.08,1,car,1
247,8,303.2,119.8,94.27,78.04,1,car,1
247,9,0.0,385.16,59.67,110.4,1,car,1
247,10,181.87,121.47,94.0,68.51,1,car,1
247,11,1534.27,489.71,156.08,162.53,1,car,1
247,12,1404.51,855.9,189.61,210.04,1,car,1
247,13,1285.65,936.65,168.07,143.0,1,car,1
248,4,406.89,434.24,91.03,95.33,1,car,1
248,5,1467.03,580.19,101.33,95.18,1,car,1
248,7,1635.37,120.19,102.48,80.96,1,car,1
248,8,303.21,119.8,94.25,78.02,1,car,1
248,9,0.0,385.52,59.76,110.1,1,car,1
248,10,181.85,121.46,94.01,68.52,1,car,1
248,11,1534.31,489.71,155.6,160.48,1,car,1
248,12,1383.52,857.8,190.93,215.17,1,car,1
248,13,1261.16,939.42,171.29,140.58,1,car,1
249,4,406.14,433.55,93.49,97.23,1,car,1
249,5,1466.92,580.24,101.33,95.15,1,car,1
249,7,1635.46,120.19,102.4,80.83,1,car,1
249,8,303.21,119.8,94.23,78.0,1,car,1
249,9,0.0,385.88,59.84,109.8,1,car,1
249,10,181.83,121.45,94.01,68.52,1,car,1
249,11,1534.33,489.65,156.57,165.23,1,car,1
249,12,1362.52,859.71,192.25,220.29,1,car,1
250,4,405.4,432.86,95.95,99.14,1,car,1
250,5,1466.82,580.28,101.33,95.12,1,car,1
250,7,1635.55,120.19,102.33,80.71,1,car,1
250,8,303.21,119.79,94.21,77.98,1,car,1
250,9,0.0,386.24,59.93,109.51,1,car,1
250,10,181.82,121.44,94.01,68.53,1,car,1
250,11,1534.35,489.59,157.53,169.98,1,car,1
250,12,1345.79,863.55,190.12,214.2,1,car,1
251,4,404.65,432.16,98.41,101.04,1,car,1
251,5,1466.71,580.33,101.33,95.08,1,car,1
251,7,1635.64,120.18,102.25,80.58,1,car,1
251,8,303.21,119.79,94.19,77.97,1,car,1
251,9,0.0,386.6,60.02,109.21,1,car,1
251,10,181.8,121.42,94.02,68.53,1,car,1
251,11,1534.37,489.53,158.5,174.74,1,car,1
251,12,1329.06,867.39,187.99,208.11,1,car,1
252,4,403.9,431.47,100.88,102.94,1,car,1
252,5,1466.61,580.37,101.33,95.05,1,car,1
252,7,1635.8,120.19,102.09,80.58,1,car,1
252,8,303.21,119.79,94.25,78.02,1,car,1
252,9,0.0,386.34,60.0,109.16,1,car,1
252,10,181.73,121.43,94.18,68.55,1,car,1
252,11,1534.39,489.47,159.47,179.49,1,car,1
252,12,1312.32,871.23,185.86,202.02,1,car,1
253,4,403.15,430.78,103.34,104.84,1,car,1
253,5,1466.72,580.35,101.3,95.08,1,car,1
253,7,1635.96,120.19,101.92,80.58,1,car,1
253,8,303.2,119.8,94.3,78.06,1,car,1
253,9,0.0,386.09,59.99,109.12,1,car,1
253,10,181.66,121.43,94.34,68.58,1,car,1
253,11,1534.41,489.41,160.44,184.24,1,car,1
253,12,1295.59,875.07,183.73,195.93,1,car,1
254,4,402.41,430.09,105.8,106.74,1,car,1
254,5,1466.82,580.33,101.27,95.11,1,car,1
254,7,1636.12,120.2,101.76,80.58,1,car,1
254,8,303.2,119.8,94.35,78.11,1,car,1
254,9,0.0,385.84,59.97,109.08,1,car,1
254,10,181.6,121.43,94.5,68.6,1,car,1
254,11,1534.52,489.49,158.44,178.71,1,car,1
254,12,1278.85,878.91,181.6,189.84,1,car,1
255,4,401.66,429.4,108.26,108.65,1,car,1
255,5,1466.93,580.31,101.24,95.15,1,car,1
255,7,1636.28,120.2,101.59,80.58,1,car,1
255,8,303.2,119.8,94.4,78.16,1,car,1
255,9,0.0,385.58,59.96,109.04,1,car,1
255,10,181.53,121.43,94.66,68.62,1,car,1
255,11,1534.62,489.56,156.44,173.18,1,car,1
255,12,1255.38,882.39,183.94,188.61,1,car,1
256,4,400.91,428.71,110.72,110.55,1,car,1
256,5,1467.04,580.29,101.21,95.18,1,car,1
256,7,1636.44,120.2,101.43,80.58,1,car,1
256,8,303.19,119.8,94.45,78.21,1,car,1
256,9,0.0,385.33,59.94,108.99,1,car,1
256,10,181.46,121.43,94.83,68.64,1,car,1
256,11,1534.72,489.64,154.45,167.66,1,car,1
256,12,1231.92,885.87,186.27,187.38,1,car,1
257,4,400.17,428.02,113.18,112.45,1,car,1
257,5,1467.14,580.26,101.18,95.21,1,car,1
257,7,1636.47,120.2,101.42,80.61,1,car,1
257,8,303.2,119.8,94.41,77.99,1,car,1
257,9,0.0,385.2,59.95,109.21,1,car,1
257,10,181.46,121.44,94.75,68.59,1,car,1
257,11,1534.82,489.72,152.45,162.13,1,car,1
257,12,1208.45,889.34,188.61,186.16,1,car,1
258,4,399.42,427.33,115.64,114.35,1,car,1
258,5,1466.89,580.11,101.59,95.33,1,car,1
258,7,1636.5,120.2,101.4,80.63,1,car,1
258,8,303.2,119.8,94.37,77.76,1,car,1
258,9,0.0,385.07,59.95,109.43,1,car,1
258,10,181.45,121.44,94.67,68.53,1,car,1
258,11,1534.93,489.8,150.45,156.6,1,car,1
258,12,1184.98,892.82,190.94,184.93,1,car,1
259,4,398.67,426.64,118.11,116.26,1,car,1
259,5,1466.63,579.97,102.01,95.46,1,car,1
259,7,1636.53,120.2,101.39,80.65,1,car,1
259,8,303.21,119.79,94.32,77.54,1,car,1
259,9,0.0,384.95,59.96,109.65,1,car,1
259,10,181.45,121.45,94.59,68.48,1,car,1
259,11,1534.86,489.72,152.49,163.18,1,car,1
259,12,1161.51,896.3,193.28,183.7,1,car,1
260,4,397.93,425.95,120.57,118.16,1,car,1
260,5,1466.38,579.82,102.42,95.58,1,car,1
260,7,1636.56,120.2,101.38,80.67,1,car,1
260,8,303.21,119.79,94.28,77.31,1,car,1
260,9,0.0,384.82,59.97,109.87,1,car,1
260,10,181.44,121.46,94.51,68.42,1,car,1
260,11,1534.8,489.64,154.53,169.76,1,car,1
260,12,1143.07,901.13,190.79,178.87,1,car,1
261,4,397.18,425.25,123.03,120.06,1,car,1
261,5,1466.12,579.67,102.83,95.71,1,car,1
261,7,1636.59,120.2,101.36,80.7,1,car,1
261,8,303.22,119.79,94.24,77.09,1,car,1
261,9,0.0,384.69,59.97,110.08,1,car,1
261,10,181.44,121.47,94.43,68.36,1,car,1
261,11,1534.73,489.56,156.57,176.33,1,car,1
261,12,1124.63,905.95,188.3,174.05,1,car,1
262,4,396.43,424.56,125.49,121.96,1,car,1
262,5,1465.87,579.52,103.25,95.83,1,car,1
262,7,1635.29,120.19,102.62,81.41,1,car,1
262,8,303.12,119.84,94.3,76.93,1,car,1
262,9,0.0,384.55,59.88,109.93,1,car,1
262,10,181.29,121.41,94.45,68.44,1,car,1
262,11,1534.67,489.48,158.61,182.91,1,car,1
262,12,1106.2,910.78,185.81,169.22,1,car,1
263,4,395.69,423.87,127.95,123.86,1,car,1
263,5,1466.08,579.76,102.7,95.61,1,car,1
263,7,1633.99,120.19,103.87,82.13,1,car,1
263,8,303.02,119.89,94.37,76.77,1,car,1
263,9,0.0,384.41,59.79,109.78,1,car,1
263,10,181.14,121.34,94.46,68.52,1,car,1
263,11,1534.61,489.4,160.65,189.49,1,car,1
263,12,1087.76,915.6,183.33,164.4,1,car,1
264,4,394.94,423.18,130.41,125.77,1,car,1
264,5,1466.3,580.0,102.15,95.4,1,car,1
264,7,1632.69,120.18,105.13,82.85,1,car,1
264,8,302.92,119.94,94.43,76.61,1,car,1
264,9,0.0,384.26,59.7,109.63,1,car,1
264,10,181.0,121.28,94.47,68.6,1,car,1
264,11,1534.7,489.26,160.52,188.96,1,car,1
264,12,1069.32,920.43,180.84,159.57,1,car,1
265,4,394.19,422.49,132.87,127.67,1,car,1
265,5,1466.52,580.24,101.6,95.18,1,car,1
265,7,1631.39,120.17,106.38,83.56,1,car,1
265,8,302.82,119.99,94.5,76.46,1,car,1
265,9,0.0,384.12,59.61,109.48,1,car,1
265,10,180.85,121.22,94.49,68.68,1,car,1
265,11,1534.79,489.13,160.39,188.42,1,car,1
265,12,1045.49,923.64,180.84,156.36,1,car,1
266,4,393.45,421.8,135.34,129.57,1,car,1
266,5,1466.73,580.48,101.05,94.96,1,car,1
266,7,1630.08,120.16,107.64,84.28,1,car,1
266,8,302.72,120.04,94.57,76.3,1,car,1
266,9,0.0,383.98,59.51,109.33,1,car,1
266,10,180.71,121.16,94.5,68.76,1,car,1
266,11,1534.88,488.99,160.27,187.89,1,car,1
266,12,1021.66,926.86,180.84,153.14,1,car,1
267,4,394.68,422.19,136.91,129.18,1,car,1
267,5,1466.95,580.72,100.5,94.75,1,car,1
267,7,1630.08,120.15,107.72,84.28,1,car,1
267,8,302.75,120.04,94.5,76.2,1,car,1
267,9,0.0,384.05,59.47,109.36,1,car,1
267,10,180.76,121.18,94.42,68.69,1,car,1
267,11,1534.97,488.86,160.14,187.36,1,car,1
267,12,997.84,930.08,180.83,149.92,1,car,1
268,4,395.92,422.59,138.49,128.8,1,car,1
268,5,1466.76,580.46,102.11,95.11,1,car,1
268,7,1630.07,120.14,107.8,84.27,1,car,1
268,8,302.78,120.04,94.43,76.11,1,car,1
268,9,0.0,384.12,59.43,109.38,1,car,1
268,10,180.81,121.2,94.34,68.62,1,car,1
268,11,1535.06,488.72,160.01,186.82,1,car,1
268,12,974.01,933.3,180.83,146.7,1,car,1
269,4,397.15,422.98,140.07,128.41,1,car,1
269,5,1466.58,580.2,103.71,95.47,1,car,1
269,7,1630.06,120.13,107.89,84.27,1,car,1
269,8,302.81,120.04,94.36,76.01,1,car,1
269,9,0.0,384.19,59.39,109.4,1,car,1
269,10,180.87,121.22,94.25,68.55,1,car,1
269,11,1534.8,488.65,160.34,188.76,1,car,1
269,12,950.18,936.51,180.83,143.49,1,car,1
270,4,398.39,423.37,141.65,128.03,1,car,1
270,5,1466.4,579.94,105.32,95.83,1,car,1
270,7,1630.05,120.12,107.97,84.27,1,car,1
270,8,302.83,120.04,94.29,75.92,1,car,1
270,9,0.0,384.27,59.34,109.43,1,car,1
270,10,180.92,121.24,94.17,68.49,1,car,1
270,11,1534.55,488.57,160.66,190.69,1,car,1
270,12,926.35,939.73,180.83,140.27,1,car,1
271,4,399.63,423.77,143.23,127.64,1,car,1
271,5,1466.21,579.68,106.92,96.19,1,car,1
271,7,1630.04,120.11,108.05,84.27,1,car,1
271,8,302.86,120.03,94.22,75.82,1,car,1
271,9,0.0,384.34,59.3,109.45,1,car,1
271,10,180.98,121.26,94.09,68.42,1,car,1
271,11,1534.29,488.5,160.98,192.63,1,car,1
271,12,902.52,942.95,180.82,137.05,1,car,1
272,4,402.71,426.42,142.01,126.34,1,car,1
272,5,1466.03,579.42,108.53,96.55,1,car,1
272,7,1631.17,120.12,106.95,83.76,1,car,1
272,8,302.92,120.03,94.2,75.92,1,car,1
272,9,0.0,384.26,59.49,109.42,1,car,1
272,10,181.09,121.25,94.01,68.39,1,car,1
272,11,1534.04,488.42,161.31,194.56,1,car,1
272,12,878.7,946.16,180.82,133.84,1,car,1
273,4,405.8,429.07,140.8,125.04,1,car,1
273,5,1466.19,579.65,108.07,96.23,1,car,1
273,7,1632.29,120.12,105.85,83.24,1,car,1
273,8,302.97,120.02,94.17,76.01,1,car,1
273,9,0.0,384.18,59.68,109.39,1,car,1
273,10,181.2,121.24,93.94,68.36,1,car,1
273,11,1533.79,488.35,161.63,196.5,1,car,1
273,12,854.87,949.38,180.82,130.62,1,car,1
274,4,408.88,431.73,139.58,123.73,1,car,1
274,5,1466.36,579.88,107.62,95.91,1,car,1
274,7,1633.42,120.13,104.75,82.73,1,car,1
274,8,303.03,120.02,94.14,76.11,1,car,1
274,9,0.0,384.1,59.87,109.37,1,car,1
274,10,181.32,121.23,93.86,68.33,1,car,1
274,11,1533.8,488.31,161.66,196.44,1,car,1
274,12,831.04,952.6,180.82,127.4,1,car,1
275,4,411.97,434.38,138.37,122.43,1,car,1
275,5,1466.52,580.11,107.16,95.59,1,car,1
275,7,1634.55,120.14,103.65,82.21,1,car,1
275,8,303.08,120.01,94.12,76.2,1,car,1
275,9,0.0,384.03,60.06,109.34,1,car,1
275,10,181.43,121.22,93.79,68.3,1,car,1
275,11,1533.82,488.28,161.7,196.39,1,car,1
275,12,807.21,955.81,180.81,124.19,1,car,1
276,4,415.05,437.03,137.15,121.12,1,car,1
276,5,1466.69,580.33,106.71,95.27,1,car,1
276,7,1635.68,120.14,102.55,81.7,1,car,1
276,8,303.14,120.01,94.09,76.3,1,car,1
276,9,0.0,383.95,60.25,109.31,1,car,1
276,10,181.55,121.21,93.71,68.27,1,car,1
276,11,1533.83,488.25,161.73,196.33,1,car,1
276,12,783.38,959.03,180.81,120.97,1,car,1
277,5,1466.85,580.56,106.25,94.94,1,car,1
277,7,1634.55,120.11,103.75,82.27,1,car,1
277,8,303.06,120.09,94.62,75.49,1,car,1
277,9,0.0,383.92,60.21,109.68,1,car,1
277,10,181.55,121.2,93.67,68.29,1,car,1
277,11,1533.85,488.22,161.77,196.27,1,car,1
277,12,759.56,962.25,180.81,117.75,1,car,1
278,5,1466.81,580.51,106.71,95.06,1,car,1
278,7,1633.43,120.08,104.95,82.85,1,car,1
278,8,302.99,120.17,95.14,74.69,1,car,1
278,9,0.0,383.9,60.17,110.05,1,car,1
278,10,181.55,121.19,93.62,68.3,1,car,1
278,11,1533.86,488.19,161.8,196.21,1,car,1
278,12,735.73,965.47,180.81,114.53,1,car,1
279,5,1466.77,580.47,107.16,95.17,1,car,1
279,7,1632.3,120.05,106.15,83.42,1,car,1
279,8,302.91,120.26,95.67,73.89,1,car,1
279,9,0.0,383.87,60.13,110.43,1,car,1
279,10,181.55,121.18,93.58,68.32,1,car,1
279,11,1533.91,488.29,161.72,195.13,1,car,1
279,12,711.9,968.68,180.8,111.32,1,car,1
280,5,1466.74,580.42,107.62,95.28,1,car,1
280,7,1631.18,120.02,107.35,83.99,1,car,1
280,8,302.84,120.34,96.19,73.08,1,car,1
280,9,0.0,383.85,60.09,110.8,1,car,1
280,10,181.56,121.17,93.53,68.33,1,car,1
280,11,1533.96,488.4,161.63,194.05,1,car,1
280,12,688.07,971.9,180.8,108.1,1,car,1
281,5,1466.7,580.38,108.07,95.39,1,car,1
281,7,1630.06,119.99,108.55,84.57,1,car,1
281,8,302.76,120.42,96.72,72.28,1,car,1
281,9,0.0,383.82,60.05,111.17,1,car,1
281,10,181.56,121.15,93.48,68.34,1,car,1
281,11,1534.0,488.51,161.55,192.97,1,car,1
281,12,664.24,975.12,180.8,104.88,1,car,1
282,5,1466.66,580.33,108.53,95.5,1,car,1
282,7,1630.91,120.02,107.63,84.0,1,car,1
282,8,302.75,120.45,96.67,72.18,1,car,1
282,9,0.0,384.23,59.88,111.06,1,car,1
282,10,181.49,121.17,93.56,68.44,1,car,1
282,11,1534.05,488.62,161.47,191.89,1,car,1
282,12,640.42,978.33,180.8,101.67,1,car,1
283,5,1466.43,580.2,108.27,95.61,1,car,1
283,7,1631.76,120.05,106.71,83.44,1,car,1
283,8,302.73,120.47,96.62,72.08,1,car,1
283,9,0.0,384.63,59.71,110.95,1,car,1
283,10,181.43,121.19,93.63,68.53,1,car,1
283,11,1534.1,488.72,161.38,190.8,1,car,1
283,12,616.59,981.55,180.79,98.45,1,car,1
284,5,1466.2,580.08,108.0,95.72,1,car,1
284,7,1632.62,120.08,105.79,82.88,1,car,1
284,8,302.72,120.5,96.57,71.98,1,car,1
284,9,0.0,385.04,59.55,110.84,1,car,1
284,10,181.36,121.21,93.7,68.63,1,car,1
284,11,1534.1,488.78,161.04,187.38,1,car,1
284,12,592.76,984.77,180.79,95.23,1,car,1
285,5,1465.97,579.95,107.74,95.83,1,car,1
285,7,1633.47,120.11,104.87,82.32,1,car,1
285,8,302.7,120.52,96.52,71.88,1,car,1
285,9,0.0,385.44,59.38,110.73,1,car,1
285,10,181.29,121.23,93.77,68.72,1,car,1
285,11,1534.11,488.84,160.7,183.96,1,car,1
285,12,568.93,987.98,180.79,92.02,1,car,1
286,5,1465.74,579.83,107.48,95.94,1,car,1
286,7,1634.33,120.14,103.95,81.76,1,car,1
286,8,302.69,120.55,96.47,71.78,1,car,1
286,9,0.0,385.85,59.22,110.62,1,car,1
286,10,181.23,121.25,93.84,68.82,1,car,1
286,11,1534.11,488.89,160.36,180.54,1,car,1
286,12,545.11,991.2,180.79,88.8,1,car,1
287,5,1465.51,579.7,107.22,96.06,1,car,1
287,7,1633.42,120.1,104.87,82.29,1,car,1
287,8,302.82,120.45,95.96,72.73,1,car,1
287,9,0.0,386.28,59.19,109.86,1,car,1
287,10,181.25,121.25,93.69,68.76,1,car,1
287,11,1534.12,488.95,160.01,177.12,1,car,1
287,12,521.28,994.42,180.78,85.58,1,car,1
288,5,1465.58,579.6,107.45,96.2,1,car,1
288,7,1632.5,120.07,105.79,82.82,1,car,1
288,8,302.95,120.35,95.45,73.67,1,car,1
288,9,0.0,386.71,59.16,109.1,1,car,1
288,10,181.28,121.25,93.53,68.7,1,car,1
288,11,1534.12,489.01,159.67,173.7,1,car,1
288,12,497.45,997.64,180.78,82.36,1,car,1
289,5,1465.66,579.5,107.68,96.35,1,car,1
289,7,1631.59,120.03,106.71,83.35,1,car,1
289,8,303.08,120.24,94.94,74.62,1,car,1
289,9,0.0,387.14,59.13,108.35,1,car,1
289,10,181.31,121.25,93.38,68.63,1,car,1
289,11,1534.22,489.07,159.44,173.44,1,car,1
289,12,492.09,993.82,183.33,86.18,1,car,1
290,5,1465.74,579.4,107.92,96.49,1,car,1
290,7,1630.68,120.0,107.63,83.88,1,car,1
290,8,303.2,120.14,94.43,75.57,1,car,1
290,9,0.0,387.57,59.1,107.59,1,car,1
290,10,181.33,121.25,93.22,68.57,1,car,1
290,11,1534.32,489.13,159.2,173.17,1,car,1
290,12,486.72,990.01,185.89,89.99,1,car,1
291,5,1465.82,579.3,108.15,96.64,1,car,1
291,7,1629.77,119.96,108.55,84.41,1,car,1
291,8,303.33,120.04,93.92,76.51,1,car,1
291,9,0.0,387.99,59.07,106.84,1,car,1
291,10,181.36,121.25,93.06,68.51,1,car,1
291,11,1534.41,489.19,158.96,172.91,1,car,1
291,12,481.36,986.19,188.44,93.81,1,car,1
292,5,1465.89,579.2,108.38,96.78,1,car,1
292,7,1630.62,120.0,107.68,83.88,1,car,1
292,8,303.32,120.04,93.93,76.43,1,car,1
292,9,0.0,388.02,59.16,106.65,1,car,1
292,10,181.48,121.25,92.95,68.44,1,car,1
292,11,1534.51,489.25,158.73,172.64,1,car,1
292,12,476.0,982.38,190.99,97.62,1,car,1
293,5,1465.97,579.09,108.62,96.93,1,car,1
293,7,1631.47,120.03,106.81,83.35,1,car,1
293,8,303.3,120.04,93.94,76.34,1,car,1
293,9,0.0,388.05,59.25,106.46,1,car,1
293,10,181.59,121.24,92.84,68.37,1,car,1
293,11,1534.61,489.31,158.49,172.38,1,car,1
293,12,470.64,978.56,193.54,101.44,1,car,1
294,5,1466.05,578.99,108.85,97.07,1,car,1
294,7,1632.32,120.07,105.94,82.83,1,car,1
294,8,303.28,120.04,93.95,76.26,1,car,1
294,9,0.0,388.09,59.34,106.27,1,car,1
294,10,181.71,121.24,92.73,68.31,1,car,1
294,11,1534.73,489.3,157.9,171.76,1,car,1
294,12,466.26,973.54,193.28,106.46,1,car,1
295,5,1466.12,578.89,109.08,97.22,1,car,1
295,7,1633.17,120.1,105.07,82.3,1,car,1
295,8,303.27,120.04,93.96,76.18,1,car,1
295,9,0.0,388.12,59.43,106.08,1,car,1
295,10,181.83,121.23,92.61,68.24,1,car,1
295,11,1534.86,489.29,157.3,171.14,1,car,1
295,12,461.88,968.52,193.02,111.48,1,car,1
296,5,1466.06,579.1,108.5,96.91,1,car,1
296,7,1634.01,120.13,104.21,81.77,1,car,1
296,8,303.25,120.03,93.98,76.09,1,car,1
296,9,0.0,388.15,59.53,105.89,1,car,1
296,10,181.95,121.22,92.5,68.17,1,car,1
296,11,1534.98,489.28,156.7,170.52,1,car,1
296,12,457.5,963.49,192.76,116.51,1,car,1
297,5,1465.99,579.3,107.92,96.6,1,car,1
297,7,1632.46,120.09,105.75,82.45,1,car,1
297,8,303.27,120.03,93.94,76.25,1,car,1
297,9,0.0,387.83,59.45,106.05,1,car,1
297,10,181.92,121.23,92.56,68.19,1,car,1
297,11,1535.11,489.27,156.11,169.91,1,car,1
297,12,453.12,958.47,192.5,121.53,1,car,1
298,5,1465.92,579.51,107.34,96.29,1,car,1
298,7,1630.91,120.04,107.29,83.13,1,car,1
298,8,303.29,120.03,93.91,76.4,1,car,1
298,9,0.0,387.51,59.37,106.21,1,car,1
298,10,181.9,121.24,92.61,68.22,1,car,1
298,11,1535.23,489.26,155.51,169.29,1,car,1
298,12,448.74,953.45,192.25,126.55,1,car,1
299,5,1465.86,579.71,106.75,95.98,1,car,1
299,7,1629.36,120.0,108.84,83.82,1,car,1
299,8,303.32,120.03,93.88,76.56,1,car,1
299,9,0.0,387.19,59.3,106.37,1,car,1
299,10,181.88,121.25,92.67,68.24,1,car,1
299,11,1535.24,489.38,154.27,166.67,1,car,1
299,12,440.8,948.26,197.54,131.74,1,car,1
300,5,1465.79,579.92,106.17,95.68,1,car,1
300,7,1627.8,119.95,110.38,84.5,1,car,1
300,8,303.34,120.03,93.85,76.72,1,car,1
300,9,0.0,386.87,59.22,106.54,1,car,1
300,10,181.85,121.26,92.73,68.27,1,car,1
300,11,1535.25,489.49,153.03,164.05,1,car,1
300,12,432.86,943.07,202.84,136.93,1,car,1
