2,1,708.93,298.35,159.85,159.12,1,-1,-1,-1
2,2,326.79,391.05,142.25,105.54,1,-1,-1,-1
2,3,493.11,172.48,111.56,96.15,1,-1,-1,-1
3,1,708.89,298.35,159.82,159.11,1,-1,-1,-1
3,2,327.00,391.02,141.99,105.61,1,-1,-1,-1
3,3,492.00,172.49,111.33,96.62,1,-1,-1,-1
4,1,708.77,298.36,159.79,159.11,1,-1,-1,-1
4,2,327.32,391.01,141.73,105.68,1,-1,-1,-1
4,3,489.03,172.89,111.11,97.10,1,-1,-1,-1
5,1,708.59,298.37,159.76,159.10,1,-1,-1,-1
5,2,327.71,391.00,141.47,105.75,1,-1,-1,-1
5,3,484.91,173.52,110.88,97.57,1,-1,-1,-1
6,1,708.41,298.39,159.74,159.09,1,-1,-1,-1
6,2,328.09,390.99,141.21,105.82,1,-1,-1,-1
6,3,480.88,174.13,110.65,98.05,1,-1,-1,-1
7,1,708.28,298.64,159.96,158.77,1,-1,-1,-1
7,2,327.84,390.99,141.70,105.85,1,-1,-1,-1
7,3,476.43,175.03,111.00,97.97,1,-1,-1,-1
8,1,708.24,298.95,160.18,158.46,1,-1,-1,-1
8,2,327.43,390.98,142.19,105.87,1,-1,-1,-1
8,3,472.04,175.90,111.35,97.90,1,-1,-1,-1
9,1,708.26,299.29,160.41,158.14,1,-1,-1,-1
9,2,326.95,390.97,142.68,105.89,1,-1,-1,-1
9,3,467.74,176.75,111.70,97.83,1,-1,-1,-1
10,1,708.29,299.63,160.63,157.82,1,-1,-1,-1
10,2,326.44,390.94,143.17,105.92,1,-1,-1,-1
10,3,463.54,177.58,112.05,97.76,1,-1,-1,-1
11,1,708.33,299.97,160.86,157.50,1,-1,-1,-1
11,2,325.92,390.92,143.66,105.94,1,-1,-1,-1
11,3,459.41,178.39,112.39,97.69,1,-1,-1,-1
12,1,709.99,299.55,158.70,159.36,1,-1,-1,-1
12,2,325.42,390.90,144.15,105.96,1,-1,-1,-1
12,3,455.24,179.29,112.40,97.38,1,-1,-1,-1
13,1,711.88,299.32,156.55,161.22,1,-1,-1,-1
13,2,325.44,390.88,143.97,105.99,1,-1,-1,-1
13,3,450.96,180.17,112.41,97.07,1,-1,-1,-1
14,1,713.90,299.19,154.39,163.08,1,-1,-1,-1
14,2,325.57,390.87,143.80,106.01,1,-1,-1,-1
14,3,446.63,181.03,112.41,96.76,1,-1,-1,-1
15,1,715.95,299.07,152.23,164.94,1,-1,-1,-1
15,2,325.77,390.85,143.62,106.03,1,-1,-1,-1
15,3,442.28,181.89,112.42,96.45,1,-1,-1,-1
16,1,717.99,298.96,150.08,166.80,1,-1,-1,-1
16,2,325.99,390.84,143.44,106.06,1,-1,-1,-1
16,3,437.92,182.76,112.43,96.14,1,-1,-1,-1
17,1,716.43,307.66,154.53,155.56,1,-1,-1,-1
17,2,326.21,390.83,143.27,106.08,1,-1,-1,-1
17,3,433.37,183.34,112.44,96.24,1,-1,-1,-1
18,1,714.67,317.65,158.98,144.31,1,-1,-1,-1
18,2,326.43,390.81,143.09,106.10,1,-1,-1,-1
18,3,428.70,183.86,112.46,96.34,1,-1,-1,-1
19,1,712.81,328.24,163.42,133.07,1,-1,-1,-1
19,2,326.77,390.81,142.73,106.17,1,-1,-1,-1
19,3,423.97,184.37,112.48,96.45,1,-1,-1,-1
20,1,710.91,339.03,167.87,121.83,1,-1,-1,-1
20,2,327.14,390.83,142.38,106.24,1,-1,-1,-1
20,3,419.24,184.87,112.50,96.55,1,-1,-1,-1
21,1,709.00,349.81,172.32,110.59,1,-1,-1,-1
21,2,327.52,390.86,142.02,106.30,1,-1,-1,-1
21,3,414.51,185.37,112.52,96.66,1,-1,-1,-1
21,4,767.13,298.41,101.86,88.56,1,-1,-1,-1
21,5,816.07,403.99,72.38,68.24,1,-1,-1,-1
22,1,709.90,352.30,168.83,109.92,1,-1,-1,-1
22,2,327.90,390.90,141.66,106.37,1,-1,-1,-1
22,3,409.74,185.78,113.26,96.65,1,-1,-1,-1
22,4,767.12,298.23,101.91,88.45,1,-1,-1,-1
22,5,816.20,404.03,72.36,68.12,1,-1,-1,-1
23,1,710.14,353.00,165.35,109.24,1,-1,-1,-1
23,2,328.27,390.93,141.31,106.44,1,-1,-1,-1
23,3,405.17,186.11,114.01,96.63,1,-1,-1,-1
23,4,767.13,297.69,101.97,88.34,1,-1,-1,-1
23,5,816.53,404.02,72.34,68.01,1,-1,-1,-1
24,1,710.08,352.81,161.86,108.57,1,-1,-1,-1
24,2,328.33,391.03,141.35,106.31,1,-1,-1,-1
24,3,400.68,186.39,114.75,96.62,1,-1,-1,-1
24,4,767.15,296.92,102.02,88.23,1,-1,-1,-1
24,5,816.97,403.99,72.32,67.89,1,-1,-1,-1
25,1,709.91,352.28,158.38,107.89,1,-1,-1,-1
25,2,328.33,391.10,141.39,106.18,1,-1,-1,-1
25,3,396.24,186.66,115.50,96.61,1,-1,-1,-1
25,4,767.17,296.17,102.07,88.12,1,-1,-1,-1
25,5,817.40,403.96,72.30,67.77,1,-1,-1,-1
26,1,709.76,351.71,154.89,107.22,1,-1,-1,-1
26,2,328.29,391.17,141.43,106.04,1,-1,-1,-1
26,3,391.80,186.93,116.24,96.60,1,-1,-1,-1
26,4,767.18,295.50,102.13,88.01,1,-1,-1,-1
26,5,817.79,403.94,72.29,67.66,1,-1,-1,-1
27,1,709.66,351.25,151.40,106.55,1,-1,-1,-1
27,2,328.24,391.23,141.47,105.91,1,-1,-1,-1
27,3,389.45,187.15,114.59,96.19,1,-1,-1,-1
27,4,767.19,294.92,102.18,87.90,1,-1,-1,-1
27,5,817.86,403.95,72.34,67.61,1,-1,-1,-1
28,1,709.62,350.93,147.92,105.87,1,-1,-1,-1
28,2,328.19,391.28,141.52,105.78,1,-1,-1,-1
28,3,387.59,187.21,112.93,95.78,1,-1,-1,-1
28,4,767.20,294.38,102.24,87.79,1,-1,-1,-1
28,5,817.77,404.01,72.40,67.57,1,-1,-1,-1
29,1,709.64,350.73,144.43,105.20,1,-1,-1,-1
29,2,327.83,391.28,141.92,105.78,1,-1,-1,-1
29,3,385.97,187.21,111.27,95.36,1,-1,-1,-1
29,4,767.15,294.29,102.55,87.76,1,-1,-1,-1
29,5,817.61,404.08,72.46,67.52,1,-1,-1,-1
30,1,709.69,350.62,140.95,104.53,1,-1,-1,-1
30,2,327.40,391.27,142.33,105.78,1,-1,-1,-1
30,3,384.42,187.19,109.61,94.95,1,-1,-1,-1
30,4,767.14,294.49,102.86,87.72,1,-1,-1,-1
30,5,817.41,404.16,72.52,67.48,1,-1,-1,-1
31,1,709.08,350.48,140.88,104.27,1,-1,-1,-1
31,2,326.95,391.27,142.73,105.78,1,-1,-1,-1
31,3,382.87,187.17,107.96,94.54,1,-1,-1,-1
31,4,767.15,294.81,103.16,87.69,1,-1,-1,-1
31,5,817.21,404.24,72.57,67.44,1,-1,-1,-1
32,1,709.07,350.44,140.81,104.01,1,-1,-1,-1
32,2,326.48,391.28,143.14,105.78,1,-1,-1,-1
32,3,378.57,186.91,110.40,94.48,1,-1,-1,-1
32,4,767.16,295.18,103.47,87.65,1,-1,-1,-1
32,5,817.47,404.53,72.23,67.09,1,-1,-1,-1
33,1,709.36,350.46,140.74,103.75,1,-1,-1,-1
33,2,326.02,391.28,143.54,105.77,1,-1,-1,-1
33,3,373.85,186.64,112.85,94.42,1,-1,-1,-1
33,4,767.18,295.54,103.78,87.62,1,-1,-1,-1
33,5,817.90,404.85,71.90,66.73,1,-1,-1,-1
34,1,709.73,350.48,140.67,103.49,1,-1,-1,-1
34,2,325.79,391.22,143.70,105.82,1,-1,-1,-1
34,3,368.92,186.35,115.29,94.36,1,-1,-1,-1
34,4,767.32,296.10,103.44,86.87,1,-1,-1,-1
34,5,818.40,405.18,71.56,66.38,1,-1,-1,-1
35,1,710.10,350.50,140.60,103.23,1,-1,-1,-1
35,2,325.62,391.16,143.85,105.86,1,-1,-1,-1
35,3,363.89,186.06,117.73,94.29,1,-1,-1,-1
35,4,767.35,296.55,103.10,86.11,1,-1,-1,-1
35,5,818.94,405.52,71.22,66.03,1,-1,-1,-1
36,1,710.18,350.35,140.69,103.57,1,-1,-1,-1
36,2,325.48,391.08,144.01,105.90,1,-1,-1,-1
36,3,358.86,185.78,120.18,94.23,1,-1,-1,-1
36,4,767.33,296.93,102.76,85.36,1,-1,-1,-1
36,5,819.49,405.86,70.88,65.68,1,-1,-1,-1
37,1,710.09,350.28,140.79,103.91,1,-1,-1,-1
37,2,325.35,391.01,144.16,105.94,1,-1,-1,-1
37,3,355.52,185.38,120.34,94.60,1,-1,-1,-1
37,4,767.28,297.29,102.42,84.61,1,-1,-1,-1
37,5,819.49,405.87,71.00,65.78,1,-1,-1,-1
38,1,709.92,350.23,140.88,104.25,1,-1,-1,-1
38,2,325.22,390.93,144.32,105.99,1,-1,-1,-1
38,3,352.53,185.02,120.51,94.97,1,-1,-1,-1
38,4,767.23,297.65,102.08,83.86,1,-1,-1,-1
38,5,819.31,405.82,71.12,65.88,1,-1,-1,-1
39,1,709.70,350.19,140.97,104.58,1,-1,-1,-1
39,2,324.29,390.82,145.49,106.08,1,-1,-1,-1
39,3,349.72,184.69,120.67,95.34,1,-1,-1,-1
39,4,767.28,297.30,101.74,85.06,1,-1,-1,-1
39,5,819.03,405.73,71.25,65.99,1,-1,-1,-1
40,1,709.45,350.15,141.07,104.92,1,-1,-1,-1
40,2,323.18,390.70,146.66,106.17,1,-1,-1,-1
40,3,346.97,184.37,120.84,95.71,1,-1,-1,-1
40,4,767.38,297.12,101.40,86.26,1,-1,-1,-1
40,5,818.72,405.64,71.37,66.09,1,-1,-1,-1
41,1,709.41,350.39,140.98,104.68,1,-1,-1,-1
41,2,321.98,390.57,147.84,106.25,1,-1,-1,-1
41,3,344.24,184.05,121.01,96.08,1,-1,-1,-1
41,4,767.51,297.03,101.05,87.46,1,-1,-1,-1
41,5,818.40,405.56,71.49,66.19,1,-1,-1,-1
42,1,709.43,350.61,140.90,104.45,1,-1,-1,-1
42,2,320.75,390.45,149.01,106.34,1,-1,-1,-1
42,3,342.77,184.12,121.47,95.92,1,-1,-1,-1
42,4,767.65,296.97,100.71,88.66,1,-1,-1,-1
42,5,818.30,405.50,71.50,66.24,1,-1,-1,-1
43,1,709.50,350.82,140.82,104.21,1,-1,-1,-1
43,2,319.53,390.33,150.18,106.43,1,-1,-1,-1
43,3,342.09,184.27,121.94,95.75,1,-1,-1,-1
43,4,767.80,296.90,100.37,89.86,1,-1,-1,-1
43,5,818.28,405.45,71.52,66.29,1,-1,-1,-1
44,1,709.58,351.04,140.73,103.97,1,-1,-1,-1
44,2,319.93,390.34,149.30,106.38,1,-1,-1,-1
44,3,341.78,184.45,122.41,95.59,1,-1,-1,-1
44,4,767.69,297.19,100.46,89.77,1,-1,-1,-1
44,5,818.33,405.40,71.53,66.34,1,-1,-1,-1
45,1,709.66,351.24,140.65,103.73,1,-1,-1,-1
45,2,320.68,390.37,148.42,106.33,1,-1,-1,-1
45,3,341.58,184.65,122.88,95.43,1,-1,-1,-1
45,4,767.56,297.31,100.55,89.68,1,-1,-1,-1
45,5,818.40,405.36,71.55,66.39,1,-1,-1,-1
46,1,709.98,351.31,139.95,103.59,1,-1,-1,-1
46,2,321.60,390.43,147.55,106.28,1,-1,-1,-1
46,3,341.37,184.84,123.35,95.26,1,-1,-1,-1
46,4,767.41,297.34,100.64,89.60,1,-1,-1,-1
46,5,818.47,405.32,71.56,66.44,1,-1,-1,-1
47,1,710.26,351.33,139.26,103.44,1,-1,-1,-1
47,2,322.59,390.48,146.67,106.23,1,-1,-1,-1
47,3,341.75,184.90,123.77,95.61,1,-1,-1,-1
47,4,767.26,297.33,100.73,89.51,1,-1,-1,-1
47,5,818.62,405.41,71.55,66.26,1,-1,-1,-1
48,1,710.51,351.31,138.56,103.30,1,-1,-1,-1
48,2,323.58,390.54,145.79,106.18,1,-1,-1,-1
48,3,342.43,185.02,124.20,95.95,1,-1,-1,-1
48,4,767.11,297.32,100.82,89.42,1,-1,-1,-1
48,5,818.81,405.51,71.54,66.08,1,-1,-1,-1
49,1,710.75,351.29,137.87,103.15,1,-1,-1,-1
49,2,325.06,390.65,144.21,106.09,1,-1,-1,-1
49,3,343.21,185.17,124.62,96.29,1,-1,-1,-1
49,4,767.09,297.27,100.73,89.09,1,-1,-1,-1
49,5,819.02,405.63,71.53,65.89,1,-1,-1,-1
50,1,711.00,351.27,137.17,103.01,1,-1,-1,-1
50,2,326.61,390.78,142.63,106.01,1,-1,-1,-1
50,3,344.01,185.33,125.04,96.63,1,-1,-1,-1
50,4,767.10,297.14,100.63,88.76,1,-1,-1,-1
50,5,819.23,405.74,71.51,65.71,1,-1,-1,-1
51,1,710.67,351.14,137.87,103.24,1,-1,-1,-1
51,2,328.17,390.91,141.05,105.92,1,-1,-1,-1
51,3,344.77,185.49,125.47,96.97,1,-1,-1,-1
51,4,767.13,296.98,100.53,88.44,1,-1,-1,-1
51,5,819.43,405.85,71.50,65.53,1,-1,-1,-1
52,1,710.42,351.05,138.57,103.47,1,-1,-1,-1
52,2,329.73,391.05,139.47,105.84,1,-1,-1,-1
52,3,346.81,185.84,124.62,97.49,1,-1,-1,-1
52,4,767.16,296.81,100.44,88.11,1,-1,-1,-1
52,5,819.32,405.69,71.62,65.81,1,-1,-1,-1
53,1,710.20,350.98,139.27,103.70,1,-1,-1,-1
53,2,331.27,391.19,137.89,105.75,1,-1,-1,-1
53,3,349.18,186.34,123.78,98.01,1,-1,-1,-1
53,4,767.19,296.65,100.34,87.78,1,-1,-1,-1
53,5,819.07,405.51,71.75,66.09,1,-1,-1,-1
54,1,710.00,350.92,139.96,103.94,1,-1,-1,-1
54,2,331.23,391.14,138.37,105.83,1,-1,-1,-1
54,3,351.72,186.92,122.94,98.54,1,-1,-1,-1
54,4,767.21,296.50,100.24,87.45,1,-1,-1,-1
54,5,818.75,405.32,71.87,66.37,1,-1,-1,-1
55,1,709.80,350.86,140.66,104.17,1,-1,-1,-1
55,2,330.87,391.04,138.85,105.90,1,-1,-1,-1
55,3,354.30,187.53,122.09,99.06,1,-1,-1,-1
55,4,767.24,296.35,100.15,87.13,1,-1,-1,-1
55,5,818.40,405.14,71.99,66.65,1,-1,-1,-1
56,1,709.59,350.80,141.36,104.40,1,-1,-1,-1
56,2,330.34,390.92,139.33,105.97,1,-1,-1,-1
56,3,356.87,188.13,121.25,99.58,1,-1,-1,-1
56,4,767.26,296.22,100.05,86.80,1,-1,-1,-1
56,5,818.05,404.94,72.11,66.93,1,-1,-1,-1
57,1,709.39,350.74,142.05,104.64,1,-1,-1,-1
57,2,329.76,390.77,139.82,106.05,1,-1,-1,-1
57,3,358.21,188.87,122.79,101.13,1,-1,-1,-1
57,4,767.29,296.09,99.95,86.47,1,-1,-1,-1
57,5,817.63,404.86,72.23,67.01,1,-1,-1,-1
58,1,709.49,350.83,141.76,104.62,1,-1,-1,-1
58,2,329.18,390.64,140.30,106.12,1,-1,-1,-1
58,3,359.52,189.98,124.33,102.68,1,-1,-1,-1
58,4,767.31,295.96,99.85,86.15,1,-1,-1,-1
58,5,817.18,404.77,72.35,67.09,1,-1,-1,-1
59,1,709.49,350.94,141.46,104.60,1,-1,-1,-1
59,2,328.98,390.58,140.31,106.18,1,-1,-1,-1
59,3,360.79,191.26,125.87,104.23,1,-1,-1,-1
59,4,767.33,295.84,99.76,85.82,1,-1,-1,-1
59,5,816.71,404.67,72.46,67.17,1,-1,-1,-1
60,1,709.43,351.05,141.16,104.59,1,-1,-1,-1
60,2,328.87,390.57,140.32,106.23,1,-1,-1,-1
60,3,362.05,192.60,127.41,105.78,1,-1,-1,-1
60,4,767.35,295.72,99.66,85.49,1,-1,-1,-1
60,5,816.25,404.59,72.58,67.25,1,-1,-1,-1
61,1,709.36,351.16,140.86,104.57,1,-1,-1,-1
61,2,328.81,390.58,140.34,106.28,1,-1,-1,-1
61,3,363.28,193.93,128.96,107.33,1,-1,-1,-1
61,4,767.57,295.64,99.62,85.21,1,-1,-1,-1
61,5,815.79,404.50,72.70,67.32,1,-1,-1,-1
62,1,709.29,351.27,140.56,104.56,1,-1,-1,-1
62,2,328.79,390.60,140.35,106.34,1,-1,-1,-1
62,3,365.00,195.53,129.99,107.43,1,-1,-1,-1
62,4,767.93,295.59,99.58,84.94,1,-1,-1,-1
62,5,815.52,404.03,72.56,67.97,1,-1,-1,-1
63,1,708.70,351.24,141.68,104.99,1,-1,-1,-1
63,2,328.77,390.62,140.36,106.39,1,-1,-1,-1
63,3,366.84,196.86,131.02,107.53,1,-1,-1,-1
63,4,768.35,295.57,99.54,84.66,1,-1,-1,-1
63,5,815.29,403.49,72.42,68.61,1,-1,-1,-1
64,1,708.22,351.27,142.79,105.43,1,-1,-1,-1
64,2,329.33,390.65,139.67,106.48,1,-1,-1,-1
64,3,368.74,198.04,132.06,107.63,1,-1,-1,-1
64,4,768.79,295.55,99.50,84.38,1,-1,-1,-1
64,5,815.08,402.93,72.28,69.25,1,-1,-1,-1
65,1,707.79,351.31,143.91,105.87,1,-1,-1,-1
65,2,330.02,390.68,138.97,106.57,1,-1,-1,-1
65,3,370.67,199.16,133.09,107.73,1,-1,-1,-1
65,4,769.24,295.52,99.45,84.11,1,-1,-1,-1
65,5,814.88,402.36,72.14,69.90,1,-1,-1,-1
66,1,707.39,351.36,145.03,106.31,1,-1,-1,-1
66,2,330.77,390.72,138.28,106.66,1,-1,-1,-1
66,3,372.59,200.27,134.13,107.83,1,-1,-1,-1
66,4,770.01,296.43,95.78,82.09,1,-1,-1,-1
66,5,814.68,401.79,72.00,70.54,1,-1,-1,-1
67,1,706.99,351.41,146.15,106.74,1,-1,-1,-1
67,2,331.53,390.76,137.58,106.75,1,-1,-1,-1
67,3,376.31,201.03,133.14,108.44,1,-1,-1,-1
67,4,769.93,297.36,92.10,80.07,1,-1,-1,-1
67,5,809.60,399.30,75.88,73.80,1,-1,-1,-1
68,1,707.69,351.13,145.44,106.52,1,-1,-1,-1
68,2,332.29,390.80,136.89,106.84,1,-1,-1,-1
68,3,380.47,201.74,132.15,109.06,1,-1,-1,-1
68,4,769.43,298.31,88.42,78.05,1,-1,-1,-1
68,5,802.89,396.46,79.76,77.06,1,-1,-1,-1
69,1,708.50,350.47,144.73,106.30,1,-1,-1,-1
69,2,332.34,390.93,137.03,106.74,1,-1,-1,-1
69,3,384.83,202.45,131.16,109.67,1,-1,-1,-1
69,4,768.79,299.26,84.75,76.02,1,-1,-1,-1
69,5,795.38,393.46,83.64,80.33,1,-1,-1,-1
70,1,709.35,349.63,144.03,106.08,1,-1,-1,-1
70,2,332.23,391.07,137.17,106.64,1,-1,-1,-1
70,3,389.26,203.16,130.17,110.28,1,-1,-1,-1
70,4,768.16,300.21,81.07,74.00,1,-1,-1,-1
70,5,787.61,390.42,87.52,83.59,1,-1,-1,-1
71,1,710.22,348.72,143.32,105.86,1,-1,-1,-1
71,2,332.03,391.21,137.32,106.54,1,-1,-1,-1
71,3,393.68,203.87,129.19,110.89,1,-1,-1,-1
71,4,767.59,301.15,77.39,71.98,1,-1,-1,-1
71,5,779.86,387.37,91.40,86.85,1,-1,-1,-1
72,1,711.08,347.82,142.61,105.64,1,-1,-1,-1
72,2,331.81,391.34,137.46,106.45,1,-1,-1,-1
72,3,395.86,204.63,131.27,111.54,1,-1,-1,-1
72,4,767.09,302.09,73.71,69.96,1,-1,-1,-1
72,5,772.22,384.35,95.28,90.11,1,-1,-1,-1
73,1,711.93,346.94,141.91,105.42,1,-1,-1,-1
73,2,331.57,391.49,137.60,106.35,1,-1,-1,-1
73,3,397.62,205.42,133.35,112.18,1,-1,-1,-1
73,4,766.65,303.03,70.04,67.94,1,-1,-1,-1
73,5,764.74,381.37,99.16,93.37,1,-1,-1,-1
74,1,712.77,346.09,141.20,105.20,1,-1,-1,-1
74,2,331.24,391.42,137.90,106.42,1,-1,-1,-1
74,3,399.15,206.23,135.43,112.82,1,-1,-1,-1
74,4,766.26,303.97,66.36,65.92,1,-1,-1,-1
74,5,757.37,378.40,103.04,96.64,1,-1,-1,-1
75,1,713.61,345.28,140.50,104.97,1,-1,-1,-1
75,2,330.91,391.28,138.19,106.49,1,-1,-1,-1
75,3,400.59,207.05,137.52,113.46,1,-1,-1,-1
75,4,763.92,303.15,69.54,66.86,1,-1,-1,-1
75,5,750.10,375.47,106.92,99.90,1,-1,-1,-1
76,1,714.43,344.49,139.79,104.75,1,-1,-1,-1
76,2,330.57,391.11,138.49,106.55,1,-1,-1,-1
76,3,402.03,207.87,139.60,114.10,1,-1,-1,-1
76,4,762.42,302.16,72.73,67.80,1,-1,-1,-1
76,5,742.89,372.54,110.80,103.16,1,-1,-1,-1
77,1,715.26,343.71,139.08,104.53,1,-1,-1,-1
77,2,330.24,390.92,138.78,106.62,1,-1,-1,-1
77,3,404.40,208.92,140.87,114.26,1,-1,-1,-1
77,4,761.32,301.09,75.91,68.75,1,-1,-1,-1
77,5,735.70,369.62,114.69,106.42,1,-1,-1,-1
78,1,716.07,342.93,138.38,104.31,1,-1,-1,-1
78,2,329.92,390.73,139.08,106.69,1,-1,-1,-1
78,3,407.08,209.97,142.15,114.42,1,-1,-1,-1
78,4,760.36,300.00,79.09,69.69,1,-1,-1,-1
78,5,728.54,366.70,118.57,109.68,1,-1,-1,-1
79,1,716.89,342.16,137.67,104.09,1,-1,-1,-1
79,2,330.01,390.83,138.79,106.39,1,-1,-1,-1
79,3,409.94,211.01,143.43,114.58,1,-1,-1,-1
79,4,759.38,298.91,82.28,70.63,1,-1,-1,-1
79,5,721.38,363.78,122.45,112.95,1,-1,-1,-1
80,1,717.71,341.39,136.96,103.87,1,-1,-1,-1
80,2,330.17,390.99,138.50,106.08,1,-1,-1,-1
80,3,412.86,212.04,144.70,114.74,1,-1,-1,-1
80,4,757.47,298.20,82.88,71.02,1,-1,-1,-1
80,5,714.22,360.86,126.33,116.21,1,-1,-1,-1
81,1,718.53,340.62,136.26,103.65,1,-1,-1,-1
81,2,330.35,391.18,138.21,105.78,1,-1,-1,-1
81,3,415.80,213.08,145.98,114.90,1,-1,-1,-1
81,4,754.23,297.55,83.48,71.42,1,-1,-1,-1
81,5,707.05,357.94,130.21,119.47,1,-1,-1,-1
82,1,719.35,339.85,135.55,103.43,1,-1,-1,-1
82,2,330.55,391.38,137.92,105.47,1,-1,-1,-1
82,3,419.47,213.61,145.84,115.69,1,-1,-1,-1
82,4,750.34,296.95,84.08,71.82,1,-1,-1,-1
82,5,699.88,355.02,134.09,122.73,1,-1,-1,-1
83,1,720.17,339.08,134.85,103.21,1,-1,-1,-1
83,2,330.76,391.58,137.63,105.17,1,-1,-1,-1
83,3,423.15,214.03,145.71,116.49,1,-1,-1,-1
83,4,746.21,296.36,84.68,72.21,1,-1,-1,-1
83,5,697.60,355.50,131.37,117.15,1,-1,-1,-1
84,1,720.99,338.31,134.14,102.98,1,-1,-1,-1
84,2,330.69,391.52,137.87,105.29,1,-1,-1,-1
84,3,426.82,214.40,145.57,117.28,1,-1,-1,-1
84,4,742.05,295.77,85.28,72.61,1,-1,-1,-1
84,5,696.22,355.40,128.66,111.57,1,-1,-1,-1
85,1,721.81,337.54,133.43,102.76,1,-1,-1,-1
85,2,330.62,391.44,138.12,105.42,1,-1,-1,-1
85,3,430.48,214.75,145.43,118.07,1,-1,-1,-1
85,4,740.12,295.51,86.03,73.15,1,-1,-1,-1
85,5,695.29,355.01,125.94,105.98,1,-1,-1,-1
85,6,745.10,405.47,75.95,68.39,1,-1,-1,-1
86,1,722.63,336.76,132.73,102.54,1,-1,-1,-1
86,2,330.55,391.33,138.36,105.54,1,-1,-1,-1
86,3,434.13,215.10,145.29,118.86,1,-1,-1,-1
86,4,739.55,295.47,86.78,73.68,1,-1,-1,-1
86,5,694.50,354.54,123.22,100.40,1,-1,-1,-1
86,6,745.46,405.49,74.71,67.94,1,-1,-1,-1
87,1,723.45,335.99,132.02,102.32,1,-1,-1,-1
87,2,330.48,391.22,138.60,105.66,1,-1,-1,-1
87,3,437.38,215.79,144.84,118.87,1,-1,-1,-1
87,4,739.69,295.53,87.53,74.22,1,-1,-1,-1
87,5,693.69,354.06,120.51,94.82,1,-1,-1,-1
87,6,745.43,405.19,73.48,67.49,1,-1,-1,-1
88,1,724.27,335.22,131.31,102.10,1,-1,-1,-1
88,2,330.40,391.11,138.84,105.79,1,-1,-1,-1
88,3,440.32,216.46,144.39,118.88,1,-1,-1,-1
88,4,740.11,295.63,88.28,74.76,1,-1,-1,-1
88,5,692.83,353.63,117.79,89.23,1,-1,-1,-1
88,6,745.14,404.69,72.25,67.04,1,-1,-1,-1
89,1,725.09,334.45,130.61,101.88,1,-1,-1,-1
89,2,330.39,391.08,138.89,105.84,1,-1,-1,-1
89,3,443.11,217.11,143.95,118.89,1,-1,-1,-1
89,4,740.56,295.72,89.03,75.29,1,-1,-1,-1
89,5,691.87,353.25,115.08,83.65,1,-1,-1,-1
89,6,744.89,404.21,71.01,66.59,1,-1,-1,-1
90,1,725.91,333.67,129.90,101.66,1,-1,-1,-1
90,2,330.37,391.09,138.93,105.89,1,-1,-1,-1
90,3,445.85,217.77,143.50,118.90,1,-1,-1,-1
90,4,740.94,295.79,89.78,75.83,1,-1,-1,-1
90,5,690.86,352.91,112.36,78.07,1,-1,-1,-1
90,6,744.72,403.81,69.78,66.15,1,-1,-1,-1
91,1,726.73,332.90,129.20,101.44,1,-1,-1,-1
91,2,330.33,391.11,138.98,105.94,1,-1,-1,-1
91,3,448.59,218.44,143.05,118.91,1,-1,-1,-1
91,4,741.22,295.84,90.53,76.37,1,-1,-1,-1
91,5,691.78,350.05,111.88,80.98,1,-1,-1,-1
91,6,744.64,403.48,68.55,65.70,1,-1,-1,-1
92,1,727.55,332.13,128.49,101.22,1,-1,-1,-1
92,2,330.30,391.13,139.02,106.00,1,-1,-1,-1
92,3,452.10,218.40,144.02,119.27,1,-1,-1,-1
92,4,741.41,295.88,91.27,76.90,1,-1,-1,-1
92,5,694.45,348.18,111.40,83.88,1,-1,-1,-1
92,6,744.62,403.19,67.32,65.25,1,-1,-1,-1
93,1,728.37,331.36,127.78,101.00,1,-1,-1,-1
93,2,330.26,391.16,139.07,106.05,1,-1,-1,-1
93,3,456.47,218.06,144.99,119.63,1,-1,-1,-1
93,4,741.52,295.90,92.02,77.44,1,-1,-1,-1
93,5,697.95,346.78,110.93,86.79,1,-1,-1,-1
93,6,744.63,402.92,66.08,64.80,1,-1,-1,-1
94,1,729.18,330.58,127.08,100.77,1,-1,-1,-1
94,2,330.39,391.14,138.88,106.10,1,-1,-1,-1
94,3,461.26,217.57,145.96,119.99,1,-1,-1,-1
94,4,741.59,295.91,92.77,77.98,1,-1,-1,-1
94,5,701.72,345.53,110.45,89.70,1,-1,-1,-1
94,6,744.86,403.62,65.83,63.37,1,-1,-1,-1
95,1,730.00,329.81,126.37,100.55,1,-1,-1,-1
95,2,330.55,391.09,138.68,106.15,1,-1,-1,-1
95,3,466.20,217.04,146.93,120.36,1,-1,-1,-1
95,4,741.63,295.92,93.52,78.51,1,-1,-1,-1
95,5,705.49,344.28,109.97,92.61,1,-1,-1,-1
95,6,745.50,404.61,65.59,61.94,1,-1,-1,-1
96,1,730.82,329.04,125.66,100.33,1,-1,-1,-1
96,2,330.72,391.02,138.49,106.20,1,-1,-1,-1
96,3,471.15,216.51,147.90,120.72,1,-1,-1,-1
96,4,741.66,295.93,94.27,79.05,1,-1,-1,-1
96,5,709.12,342.96,109.49,95.52,1,-1,-1,-1
96,6,746.33,405.71,65.34,60.51,1,-1,-1,-1
97,1,731.64,328.27,124.96,100.11,1,-1,-1,-1
97,2,330.90,390.94,138.30,106.25,1,-1,-1,-1
97,3,476.30,216.16,147.27,120.22,1,-1,-1,-1
97,4,741.68,295.93,95.02,79.59,1,-1,-1,-1
97,5,712.59,341.55,109.02,98.42,1,-1,-1,-1
97,6,747.22,406.86,65.09,59.08,1,-1,-1,-1
98,1,732.46,327.49,124.25,99.89,1,-1,-1,-1
98,2,331.08,390.86,138.10,106.31,1,-1,-1,-1
98,3,481.06,215.68,146.65,119.72,1,-1,-1,-1
98,4,741.71,295.94,95.77,80.12,1,-1,-1,-1
98,5,715.93,340.06,108.54,101.33,1,-1,-1,-1
98,6,748.11,408.01,64.84,57.64,1,-1,-1,-1
99,1,733.28,326.72,123.55,99.67,1,-1,-1,-1
99,2,330.99,390.80,138.30,106.34,1,-1,-1,-1
99,3,485.61,215.14,146.02,119.22,1,-1,-1,-1
99,4,741.73,295.95,96.52,80.66,1,-1,-1,-1
99,5,719.17,338.53,108.06,104.24,1,-1,-1,-1
99,6,748.84,407.79,64.39,57.58,1,-1,-1,-1
100,1,734.10,325.95,122.84,99.45,1,-1,-1,-1
100,2,330.84,390.75,138.50,106.38,1,-1,-1,-1
100,3,490.06,214.59,145.39,118.73,1,-1,-1,-1
100,4,741.76,295.96,97.27,81.20,1,-1,-1,-1
100,5,722.34,336.95,107.58,107.15,1,-1,-1,-1
100,6,749.39,407.18,63.95,57.51,1,-1,-1,-1
101,1,734.92,325.18,122.13,99.23,1,-1,-1,-1
101,2,330.67,390.71,138.70,106.41,1,-1,-1,-1
101,3,494.47,214.06,144.77,118.23,1,-1,-1,-1
101,4,741.79,295.97,98.02,81.73,1,-1,-1,-1
101,5,725.48,335.36,107.11,110.06,1,-1,-1,-1
101,6,749.86,406.37,63.50,57.44,1,-1,-1,-1
102,1,735.74,324.40,121.43,99.01,1,-1,-1,-1
102,2,330.50,390.66,138.89,106.45,1,-1,-1,-1
102,3,498.61,213.04,144.29,117.95,1,-1,-1,-1
102,4,741.82,295.98,98.77,82.27,1,-1,-1,-1
102,5,728.61,333.76,106.63,112.96,1,-1,-1,-1
102,6,750.27,405.48,63.06,57.37,1,-1,-1,-1
103,1,736.56,323.63,120.72,98.78,1,-1,-1,-1
103,2,330.31,390.62,139.09,106.49,1,-1,-1,-1
103,3,502.66,211.82,143.82,117.67,1,-1,-1,-1
103,4,741.85,295.99,99.52,82.81,1,-1,-1,-1
103,5,731.74,332.15,106.15,115.87,1,-1,-1,-1
103,6,750.68,404.59,62.61,57.30,1,-1,-1,-1
104,1,737.38,322.86,120.01,98.56,1,-1,-1,-1
104,2,330.05,390.60,139.36,106.50,1,-1,-1,-1
104,3,506.67,210.50,143.34,117.40,1,-1,-1,-1
104,4,741.88,296.00,100.27,83.34,1,-1,-1,-1
104,5,734.86,330.54,105.67,118.78,1,-1,-1,-1
104,6,751.09,403.72,62.17,57.23,1,-1,-1,-1
105,1,738.20,322.09,119.31,98.34,1,-1,-1,-1
105,2,329.77,390.58,139.63,106.52,1,-1,-1,-1
105,3,510.67,209.16,142.87,117.12,1,-1,-1,-1
105,4,741.91,296.01,101.02,83.88,1,-1,-1,-1
105,5,737.99,328.94,105.20,121.69,1,-1,-1,-1
105,6,751.50,402.88,61.72,57.16,1,-1,-1,-1
106,1,739.02,321.32,118.60,98.12,1,-1,-1,-1
106,2,329.48,390.56,139.91,106.53,1,-1,-1,-1
106,3,514.69,207.83,142.39,116.84,1,-1,-1,-1
106,4,741.95,296.02,101.77,84.42,1,-1,-1,-1
106,5,741.12,327.34,104.72,124.60,1,-1,-1,-1
106,6,751.93,402.07,61.27,57.09,1,-1,-1,-1
107,1,739.84,320.54,117.90,97.90,1,-1,-1,-1
107,2,329.20,390.53,140.18,106.55,1,-1,-1,-1
107,3,518.92,206.84,141.75,116.57,1,-1,-1,-1
107,4,741.98,296.03,102.52,84.95,1,-1,-1,-1
107,5,744.25,325.74,104.24,127.50,1,-1,-1,-1
107,6,752.35,401.28,60.83,57.02,1,-1,-1,-1
108,1,740.66,319.77,117.19,97.68,1,-1,-1,-1
108,2,328.91,390.51,140.45,106.57,1,-1,-1,-1
108,3,523.21,206.06,141.10,116.29,1,-1,-1,-1
108,4,742.01,296.04,103.27,85.49,1,-1,-1,-1
108,5,747.39,324.15,103.76,130.41,1,-1,-1,-1
108,6,752.80,400.50,60.38,56.96,1,-1,-1,-1
109,1,741.48,319.00,116.48,97.46,1,-1,-1,-1
109,2,328.87,390.58,140.31,106.33,1,-1,-1,-1
109,3,527.55,205.39,140.45,116.01,1,-1,-1,-1
109,4,742.04,296.05,104.02,86.03,1,-1,-1,-1
109,5,750.53,322.55,103.29,133.32,1,-1,-1,-1
109,6,752.53,399.66,61.24,57.72,1,-1,-1,-1
109,7,897.68,427.39,67.72,46.73,1,-1,-1,-1
110,1,742.30,318.23,115.78,97.24,1,-1,-1,-1
110,2,328.87,390.63,140.18,106.09,1,-1,-1,-1
110,3,531.91,204.76,139.80,115.73,1,-1,-1,-1
110,4,742.08,296.06,104.77,86.56,1,-1,-1,-1
110,5,751.54,322.82,104.83,133.19,1,-1,-1,-1
110,6,752.23,399.01,62.09,58.49,1,-1,-1,-1
110,7,895.65,425.88,67.87,49.29,1,-1,-1,-1
111,1,743.12,317.45,115.07,97.02,1,-1,-1,-1
111,2,328.88,390.67,140.05,105.85,1,-1,-1,-1
111,3,536.27,204.13,139.15,115.46,1,-1,-1,-1
111,4,742.11,296.07,105.52,87.10,1,-1,-1,-1
111,5,751.90,323.29,106.37,133.07,1,-1,-1,-1
111,6,751.92,398.46,62.95,59.25,1,-1,-1,-1
111,7,890.64,424.02,68.03,51.85,1,-1,-1,-1
112,1,743.94,316.68,114.36,96.80,1,-1,-1,-1
112,2,328.90,390.71,139.91,105.61,1,-1,-1,-1
112,3,540.29,203.53,138.92,114.83,1,-1,-1,-1
112,4,742.14,296.08,106.27,87.64,1,-1,-1,-1
112,5,751.95,323.85,107.92,132.94,1,-1,-1,-1
112,6,751.60,397.94,63.81,60.02,1,-1,-1,-1
112,7,883.78,421.94,68.18,54.41,1,-1,-1,-1
113,1,744.76,315.91,113.66,96.57,1,-1,-1,-1
113,2,328.92,390.74,139.78,105.37,1,-1,-1,-1
113,3,544.25,202.81,138.68,114.20,1,-1,-1,-1
113,4,742.17,296.09,107.01,88.17,1,-1,-1,-1
113,5,751.91,324.45,109.46,132.81,1,-1,-1,-1
113,6,751.28,397.42,64.66,60.78,1,-1,-1,-1
113,7,877.07,419.87,68.34,56.97,1,-1,-1,-1
114,1,745.58,315.14,112.95,96.35,1,-1,-1,-1
114,2,328.39,390.30,140.49,105.86,1,-1,-1,-1
114,3,548.17,202.04,138.45,113.57,1,-1,-1,-1
114,4,742.21,296.10,107.76,88.71,1,-1,-1,-1
114,5,751.87,325.04,111.01,132.69,1,-1,-1,-1
114,6,750.97,396.89,65.52,61.55,1,-1,-1,-1
114,7,872.93,419.55,67.76,56.63,1,-1,-1,-1
115,1,746.40,314.36,112.25,96.13,1,-1,-1,-1
115,2,327.79,389.80,141.19,106.34,1,-1,-1,-1
115,3,552.07,201.25,138.22,112.94,1,-1,-1,-1
115,4,742.24,296.11,108.51,89.25,1,-1,-1,-1
115,5,751.88,325.63,112.55,132.56,1,-1,-1,-1
115,6,750.66,396.34,66.37,62.31,1,-1,-1,-1
115,7,870.27,419.42,67.19,56.29,1,-1,-1,-1
116,1,747.22,313.59,111.54,95.91,1,-1,-1,-1
116,2,327.15,389.26,141.90,106.83,1,-1,-1,-1
116,3,555.98,200.45,137.98,112.31,1,-1,-1,-1
116,4,742.27,296.12,109.26,89.78,1,-1,-1,-1
116,5,751.94,326.19,114.10,132.43,1,-1,-1,-1
116,6,750.35,395.76,67.23,63.08,1,-1,-1,-1
116,7,868.44,419.39,66.61,55.96,1,-1,-1,-1
117,1,748.04,312.82,110.83,95.69,1,-1,-1,-1
117,2,326.50,388.71,142.61,107.32,1,-1,-1,-1
117,3,559.81,199.90,137.68,111.58,1,-1,-1,-1
117,4,742.30,296.13,110.01,90.32,1,-1,-1,-1
117,5,752.06,326.74,115.64,132.31,1,-1,-1,-1
117,6,750.04,395.18,68.09,63.84,1,-1,-1,-1
117,7,866.99,419.41,66.04,55.62,1,-1,-1,-1
118,1,748.86,312.05,110.13,95.47,1,-1,-1,-1
118,2,325.85,388.17,143.31,107.80,1,-1,-1,-1
118,3,563.59,199.47,137.38,110.85,1,-1,-1,-1
118,4,742.34,296.14,110.76,90.86,1,-1,-1,-1
118,5,752.21,327.27,117.19,132.18,1,-1,-1,-1
118,6,749.73,394.59,68.94,64.61,1,-1,-1,-1
118,7,865.64,419.45,65.46,55.28,1,-1,-1,-1
119,1,749.67,311.27,109.42,95.25,1,-1,-1,-1
119,2,326.21,388.38,142.62,107.40,1,-1,-1,-1
119,3,567.34,199.09,137.08,110.13,1,-1,-1,-1
119,4,742.37,296.15,111.51,91.39,1,-1,-1,-1
119,5,752.38,327.81,118.73,132.05,1,-1,-1,-1
119,6,749.43,394.00,69.80,65.38,1,-1,-1,-1
119,7,865.75,420.52,64.87,53.66,1,-1,-1,-1
120,1,750.49,310.50,108.71,95.03,1,-1,-1,-1
120,2,326.74,388.77,141.92,106.99,1,-1,-1,-1
120,3,571.09,198.74,136.78,109.40,1,-1,-1,-1
120,4,742.40,296.16,112.26,91.93,1,-1,-1,-1
120,5,752.57,328.33,120.28,131.93,1,-1,-1,-1
120,6,749.12,393.41,70.65,66.14,1,-1,-1,-1
120,7,866.62,421.81,64.28,52.04,1,-1,-1,-1
121,1,751.31,309.73,108.01,94.81,1,-1,-1,-1
121,2,327.37,389.25,141.22,106.59,1,-1,-1,-1
121,3,574.84,198.39,136.48,108.67,1,-1,-1,-1
121,4,742.43,296.17,113.01,92.47,1,-1,-1,-1
121,5,752.76,328.85,121.82,131.80,1,-1,-1,-1
121,6,748.81,392.81,71.51,66.91,1,-1,-1,-1
121,7,867.81,423.21,63.69,50.43,1,-1,-1,-1
122,1,752.13,308.96,107.30,94.58,1,-1,-1,-1
122,2,328.02,389.77,140.53,106.18,1,-1,-1,-1
122,3,578.36,198.12,135.56,108.75,1,-1,-1,-1
122,4,742.46,296.18,113.76,93.00,1,-1,-1,-1
122,5,752.95,329.38,123.37,131.67,1,-1,-1,-1
122,6,748.51,392.22,72.36,67.67,1,-1,-1,-1
122,7,869.08,424.63,63.09,48.81,1,-1,-1,-1
123,1,752.95,308.18,106.60,94.36,1,-1,-1,-1
123,2,328.68,390.28,139.83,105.78,1,-1,-1,-1
123,3,581.59,198.13,134.64,108.82,1,-1,-1,-1
123,4,742.50,296.19,114.51,93.54,1,-1,-1,-1
123,5,753.15,329.90,124.91,131.55,1,-1,-1,-1
123,6,748.20,391.63,73.22,68.44,1,-1,-1,-1
123,7,870.28,426.05,62.50,47.19,1,-1,-1,-1
124,1,753.77,307.41,105.89,94.14,1,-1,-1,-1
124,2,327.99,390.24,140.88,106.15,1,-1,-1,-1
124,3,584.67,198.25,133.72,108.90,1,-1,-1,-1
124,4,742.53,296.20,115.26,94.08,1,-1,-1,-1
124,5,753.34,330.42,126.45,131.42,1,-1,-1,-1
124,6,747.89,391.04,74.08,69.20,1,-1,-1,-1
124,7,870.74,426.19,62.67,47.30,1,-1,-1,-1
125,1,754.59,306.64,105.18,93.92,1,-1,-1,-1
125,2,327.03,390.10,141.93,106.52,1,-1,-1,-1
125,3,587.70,198.42,132.80,108.97,1,-1,-1,-1
125,4,742.56,296.21,116.01,94.61,1,-1,-1,-1
125,5,753.53,330.95,128.00,131.29,1,-1,-1,-1
125,6,747.59,390.44,74.93,69.97,1,-1,-1,-1
125,7,870.96,426.10,62.83,47.40,1,-1,-1,-1
126,1,755.41,305.87,104.48,93.70,1,-1,-1,-1
126,2,325.94,389.90,142.97,106.89,1,-1,-1,-1
126,3,590.74,198.59,131.88,109.04,1,-1,-1,-1
126,4,742.59,296.22,116.76,95.15,1,-1,-1,-1
126,5,753.72,331.47,129.54,131.17,1,-1,-1,-1
126,6,747.28,389.85,75.79,70.73,1,-1,-1,-1
126,7,871.04,425.88,63.00,47.51,1,-1,-1,-1
127,1,756.23,305.09,103.77,93.48,1,-1,-1,-1
127,2,324.79,389.67,144.02,107.26,1,-1,-1,-1
127,3,592.29,199.57,131.91,108.47,1,-1,-1,-1
127,4,742.63,296.23,117.51,95.69,1,-1,-1,-1
127,5,753.90,332.00,131.09,131.04,1,-1,-1,-1
127,6,746.97,389.26,76.64,71.50,1,-1,-1,-1
127,7,871.04,425.62,63.17,47.61,1,-1,-1,-1
128,1,757.05,304.32,103.06,93.26,1,-1,-1,-1
128,2,323.64,389.44,145.07,107.63,1,-1,-1,-1
128,3,593.26,200.83,131.95,107.90,1,-1,-1,-1
128,4,742.66,296.24,118.26,96.22,1,-1,-1,-1
128,5,754.09,332.52,132.63,130.91,1,-1,-1,-1
128,6,746.67,388.67,77.50,72.27,1,-1,-1,-1
128,7,871.01,425.35,63.34,47.71,1,-1,-1,-1
129,1,757.87,303.55,102.36,93.04,1,-1,-1,-1
129,2,322.48,389.26,146.19,107.79,1,-1,-1,-1
129,3,593.98,202.21,131.98,107.33,1,-1,-1,-1
129,4,742.69,296.25,119.01,96.76,1,-1,-1,-1
129,5,754.28,333.05,134.18,130.79,1,-1,-1,-1
129,6,746.36,388.08,78.36,73.03,1,-1,-1,-1
129,7,868.67,423.63,64.52,49.91,1,-1,-1,-1
130,1,758.69,302.78,101.65,92.82,1,-1,-1,-1
130,2,321.35,389.05,147.31,107.96,1,-1,-1,-1
130,3,594.61,203.62,132.02,106.76,1,-1,-1,-1
130,4,742.72,296.26,119.76,97.30,1,-1,-1,-1
130,5,754.47,333.57,135.72,130.66,1,-1,-1,-1
130,6,746.05,387.48,79.21,73.80,1,-1,-1,-1
130,7,865.30,421.68,65.70,52.11,1,-1,-1,-1
131,1,759.51,302.00,100.95,92.60,1,-1,-1,-1
131,2,320.24,388.83,148.43,108.12,1,-1,-1,-1
131,3,595.27,205.02,132.05,106.19,1,-1,-1,-1
131,4,742.76,296.27,120.51,97.83,1,-1,-1,-1
131,5,754.65,334.10,137.27,130.53,1,-1,-1,-1
131,6,745.75,386.89,80.07,74.56,1,-1,-1,-1
131,7,861.45,419.65,66.88,54.31,1,-1,-1,-1
132,1,760.33,301.23,100.24,92.37,1,-1,-1,-1
132,2,319.15,388.61,149.55,108.29,1,-1,-1,-1
132,3,595.55,205.38,132.22,107.43,1,-1,-1,-1
132,4,742.79,296.28,121.26,98.37,1,-1,-1,-1
132,5,754.84,334.62,138.81,130.41,1,-1,-1,-1
132,6,745.44,386.30,80.92,75.33,1,-1,-1,-1
132,7,857.44,417.58,68.06,56.51,1,-1,-1,-1
133,1,761.15,300.46,99.53,92.15,1,-1,-1,-1
133,2,318.08,388.39,150.67,108.45,1,-1,-1,-1
133,3,595.68,205.66,132.40,108.67,1,-1,-1,-1
133,4,742.82,296.29,122.01,98.91,1,-1,-1,-1
133,5,755.03,335.15,140.36,130.28,1,-1,-1,-1
133,6,745.14,385.71,81.78,76.09,1,-1,-1,-1
133,7,853.44,415.53,69.24,58.71,1,-1,-1,-1
134,1,761.97,299.69,98.83,91.93,1,-1,-1,-1
134,2,317.94,388.35,150.55,108.42,1,-1,-1,-1
134,3,595.77,205.88,132.57,109.90,1,-1,-1,-1
134,4,742.85,296.30,122.75,99.44,1,-1,-1,-1
134,5,755.21,335.67,141.90,130.15,1,-1,-1,-1
134,6,744.83,385.12,82.64,76.86,1,-1,-1,-1
134,7,849.53,413.50,70.42,60.91,1,-1,-1,-1
135,1,762.79,298.91,98.12,91.71,1,-1,-1,-1
135,2,318.00,388.35,150.42,108.38,1,-1,-1,-1
135,3,595.84,206.08,132.74,111.14,1,-1,-1,-1
135,4,742.88,296.31,123.50,99.98,1,-1,-1,-1
135,5,755.40,336.20,143.44,130.03,1,-1,-1,-1
135,6,744.52,384.52,83.49,77.62,1,-1,-1,-1
135,7,848.16,413.16,70.35,60.72,1,-1,-1,-1
136,1,763.61,298.14,97.41,91.49,1,-1,-1,-1
136,2,318.14,388.37,150.30,108.35,1,-1,-1,-1
136,3,595.95,206.26,132.92,112.37,1,-1,-1,-1
136,4,742.92,296.32,124.25,100.52,1,-1,-1,-1
136,5,755.59,336.72,144.99,129.90,1,-1,-1,-1
136,6,744.22,383.93,84.35,78.39,1,-1,-1,-1
136,7,847.90,413.10,70.28,60.53,1,-1,-1,-1
137,1,764.43,297.37,96.71,91.27,1,-1,-1,-1
137,2,318.31,388.40,150.18,108.31,1,-1,-1,-1
137,3,596.88,206.75,131.69,112.14,1,-1,-1,-1
137,4,742.95,296.33,125.00,101.05,1,-1,-1,-1
137,5,755.78,337.25,146.53,129.77,1,-1,-1,-1
137,6,743.91,383.34,85.20,79.16,1,-1,-1,-1
137,7,848.20,413.18,70.21,60.34,1,-1,-1,-1
138,1,765.25,296.60,96.00,91.05,1,-1,-1,-1
138,2,318.47,388.43,150.06,108.28,1,-1,-1,-1
138,3,597.89,206.99,130.46,111.91,1,-1,-1,-1
138,4,742.98,296.34,125.75,101.59,1,-1,-1,-1
138,5,755.96,337.77,148.08,129.65,1,-1,-1,-1
138,6,743.60,382.75,86.06,79.92,1,-1,-1,-1
138,7,848.69,413.32,70.14,60.15,1,-1,-1,-1
139,1,766.07,295.82,95.30,90.83,1,-1,-1,-1
139,2,318.62,388.46,149.94,108.24,1,-1,-1,-1
139,3,598.94,207.12,129.23,111.68,1,-1,-1,-1
139,4,743.01,296.35,126.50,102.13,1,-1,-1,-1
139,5,756.15,338.30,149.62,129.52,1,-1,-1,-1
139,6,743.30,382.16,86.92,80.69,1,-1,-1,-1
139,7,849.21,413.45,70.07,59.97,1,-1,-1,-1
140,1,766.89,295.05,94.59,90.61,1,-1,-1,-1
140,2,318.76,388.48,149.82,108.21,1,-1,-1,-1
140,3,600.01,207.21,128.00,111.45,1,-1,-1,-1
140,4,743.05,296.36,127.25,102.66,1,-1,-1,-1
140,5,756.34,338.82,151.17,129.39,1,-1,-1,-1
140,6,742.99,381.56,87.77,81.45,1,-1,-1,-1
140,7,849.65,413.57,70.00,59.78,1,-1,-1,-1
141,1,767.71,294.28,93.88,90.38,1,-1,-1,-1
141,2,318.01,388.18,150.82,108.66,1,-1,-1,-1
141,3,601.09,207.31,126.77,111.21,1,-1,-1,-1
141,4,743.08,296.37,128.00,103.20,1,-1,-1,-1
141,5,756.53,339.35,152.71,129.27,1,-1,-1,-1
141,6,742.68,380.97,88.63,82.22,1,-1,-1,-1
141,7,850.00,413.66,69.93,59.59,1,-1,-1,-1
142,1,768.53,293.51,93.18,90.16,1,-1,-1,-1
142,2,317.08,387.82,151.83,109.11,1,-1,-1,-1
142,3,602.65,207.28,125.50,110.71,1,-1,-1,-1
142,4,743.11,296.38,128.75,103.74,1,-1,-1,-1
142,5,756.71,339.87,154.26,129.14,1,-1,-1,-1
142,6,742.38,380.38,89.48,82.98,1,-1,-1,-1
142,7,850.27,413.74,69.86,59.40,1,-1,-1,-1
143,1,769.35,292.73,92.47,89.94,1,-1,-1,-1
143,2,316.05,387.43,152.83,109.56,1,-1,-1,-1
143,3,604.48,207.14,124.22,110.20,1,-1,-1,-1
143,4,743.14,296.39,129.50,104.27,1,-1,-1,-1
143,5,756.90,340.40,155.80,129.01,1,-1,-1,-1
143,6,742.07,379.79,90.34,83.75,1,-1,-1,-1
143,7,850.48,413.79,69.79,59.21,1,-1,-1,-1
144,1,770.17,291.96,91.76,89.72,1,-1,-1,-1
144,2,314.99,387.03,153.84,110.02,1,-1,-1,-1
144,3,606.43,206.93,122.95,109.70,1,-1,-1,-1
144,4,743.18,296.40,130.25,104.81,1,-1,-1,-1
144,5,757.09,340.92,157.35,128.88,1,-1,-1,-1
144,6,741.76,379.20,91.19,84.51,1,-1,-1,-1
144,7,850.65,413.84,69.72,59.02,1,-1,-1,-1
145,1,770.98,291.19,91.06,89.50,1,-1,-1,-1
145,2,313.93,386.63,154.85,110.47,1,-1,-1,-1
145,3,608.41,206.71,121.68,109.19,1,-1,-1,-1
145,4,743.21,296.41,131.00,105.35,1,-1,-1,-1
145,5,757.28,341.45,158.89,128.76,1,-1,-1,-1
145,6,741.46,378.60,92.05,85.28,1,-1,-1,-1
145,7,850.80,413.89,69.65,58.83,1,-1,-1,-1
146,1,771.74,291.16,89.86,87.67,1,-1,-1,-1
146,2,314.18,386.76,154.24,110.27,1,-1,-1,-1
146,3,610.39,206.51,120.40,108.69,1,-1,-1,-1
146,4,743.24,296.42,131.75,105.88,1,-1,-1,-1
146,5,757.46,341.97,160.44,128.63,1,-1,-1,-1
146,6,741.15,378.01,92.91,86.04,1,-1,-1,-1
146,7,850.94,413.93,69.58,58.64,1,-1,-1,-1
147,1,772.31,291.08,88.67,85.85,1,-1,-1,-1
147,2,314.72,387.00,153.63,110.08,1,-1,-1,-1
147,3,612.61,206.03,119.77,108.56,1,-1,-1,-1
147,4,743.27,296.43,132.50,106.42,1,-1,-1,-1
147,5,757.65,342.50,161.98,128.50,1,-1,-1,-1
147,6,740.84,377.42,93.76,86.81,1,-1,-1,-1
147,7,851.08,413.97,69.51,58.45,1,-1,-1,-1
148,1,772.80,290.99,87.47,84.02,1,-1,-1,-1
148,2,315.41,387.30,153.02,109.89,1,-1,-1,-1
148,3,615.13,205.52,119.13,108.43,1,-1,-1,-1
148,4,743.31,296.44,133.25,106.96,1,-1,-1,-1
148,5,757.84,343.02,163.52,128.38,1,-1,-1,-1
148,6,740.54,376.83,94.62,87.58,1,-1,-1,-1
148,7,851.22,414.00,69.44,58.26,1,-1,-1,-1
149,1,773.26,290.90,86.28,82.19,1,-1,-1,-1
149,2,316.16,387.62,152.41,109.70,1,-1,-1,-1
149,3,617.80,204.99,118.50,108.30,1,-1,-1,-1
149,4,743.34,296.45,134.00,107.49,1,-1,-1,-1
149,5,758.03,343.55,165.07,128.25,1,-1,-1,-1
149,6,740.23,376.24,95.47,88.34,1,-1,-1,-1
149,7,851.36,414.04,69.36,58.07,1,-1,-1,-1
150,1,773.73,290.80,85.08,80.37,1,-1,-1,-1
150,2,316.91,387.94,151.80,109.50,1,-1,-1,-1
150,3,620.51,204.46,117.86,108.17,1,-1,-1,-1
150,4,743.37,296.46,134.75,108.03,1,-1,-1,-1
150,5,758.21,344.07,166.61,128.12,1,-1,-1,-1
150,6,739.93,375.64,96.33,89.11,1,-1,-1,-1
150,7,851.50,414.08,69.29,57.88,1,-1,-1,-1
151,1,772.41,288.95,87.66,85.03,1,-1,-1,-1
151,2,317.23,388.08,151.63,109.38,1,-1,-1,-1
151,3,623.20,203.94,117.23,108.05,1,-1,-1,-1
151,4,743.40,296.47,135.50,108.57,1,-1,-1,-1
151,5,758.40,344.60,168.16,128.00,1,-1,-1,-1
151,6,739.62,375.05,97.19,89.87,1,-1,-1,-1
151,7,851.64,414.12,69.22,57.69,1,-1,-1,-1
152,1,771.15,287.95,90.25,89.70,1,-1,-1,-1
152,2,317.43,388.15,151.46,109.25,1,-1,-1,-1
152,3,626.48,203.64,117.44,106.88,1,-1,-1,-1
152,4,743.43,296.48,136.25,109.10,1,-1,-1,-1
152,5,758.59,345.12,169.70,127.87,1,-1,-1,-1
152,6,739.31,374.46,98.04,90.64,1,-1,-1,-1
152,7,851.78,414.16,69.15,57.50,1,-1,-1,-1
153,1,769.95,287.36,92.83,94.37,1,-1,-1,-1
153,2,317.54,388.16,151.29,109.13,1,-1,-1,-1
153,3,630.31,203.18,117.65,105.71,1,-1,-1,-1
153,4,743.47,296.49,137.00,109.64,1,-1,-1,-1
153,5,759.14,345.72,168.94,127.36,1,-1,-1,-1
153,6,739.01,373.87,98.90,91.40,1,-1,-1,-1
153,7,851.93,414.20,69.08,57.31,1,-1,-1,-1
154,1,768.76,286.92,95.41,99.03,1,-1,-1,-1
154,2,317.63,388.17,151.12,109.00,1,-1,-1,-1
154,3,634.41,202.65,117.86,104.54,1,-1,-1,-1
154,4,743.50,296.50,137.75,110.18,1,-1,-1,-1
154,5,759.26,346.26,168.17,126.85,1,-1,-1,-1
154,6,738.70,373.28,99.75,92.17,1,-1,-1,-1
154,7,852.07,414.24,69.01,57.12,1,-1,-1,-1
155,1,767.58,286.46,97.99,103.70,1,-1,-1,-1
155,2,317.70,388.16,150.95,108.87,1,-1,-1,-1
155,3,638.58,202.09,118.06,103.37,1,-1,-1,-1
155,4,743.53,296.51,138.50,110.71,1,-1,-1,-1
155,5,759.15,346.75,167.40,126.34,1,-1,-1,-1
155,6,738.39,372.68,100.61,92.93,1,-1,-1,-1
155,7,852.22,414.28,68.94,56.93,1,-1,-1,-1
156,1,766.40,285.95,100.57,108.36,1,-1,-1,-1
156,2,317.36,388.09,151.39,108.93,1,-1,-1,-1
156,3,642.73,201.53,118.27,102.20,1,-1,-1,-1
156,4,743.56,296.52,139.24,111.25,1,-1,-1,-1
156,5,758.98,347.24,166.63,125.82,1,-1,-1,-1
156,6,738.09,372.09,101.47,93.70,1,-1,-1,-1
156,7,852.36,414.33,68.87,56.74,1,-1,-1,-1
157,1,767.22,287.07,99.87,107.58,1,-1,-1,-1
157,2,316.94,388.04,151.83,108.99,1,-1,-1,-1
157,3,647.28,200.34,117.83,102.98,1,-1,-1,-1
157,4,743.60,296.53,139.99,111.79,1,-1,-1,-1
157,5,758.80,347.72,165.87,125.31,1,-1,-1,-1
157,6,737.78,371.50,102.32,94.47,1,-1,-1,-1
157,7,852.51,414.37,68.80,56.55,1,-1,-1,-1
158,1,768.27,287.56,99.18,106.79,1,-1,-1,-1
158,2,316.51,388.01,152.28,109.05,1,-1,-1,-1
158,3,651.83,199.35,117.39,103.76,1,-1,-1,-1
158,4,743.63,296.54,140.74,112.32,1,-1,-1,-1
158,5,758.67,348.21,165.10,124.80,1,-1,-1,-1
158,6,737.47,370.91,103.18,95.23,1,-1,-1,-1
158,7,852.65,414.41,68.73,56.36,1,-1,-1,-1
159,1,769.41,287.73,98.48,106.00,1,-1,-1,-1
159,2,316.07,387.98,152.72,109.11,1,-1,-1,-1
159,3,656.37,198.46,116.94,104.54,1,-1,-1,-1
159,4,743.66,296.55,141.49,112.86,1,-1,-1,-1
159,5,758.57,348.72,164.33,124.29,1,-1,-1,-1
159,6,737.17,370.32,104.03,96.00,1,-1,-1,-1
159,7,852.80,414.45,68.66,56.17,1,-1,-1,-1
160,1,770.59,287.77,97.79,105.22,1,-1,-1,-1
160,2,315.63,387.95,153.17,109.16,1,-1,-1,-1
160,3,660.89,197.61,116.50,105.32,1,-1,-1,-1
160,4,743.69,296.56,142.24,113.40,1,-1,-1,-1
160,5,758.50,349.22,163.56,123.78,1,-1,-1,-1
160,6,736.86,369.72,104.89,96.76,1,-1,-1,-1
160,7,852.94,414.49,68.59,55.98,1,-1,-1,-1
161,1,771.77,287.80,97.09,104.43,1,-1,-1,-1
161,2,316.13,388.08,152.39,109.01,1,-1,-1,-1
161,3,665.38,196.77,116.06,106.10,1,-1,-1,-1
161,4,743.73,296.57,142.99,113.93,1,-1,-1,-1
161,5,758.46,349.73,162.80,123.27,1,-1,-1,-1
161,6,736.55,369.13,105.75,97.53,1,-1,-1,-1
161,7,853.09,414.53,68.52,55.79,1,-1,-1,-1
162,1,772.93,287.87,96.39,103.64,1,-1,-1,-1
162,2,316.81,388.23,151.61,108.86,1,-1,-1,-1
162,3,669.24,196.27,118.89,106.63,1,-1,-1,-1
162,4,743.76,296.58,143.74,114.47,1,-1,-1,-1
162,5,758.44,350.24,162.03,122.76,1,-1,-1,-1
162,6,736.25,368.54,106.60,98.29,1,-1,-1,-1
162,7,853.23,414.57,68.45,55.60,1,-1,-1,-1
163,1,774.06,287.98,95.70,102.86,1,-1,-1,-1
163,2,317.59,388.38,150.83,108.71,1,-1,-1,-1
163,3,673.68,195.87,121.71,107.15,1,-1,-1,-1
163,4,743.79,296.59,144.49,115.01,1,-1,-1,-1
163,5,758.43,350.75,161.26,122.24,1,-1,-1,-1
163,6,735.94,367.95,107.46,99.06,1,-1,-1,-1
163,7,853.38,414.61,68.38,55.41,1,-1,-1,-1
164,1,775.18,288.15,95.00,102.07,1,-1,-1,-1
164,2,318.40,388.55,150.05,108.56,1,-1,-1,-1
164,3,678.39,195.51,124.54,107.68,1,-1,-1,-1
164,4,743.82,296.60,145.24,115.54,1,-1,-1,-1
164,5,758.42,351.27,160.49,121.73,1,-1,-1,-1
164,6,735.63,367.36,108.31,99.82,1,-1,-1,-1
164,7,853.52,414.65,68.31,55.22,1,-1,-1,-1
165,1,776.29,288.34,94.30,101.28,1,-1,-1,-1
165,2,319.21,388.71,149.27,108.41,1,-1,-1,-1
165,3,683.19,195.16,127.37,108.20,1,-1,-1,-1
165,4,743.86,296.61,145.99,116.08,1,-1,-1,-1
165,5,758.41,351.78,159.73,121.22,1,-1,-1,-1
165,6,735.33,366.76,109.17,100.59,1,-1,-1,-1
165,7,853.67,414.69,68.24,55.03,1,-1,-1,-1
166,1,777.39,288.55,93.61,100.50,1,-1,-1,-1
166,2,320.24,388.93,148.29,108.17,1,-1,-1,-1
166,3,687.99,194.81,130.20,108.73,1,-1,-1,-1
166,4,743.89,296.62,146.74,116.62,1,-1,-1,-1
166,5,758.40,352.29,158.96,120.71,1,-1,-1,-1
166,6,735.02,366.17,110.02,101.35,1,-1,-1,-1
166,7,853.81,414.74,68.17,54.84,1,-1,-1,-1
167,1,778.50,288.78,92.91,99.71,1,-1,-1,-1
167,2,321.33,389.16,147.30,107.92,1,-1,-1,-1
167,3,693.54,194.82,128.72,107.63,1,-1,-1,-1
167,4,743.92,296.63,147.49,117.15,1,-1,-1,-1
167,5,758.39,352.80,158.19,120.20,1,-1,-1,-1
167,6,734.72,365.58,110.88,102.12,1,-1,-1,-1
167,7,853.95,414.78,68.10,54.65,1,-1,-1,-1
168,1,779.59,289.02,92.22,98.92,1,-1,-1,-1
168,2,322.43,389.39,146.31,107.68,1,-1,-1,-1
168,3,698.26,194.57,127.25,106.54,1,-1,-1,-1
168,4,743.95,296.64,148.24,117.69,1,-1,-1,-1
168,5,758.38,353.31,157.42,119.69,1,-1,-1,-1
168,6,734.41,364.99,111.74,102.89,1,-1,-1,-1
168,7,854.10,414.82,68.03,54.46,1,-1,-1,-1
169,1,780.68,289.25,91.52,98.14,1,-1,-1,-1
169,2,323.54,389.61,145.33,107.43,1,-1,-1,-1
169,3,702.57,194.19,125.77,105.45,1,-1,-1,-1
169,4,743.98,296.65,148.99,118.23,1,-1,-1,-1
169,5,758.36,353.82,156.66,119.17,1,-1,-1,-1
169,6,734.10,364.40,112.59,103.65,1,-1,-1,-1
169,7,854.24,414.86,67.96,54.27,1,-1,-1,-1
170,1,781.78,289.49,90.82,97.35,1,-1,-1,-1
170,2,324.65,389.84,144.34,107.19,1,-1,-1,-1
170,3,706.71,193.77,124.30,104.35,1,-1,-1,-1
170,4,744.02,296.66,149.74,118.76,1,-1,-1,-1
170,5,758.35,354.34,155.89,118.66,1,-1,-1,-1
170,6,733.80,363.80,113.45,104.42,1,-1,-1,-1
170,7,854.39,414.90,67.89,54.08,1,-1,-1,-1
171,1,782.87,289.73,90.13,96.56,1,-1,-1,-1
171,2,324.33,389.88,145.05,107.19,1,-1,-1,-1
171,3,710.85,193.35,122.82,103.26,1,-1,-1,-1
171,4,744.05,296.67,150.49,119.30,1,-1,-1,-1
171,5,758.34,354.85,155.12,118.15,1,-1,-1,-1
171,6,733.49,363.21,114.30,105.18,1,-1,-1,-1
171,7,854.53,414.94,67.81,53.89,1,-1,-1,-1
172,1,783.97,289.96,89.43,95.78,1,-1,-1,-1
172,2,323.69,389.89,145.75,107.18,1,-1,-1,-1
172,3,714.95,193.18,122.12,102.07,1,-1,-1,-1
172,4,744.08,296.67,151.24,119.84,1,-1,-1,-1
172,5,758.32,355.36,154.35,117.64,1,-1,-1,-1
172,6,733.18,362.62,115.16,105.95,1,-1,-1,-1
172,7,854.68,414.98,67.74,53.70,1,-1,-1,-1
173,1,785.07,290.19,88.74,94.99,1,-1,-1,-1
173,2,322.88,389.89,146.46,107.18,1,-1,-1,-1
173,3,719.30,193.14,121.41,100.88,1,-1,-1,-1
173,4,744.11,296.68,151.99,120.37,1,-1,-1,-1
173,5,758.31,355.87,153.59,117.13,1,-1,-1,-1
173,6,732.88,362.03,116.02,106.71,1,-1,-1,-1
173,7,854.82,415.02,67.67,53.51,1,-1,-1,-1
174,1,786.17,290.43,88.04,94.20,1,-1,-1,-1
174,2,322.02,389.87,147.16,107.18,1,-1,-1,-1
174,3,723.78,193.16,120.71,99.68,1,-1,-1,-1
174,4,744.15,296.69,152.74,120.91,1,-1,-1,-1
174,5,758.30,356.38,152.82,116.62,1,-1,-1,-1
174,6,732.57,361.44,116.87,107.48,1,-1,-1,-1
174,7,854.97,415.06,67.60,53.32,1,-1,-1,-1
175,1,787.26,290.66,87.34,93.42,1,-1,-1,-1
175,2,321.16,389.85,147.87,107.18,1,-1,-1,-1
175,3,728.34,193.22,120.00,98.49,1,-1,-1,-1
175,4,744.18,296.70,153.49,121.45,1,-1,-1,-1
175,5,758.28,356.89,152.05,116.10,1,-1,-1,-1
175,6,732.26,360.84,117.73,108.24,1,-1,-1,-1
175,7,855.11,415.10,67.53,53.13,1,-1,-1,-1
176,1,788.36,290.89,86.65,92.63,1,-1,-1,-1
176,2,320.13,389.48,148.84,107.68,1,-1,-1,-1
176,3,732.93,193.29,119.30,97.30,1,-1,-1,-1
176,4,744.21,296.71,154.24,121.98,1,-1,-1,-1
176,5,758.27,357.41,151.28,115.59,1,-1,-1,-1
176,6,731.96,360.25,118.58,109.01,1,-1,-1,-1
176,7,855.26,415.15,67.46,52.94,1,-1,-1,-1
177,1,789.46,291.12,85.95,91.84,1,-1,-1,-1
177,2,319.09,389.05,149.82,108.18,1,-1,-1,-1
177,3,736.89,193.04,118.05,97.44,1,-1,-1,-1
177,4,744.24,296.72,154.98,122.52,1,-1,-1,-1
177,5,758.26,357.92,150.52,115.08,1,-1,-1,-1
177,6,731.65,359.66,119.44,109.78,1,-1,-1,-1
177,7,855.40,415.19,67.39,52.75,1,-1,-1,-1
178,1,790.55,291.36,85.25,91.06,1,-1,-1,-1
178,2,318.05,388.60,150.80,108.68,1,-1,-1,-1
178,3,740.33,193.00,116.81,97.58,1,-1,-1,-1
178,4,744.28,296.73,155.73,123.06,1,-1,-1,-1
178,5,758.24,358.43,149.75,114.57,1,-1,-1,-1
178,6,731.34,359.07,120.30,110.54,1,-1,-1,-1
178,7,855.55,415.23,67.32,52.56,1,-1,-1,-1
179,1,791.65,291.59,84.56,90.27,1,-1,-1,-1
179,2,317.04,388.14,151.78,109.18,1,-1,-1,-1
179,3,743.52,193.04,115.57,97.72,1,-1,-1,-1
179,4,744.31,296.74,156.48,123.59,1,-1,-1,-1
179,5,758.23,358.94,148.98,114.06,1,-1,-1,-1
179,6,731.04,358.48,121.15,111.31,1,-1,-1,-1
179,7,855.69,415.27,67.25,52.37,1,-1,-1,-1
180,1,792.75,291.82,83.86,89.48,1,-1,-1,-1
180,2,316.03,387.68,152.75,109.67,1,-1,-1,-1
180,3,746.61,193.11,114.33,97.86,1,-1,-1,-1
180,4,744.34,296.75,157.23,124.13,1,-1,-1,-1
180,5,758.22,359.45,148.21,113.55,1,-1,-1,-1
180,6,730.73,357.88,122.01,112.07,1,-1,-1,-1
180,7,855.84,415.31,67.18,52.18,1,-1,-1,-1
181,1,793.85,292.05,83.17,88.70,1,-1,-1,-1
181,2,316.07,387.49,152.44,109.84,1,-1,-1,-1
181,3,749.71,193.17,113.08,98.00,1,-1,-1,-1
181,4,744.37,296.76,157.98,124.67,1,-1,-1,-1
181,5,758.20,359.97,147.45,113.04,1,-1,-1,-1
181,6,730.42,357.29,122.86,112.84,1,-1,-1,-1
181,7,855.98,415.35,67.11,51.99,1,-1,-1,-1
182,1,794.94,292.28,82.47,87.91,1,-1,-1,-1
182,2,316.33,387.37,152.12,110.01,1,-1,-1,-1
182,3,752.83,193.21,111.84,98.14,1,-1,-1,-1
182,4,744.41,296.77,158.73,125.20,1,-1,-1,-1
182,5,758.19,360.48,146.68,112.52,1,-1,-1,-1
182,6,730.12,356.70,123.72,113.60,1,-1,-1,-1
182,7,856.13,415.39,67.04,51.80,1,-1,-1,-1
183,1,796.04,292.52,81.77,87.12,1,-1,-1,-1
183,2,316.71,387.28,151.80,110.18,1,-1,-1,-1
183,3,757.11,193.53,109.09,98.30,1,-1,-1,-1
183,4,744.44,296.78,159.48,125.74,1,-1,-1,-1
183,5,758.18,360.99,145.91,112.01,1,-1,-1,-1
183,6,729.81,356.11,124.58,114.37,1,-1,-1,-1
183,7,856.27,415.43,66.97,51.61,1,-1,-1,-1
184,1,797.14,292.75,81.08,86.34,1,-1,-1,-1
184,2,317.12,387.20,151.48,110.35,1,-1,-1,-1
184,4,744.47,296.79,160.23,126.28,1,-1,-1,-1
184,5,758.16,361.50,145.14,111.50,1,-1,-1,-1
184,6,729.51,355.52,125.43,115.13,1,-1,-1,-1
184,7,856.42,415.47,66.90,51.42,1,-1,-1,-1
185,1,798.23,292.98,80.38,85.55,1,-1,-1,-1
185,2,317.53,387.13,151.17,110.52,1,-1,-1,-1
185,4,744.50,296.80,160.98,126.81,1,-1,-1,-1
185,5,758.15,362.01,144.38,110.99,1,-1,-1,-1
185,6,729.20,354.92,126.29,115.90,1,-1,-1,-1
185,7,856.56,415.51,66.83,51.23,1,-1,-1,-1
186,1,799.33,293.21,79.69,84.76,1,-1,-1,-1
186,2,318.16,387.32,150.53,110.28,1,-1,-1,-1
186,4,744.53,296.81,161.73,127.35,1,-1,-1,-1
186,5,758.14,362.52,143.61,110.48,1,-1,-1,-1
186,6,728.89,354.33,127.14,116.67,1,-1,-1,-1
186,7,856.71,415.56,66.76,51.04,1,-1,-1,-1
187,1,800.43,293.44,78.99,83.98,1,-1,-1,-1
187,2,318.82,387.55,149.89,110.04,1,-1,-1,-1
187,4,744.57,296.82,162.48,127.89,1,-1,-1,-1
187,5,758.12,363.04,142.84,109.97,1,-1,-1,-1
187,6,728.59,353.74,128.00,117.43,1,-1,-1,-1
187,7,856.85,415.60,66.69,50.85,1,-1,-1,-1
188,1,801.53,293.68,78.29,83.19,1,-1,-1,-1
188,2,319.49,387.78,149.24,109.81,1,-1,-1,-1
188,4,744.60,296.83,163.23,128.42,1,-1,-1,-1
188,5,758.11,363.55,142.07,109.45,1,-1,-1,-1
188,6,728.28,353.15,128.85,118.20,1,-1,-1,-1
188,7,857.00,415.64,66.62,50.66,1,-1,-1,-1
189,1,802.62,293.91,77.60,82.40,1,-1,-1,-1
189,2,320.14,388.02,148.60,109.57,1,-1,-1,-1
189,4,744.63,296.84,163.98,128.96,1,-1,-1,-1
189,5,758.10,364.06,141.31,108.94,1,-1,-1,-1
189,6,727.97,352.56,129.71,118.96,1,-1,-1,-1
189,7,857.14,415.68,66.55,50.47,1,-1,-1,-1
190,1,803.72,294.14,76.90,81.62,1,-1,-1,-1
190,2,320.79,388.27,147.96,109.33,1,-1,-1,-1
190,4,744.66,296.85,164.73,129.50,1,-1,-1,-1
190,5,758.08,364.57,140.54,108.43,1,-1,-1,-1
190,6,727.67,351.96,130.57,119.73,1,-1,-1,-1
190,7,857.29,415.72,66.48,50.28,1,-1,-1,-1
191,1,804.82,294.37,76.20,80.83,1,-1,-1,-1
191,2,321.42,388.41,147.34,109.23,1,-1,-1,-1
191,4,744.70,296.86,165.48,130.03,1,-1,-1,-1
191,5,758.07,365.08,139.77,107.92,1,-1,-1,-1
191,6,727.36,351.37,131.42,120.49,1,-1,-1,-1
191,7,857.43,415.76,66.41,50.09,1,-1,-1,-1
192,1,805.91,294.61,75.51,80.04,1,-1,-1,-1
192,2,322.05,388.53,146.72,109.13,1,-1,-1,-1
192,4,744.73,296.87,166.23,130.57,1,-1,-1,-1
192,5,758.06,365.60,139.00,107.41,1,-1,-1,-1
192,6,727.05,350.78,132.28,121.26,1,-1,-1,-1
192,7,857.58,415.80,66.34,49.91,1,-1,-1,-1
193,1,807.01,294.84,74.81,79.26,1,-1,-1,-1
193,2,322.67,388.65,146.10,109.03,1,-1,-1,-1
193,4,744.76,296.88,166.98,131.11,1,-1,-1,-1
193,5,758.04,366.11,138.24,106.90,1,-1,-1,-1
193,6,726.75,350.19,133.13,122.02,1,-1,-1,-1
193,7,857.72,415.84,66.27,49.72,1,-1,-1,-1
194,1,808.11,295.07,74.12,78.47,1,-1,-1,-1
194,2,323.29,388.76,145.47,108.93,1,-1,-1,-1
194,4,744.79,296.89,167.73,131.64,1,-1,-1,-1
194,5,758.03,366.62,137.47,106.38,1,-1,-1,-1
194,6,726.44,349.59,133.99,122.79,1,-1,-1,-1
194,7,857.87,415.88,66.19,49.53,1,-1,-1,-1
195,1,809.21,295.30,73.42,77.68,1,-1,-1,-1
195,2,323.91,388.87,144.85,108.83,1,-1,-1,-1
195,4,744.83,296.90,168.48,132.18,1,-1,-1,-1
195,5,758.02,367.13,136.70,105.87,1,-1,-1,-1
195,6,726.13,349.00,134.85,123.55,1,-1,-1,-1
195,7,858.01,415.92,66.12,49.34,1,-1,-1,-1
196,1,810.30,295.53,72.72,76.89,1,-1,-1,-1
196,2,325.12,389.12,143.50,108.44,1,-1,-1,-1
196,4,744.86,296.91,169.23,132.72,1,-1,-1,-1
196,5,758.00,367.64,135.93,105.36,1,-1,-1,-1
196,6,725.83,348.41,135.70,124.32,1,-1,-1,-1
196,7,858.16,415.97,66.05,49.15,1,-1,-1,-1
197,1,811.40,295.77,72.03,76.11,1,-1,-1,-1
197,2,326.46,389.37,142.14,108.06,1,-1,-1,-1
197,4,744.89,296.92,169.98,133.25,1,-1,-1,-1
197,5,757.99,368.15,135.17,104.85,1,-1,-1,-1
197,6,725.52,347.82,136.56,125.09,1,-1,-1,-1
197,7,858.30,416.01,65.98,48.96,1,-1,-1,-1
198,1,812.50,296.00,71.33,75.32,1,-1,-1,-1
198,2,327.86,389.62,140.79,107.68,1,-1,-1,-1
198,4,744.92,296.93,170.72,133.79,1,-1,-1,-1
198,5,757.98,368.67,134.40,104.34,1,-1,-1,-1
198,6,723.46,341.82,141.21,133.06,1,-1,-1,-1
198,7,858.45,416.05,65.91,48.77,1,-1,-1,-1
199,1,813.59,296.23,70.63,74.53,1,-1,-1,-1
199,2,329.28,389.87,139.44,107.29,1,-1,-1,-1
199,4,744.96,296.94,171.47,134.33,1,-1,-1,-1
199,5,757.97,369.18,133.63,103.83,1,-1,-1,-1
199,6,721.47,334.80,145.87,141.04,1,-1,-1,-1
199,7,858.59,416.09,65.84,48.58,1,-1,-1,-1
200,1,814.69,296.46,69.94,73.75,1,-1,-1,-1
200,2,330.70,390.12,138.09,106.91,1,-1,-1,-1
200,4,744.99,296.95,172.22,134.86,1,-1,-1,-1
200,5,757.95,369.69,132.86,103.32,1,-1,-1,-1
200,6,719.53,327.28,150.52,149.02,1,-1,-1,-1
200,7,858.73,416.13,65.77,48.39,1,-1,-1,-1
201,1,815.79,296.69,69.24,72.96,1,-1,-1,-1
201,2,331.05,390.20,138.06,106.84,1,-1,-1,-1
201,4,745.02,296.96,172.97,135.40,1,-1,-1,-1
201,5,757.94,370.20,132.10,102.80,1,-1,-1,-1
201,6,717.59,319.60,155.17,157.00,1,-1,-1,-1
201,7,858.88,416.17,65.70,48.20,1,-1,-1,-1
202,1,816.89,296.93,68.55,72.17,1,-1,-1,-1
202,2,331.17,390.27,138.03,106.77,1,-1,-1,-1
202,4,745.05,296.97,173.72,135.94,1,-1,-1,-1
202,5,757.93,370.71,131.33,102.29,1,-1,-1,-1
202,6,715.66,311.93,159.83,164.98,1,-1,-1,-1
202,7,859.02,416.21,65.63,48.01,1,-1,-1,-1
203,1,817.98,297.16,67.85,71.39,1,-1,-1,-1
203,2,331.18,390.34,138.01,106.69,1,-1,-1,-1
203,4,745.08,296.98,174.47,136.47,1,-1,-1,-1
203,5,757.91,371.23,130.56,101.78,1,-1,-1,-1
203,6,713.72,304.33,164.48,172.96,1,-1,-1,-1
203,7,859.17,416.25,65.56,47.82,1,-1,-1,-1
204,1,819.08,297.39,67.15,70.60,1,-1,-1,-1
204,2,331.15,390.41,137.98,106.62,1,-1,-1,-1
204,4,745.12,296.99,175.22,137.01,1,-1,-1,-1
204,5,757.90,371.74,129.79,101.27,1,-1,-1,-1
204,6,711.77,296.83,169.14,180.94,1,-1,-1,-1
204,7,859.31,416.29,65.49,47.63,1,-1,-1,-1
205,1,820.18,297.62,66.46,69.81,1,-1,-1,-1
205,2,331.11,390.47,137.95,106.55,1,-1,-1,-1
205,4,745.15,297.00,175.97,137.55,1,-1,-1,-1
205,5,757.89,372.25,129.03,100.76,1,-1,-1,-1
205,6,712.47,298.88,164.82,175.73,1,-1,-1,-1
205,7,859.46,416.33,65.42,47.44,1,-1,-1,-1
206,1,821.28,297.86,65.76,69.03,1,-1,-1,-1
206,2,330.99,390.55,137.92,106.40,1,-1,-1,-1
206,4,745.18,297.01,176.72,138.08,1,-1,-1,-1
206,5,757.87,372.76,128.26,100.25,1,-1,-1,-1
206,6,712.10,302.63,160.51,170.52,1,-1,-1,-1
206,7,859.60,416.38,65.35,47.25,1,-1,-1,-1
207,1,822.37,298.09,65.07,68.24,1,-1,-1,-1
207,2,330.84,390.60,137.89,106.24,1,-1,-1,-1
207,4,745.21,297.02,177.47,138.62,1,-1,-1,-1
207,5,757.86,373.27,127.49,99.73,1,-1,-1,-1
207,6,711.23,307.21,156.20,165.31,1,-1,-1,-1
207,7,859.75,416.42,65.28,47.06,1,-1,-1,-1
208,1,823.47,298.32,64.37,67.45,1,-1,-1,-1
208,2,330.67,390.63,137.86,106.09,1,-1,-1,-1
208,4,745.25,297.03,178.22,139.16,1,-1,-1,-1
208,5,757.85,373.78,126.72,99.22,1,-1,-1,-1
208,6,710.18,312.07,151.89,160.11,1,-1,-1,-1
208,7,859.89,416.46,65.21,46.87,1,-1,-1,-1
209,1,824.57,298.55,63.67,66.67,1,-1,-1,-1
209,2,330.51,390.67,137.83,105.93,1,-1,-1,-1
209,4,745.68,300.00,170.62,133.07,1,-1,-1,-1
209,5,757.83,374.30,125.96,98.71,1,-1,-1,-1
209,6,709.15,316.93,147.57,154.90,1,-1,-1,-1
209,7,860.04,416.50,65.14,46.68,1,-1,-1,-1
210,1,825.66,298.78,62.98,65.88,1,-1,-1,-1
210,2,330.35,390.70,137.80,105.78,1,-1,-1,-1
210,4,743.96,302.76,163.01,126.99,1,-1,-1,-1
210,5,757.82,374.81,125.19,98.20,1,-1,-1,-1
210,6,708.19,321.67,143.26,149.69,1,-1,-1,-1
210,7,860.18,416.54,65.07,46.49,1,-1,-1,-1
211,1,826.76,299.02,62.28,65.09,1,-1,-1,-1
211,2,330.44,390.75,137.66,105.74,1,-1,-1,-1
211,4,741.20,305.42,155.41,120.91,1,-1,-1,-1
211,5,757.81,375.32,124.42,97.69,1,-1,-1,-1
211,6,707.33,326.26,138.95,144.48,1,-1,-1,-1
211,7,860.33,416.58,65.00,46.30,1,-1,-1,-1
212,1,827.86,299.25,61.58,64.31,1,-1,-1,-1
212,2,330.64,390.84,137.52,105.70,1,-1,-1,-1
212,4,738.10,308.05,147.81,114.82,1,-1,-1,-1
212,5,757.79,375.83,123.65,97.18,1,-1,-1,-1
212,6,706.55,330.72,134.63,139.28,1,-1,-1,-1
212,7,860.47,416.62,64.93,46.11,1,-1,-1,-1
213,1,828.96,299.48,60.89,63.52,1,-1,-1,-1
213,2,330.90,390.96,137.38,105.65,1,-1,-1,-1
213,4,735.01,310.69,140.20,108.74,1,-1,-1,-1
213,5,757.78,376.34,122.89,96.66,1,-1,-1,-1
213,6,705.83,335.08,130.32,134.07,1,-1,-1,-1
213,7,860.62,416.66,64.86,45.92,1,-1,-1,-1
214,1,830.05,299.71,60.19,62.73,1,-1,-1,-1
214,2,331.17,391.07,137.24,105.61,1,-1,-1,-1
214,4,732.08,313.33,132.60,102.66,1,-1,-1,-1
214,5,757.77,376.86,122.12,96.15,1,-1,-1,-1
214,6,705.15,339.39,126.01,128.86,1,-1,-1,-1
214,7,860.76,416.70,64.79,45.73,1,-1,-1,-1
215,1,831.15,299.95,59.50,61.95,1,-1,-1,-1
215,2,331.44,391.19,137.10,105.57,1,-1,-1,-1
215,4,729.35,316.00,125.00,96.58,1,-1,-1,-1
215,5,757.75,377.37,121.35,95.64,1,-1,-1,-1
215,6,704.48,343.67,121.69,123.65,1,-1,-1,-1
215,7,860.91,416.74,64.72,45.54,1,-1,-1,-1
216,1,832.25,300.18,58.80,61.16,1,-1,-1,-1
216,2,331.43,391.13,137.23,105.71,1,-1,-1,-1
216,4,726.78,318.68,117.39,90.49,1,-1,-1,-1
216,5,757.74,377.88,120.58,95.13,1,-1,-1,-1
216,6,703.83,347.92,117.38,118.44,1,-1,-1,-1
216,7,861.05,416.78,64.64,45.35,1,-1,-1,-1
217,1,833.34,300.41,58.10,60.37,1,-1,-1,-1
217,2,331.32,391.02,137.36,105.85,1,-1,-1,-1
217,4,724.34,321.38,109.79,84.41,1,-1,-1,-1
217,5,757.73,378.39,119.82,94.62,1,-1,-1,-1
217,6,703.18,352.17,113.07,113.24,1,-1,-1,-1
217,7,861.20,416.83,64.57,45.16,1,-1,-1,-1
218,1,834.44,300.64,57.41,59.59,1,-1,-1,-1
218,2,331.15,390.87,137.49,106.00,1,-1,-1,-1
218,4,721.97,324.07,102.18,78.33,1,-1,-1,-1
218,5,757.71,378.90,119.05,94.11,1,-1,-1,-1
218,6,702.53,356.43,108.76,108.03,1,-1,-1,-1
218,7,861.34,416.87,64.50,44.97,1,-1,-1,-1
218,8,877.51,217.50,107.25,105.12,1,-1,-1,-1
219,1,835.54,300.87,56.71,58.80,1,-1,-1,-1
219,2,330.97,390.73,137.62,106.14,1,-1,-1,-1
219,4,719.64,326.78,94.58,72.24,1,-1,-1,-1
219,5,757.70,379.41,118.28,93.59,1,-1,-1,-1
219,6,701.87,360.69,104.44,102.82,1,-1,-1,-1
219,7,861.49,416.91,64.43,44.78,1,-1,-1,-1
219,8,878.66,218.88,108.73,104.61,1,-1,-1,-1
220,1,836.64,301.11,56.02,58.01,1,-1,-1,-1
220,2,330.78,390.57,137.75,106.28,1,-1,-1,-1
220,4,717.34,329.49,86.98,66.16,1,-1,-1,-1
220,5,757.69,379.93,117.51,93.08,1,-1,-1,-1
220,6,701.22,364.95,100.13,97.61,1,-1,-1,-1
220,7,861.63,416.95,64.36,44.59,1,-1,-1,-1
220,8,882.70,221.99,110.20,104.09,1,-1,-1,-1
221,1,837.73,301.34,55.32,57.23,1,-1,-1,-1
221,2,330.80,390.54,137.67,106.24,1,-1,-1,-1
221,4,714.82,329.34,87.29,66.12,1,-1,-1,-1
221,5,757.67,380.44,116.75,92.57,1,-1,-1,-1
221,6,700.56,369.21,95.82,92.41,1,-1,-1,-1
221,7,861.78,416.99,64.29,44.40,1,-1,-1,-1
221,8,888.52,226.15,111.67,103.58,1,-1,-1,-1
222,1,838.83,301.57,54.62,56.44,1,-1,-1,-1
222,2,330.87,390.53,137.58,106.20,1,-1,-1,-1
222,4,714.44,329.29,87.60,66.09,1,-1,-1,-1
222,5,757.66,380.95,115.98,92.06,1,-1,-1,-1
222,6,699.90,373.48,91.50,87.20,1,-1,-1,-1
222,7,861.92,417.03,64.22,44.21,1,-1,-1,-1
222,8,894.21,230.23,113.14,103.06,1,-1,-1,-1
223,1,839.93,301.80,53.93,55.65,1,-1,-1,-1
223,2,330.96,390.53,137.50,106.15,1,-1,-1,-1
223,4,715.08,329.29,87.91,66.05,1,-1,-1,-1
223,5,757.65,381.46,115.21,91.55,1,-1,-1,-1
223,6,699.24,377.75,87.19,81.99,1,-1,-1,-1
223,7,862.07,417.07,64.15,44.02,1,-1,-1,-1
223,8,899.17,233.88,114.61,102.55,1,-1,-1,-1
224,1,841.02,302.03,53.23,54.87,1,-1,-1,-1
224,2,331.07,390.53,137.41,106.11,1,-1,-1,-1
224,4,716.05,329.30,88.22,66.01,1,-1,-1,-1
224,5,757.63,381.97,114.44,91.04,1,-1,-1,-1
224,6,698.58,382.01,82.88,76.78,1,-1,-1,-1
224,7,862.21,417.11,64.08,43.83,1,-1,-1,-1
224,8,903.51,237.17,116.09,102.03,1,-1,-1,-1
225,2,331.19,390.53,137.33,106.07,1,-1,-1,-1
225,4,717.01,329.30,88.53,65.97,1,-1,-1,-1
225,5,757.62,382.48,113.68,90.53,1,-1,-1,-1
225,6,697.92,386.28,78.56,71.58,1,-1,-1,-1
225,7,862.36,417.15,64.01,43.64,1,-1,-1,-1
225,8,907.45,240.22,117.56,101.52,1,-1,-1,-1
226,2,331.33,390.54,137.17,106.03,1,-1,-1,-1
226,4,717.80,329.31,88.84,65.93,1,-1,-1,-1
226,5,757.61,383.00,112.91,90.01,1,-1,-1,-1
226,6,697.26,390.55,74.25,66.37,1,-1,-1,-1
226,7,862.50,417.19,63.94,43.45,1,-1,-1,-1
226,8,911.17,243.13,119.03,101.00,1,-1,-1,-1
227,2,331.48,390.55,137.01,106.00,1,-1,-1,-1
227,4,718.40,329.29,89.15,65.90,1,-1,-1,-1
227,5,757.59,383.51,112.14,89.50,1,-1,-1,-1
227,7,862.65,417.24,63.87,43.26,1,-1,-1,-1
227,8,914.78,245.98,120.50,100.49,1,-1,-1,-1
228,2,331.62,390.57,136.85,105.96,1,-1,-1,-1
228,4,718.84,329.28,89.46,65.86,1,-1,-1,-1
228,5,757.58,384.02,111.37,88.99,1,-1,-1,-1
228,7,862.79,417.28,63.80,43.07,1,-1,-1,-1
228,8,918.35,248.81,121.97,99.97,1,-1,-1,-1
228,9,239.11,397.51,119.27,101.58,1,-1,-1,-1
229,2,331.76,390.58,136.69,105.93,1,-1,-1,-1
229,4,719.15,329.26,89.77,65.82,1,-1,-1,-1
229,5,757.57,384.53,110.61,88.48,1,-1,-1,-1
229,7,862.94,417.32,63.73,42.88,1,-1,-1,-1
229,8,921.93,251.64,123.45,99.46,1,-1,-1,-1
229,9,239.02,397.37,119.52,101.78,1,-1,-1,-1
230,2,331.90,390.60,136.53,105.89,1,-1,-1,-1
230,4,719.39,329.24,90.08,65.78,1,-1,-1,-1
230,5,757.55,385.04,109.84,87.97,1,-1,-1,-1
230,7,863.08,417.36,63.66,42.69,1,-1,-1,-1
230,8,925.52,254.48,124.92,98.94,1,-1,-1,-1
230,9,239.00,397.17,119.77,101.97,1,-1,-1,-1
231,2,331.82,390.68,136.55,105.79,1,-1,-1,-1
231,4,719.59,329.22,90.39,65.74,1,-1,-1,-1
231,5,757.54,385.56,109.07,87.46,1,-1,-1,-1
231,7,865.01,416.49,62.77,43.41,1,-1,-1,-1
231,8,929.14,257.33,126.39,98.43,1,-1,-1,-1
231,9,239.01,396.93,120.03,102.16,1,-1,-1,-1
232,2,331.66,390.78,136.57,105.68,1,-1,-1,-1
232,4,719.76,329.18,90.70,65.71,1,-1,-1,-1
232,5,757.53,386.07,108.30,86.94,1,-1,-1,-1
232,7,867.71,415.35,61.89,44.13,1,-1,-1,-1
232,8,932.77,260.20,127.86,97.91,1,-1,-1,-1
232,9,239.02,396.69,120.28,102.35,1,-1,-1,-1
233,2,331.48,390.89,136.59,105.57,1,-1,-1,-1
233,4,722.10,329.44,88.65,65.37,1,-1,-1,-1
233,5,757.51,386.58,107.54,86.43,1,-1,-1,-1
233,8,936.42,263.06,129.33,97.40,1,-1,-1,-1
233,9,239.01,396.47,120.53,102.55,1,-1,-1,-1
234,2,331.27,391.01,136.61,105.46,1,-1,-1,-1
234,4,725.01,329.76,86.59,65.04,1,-1,-1,-1
234,5,757.50,387.09,106.77,85.92,1,-1,-1,-1
234,8,940.08,265.94,130.81,96.88,1,-1,-1,-1
234,9,238.99,396.26,120.79,102.74,1,-1,-1,-1
235,2,331.08,391.12,136.63,105.35,1,-1,-1,-1
235,4,728.18,330.11,84.53,64.70,1,-1,-1,-1
235,5,757.49,387.60,106.00,85.41,1,-1,-1,-1
235,8,943.74,268.81,132.28,96.37,1,-1,-1,-1
235,9,238.96,396.06,121.04,102.93,1,-1,-1,-1
236,2,330.97,391.12,136.73,105.41,1,-1,-1,-1
236,4,731.45,330.48,82.48,64.37,1,-1,-1,-1
236,5,757.47,388.11,105.23,84.90,1,-1,-1,-1
236,8,947.40,271.70,133.75,95.85,1,-1,-1,-1
236,9,238.93,395.87,121.29,103.13,1,-1,-1,-1
237,2,330.94,391.10,136.84,105.46,1,-1,-1,-1
237,4,734.72,330.85,80.42,64.03,1,-1,-1,-1
237,5,757.46,388.63,104.47,84.39,1,-1,-1,-1
237,8,951.07,274.58,135.22,95.34,1,-1,-1,-1
237,9,238.90,395.68,121.54,103.32,1,-1,-1,-1
238,2,330.95,391.08,136.95,105.52,1,-1,-1,-1
238,4,737.94,331.20,78.37,63.70,1,-1,-1,-1
238,5,757.45,389.14,103.70,83.87,1,-1,-1,-1
238,8,954.73,277.46,136.69,94.82,1,-1,-1,-1
238,9,238.86,395.49,121.80,103.51,1,-1,-1,-1
239,2,330.98,391.05,137.06,105.58,1,-1,-1,-1
239,4,740.45,331.43,77.57,63.71,1,-1,-1,-1
239,5,757.44,389.65,102.93,83.36,1,-1,-1,-1
239,8,958.39,280.34,138.17,94.31,1,-1,-1,-1
239,9,238.82,395.30,122.05,103.70,1,-1,-1,-1
240,2,331.01,391.02,137.17,105.63,1,-1,-1,-1
240,4,742.89,331.68,76.78,63.71,1,-1,-1,-1
240,5,757.42,390.16,102.16,82.85,1,-1,-1,-1
240,8,958.33,280.21,139.18,95.06,1,-1,-1,-1
240,9,238.79,395.10,122.30,103.90,1,-1,-1,-1
241,2,330.72,390.97,137.52,105.63,1,-1,-1,-1
241,4,745.29,331.93,75.98,63.72,1,-1,-1,-1
241,5,757.41,390.67,101.40,82.34,1,-1,-1,-1
241,8,956.01,278.73,140.19,95.82,1,-1,-1,-1
241,9,238.75,394.91,122.56,104.09,1,-1,-1,-1
242,2,330.32,390.90,137.87,105.63,1,-1,-1,-1
242,4,747.66,332.19,75.19,63.73,1,-1,-1,-1
242,5,757.40,391.19,100.63,81.83,1,-1,-1,-1
242,8,952.61,276.59,141.20,96.57,1,-1,-1,-1
242,9,238.72,394.72,122.81,104.28,1,-1,-1,-1
243,2,329.85,390.82,138.23,105.63,1,-1,-1,-1
243,4,750.03,332.44,74.39,63.74,1,-1,-1,-1
243,5,757.38,391.70,99.86,81.32,1,-1,-1,-1
243,8,948.84,274.24,142.21,97.33,1,-1,-1,-1
243,9,238.68,394.53,123.06,104.47,1,-1,-1,-1
244,2,329.37,390.74,138.58,105.63,1,-1,-1,-1
244,4,750.88,332.53,74.77,63.60,1,-1,-1,-1
244,5,757.37,392.21,99.10,80.81,1,-1,-1,-1
244,8,945.09,271.89,143.23,98.09,1,-1,-1,-1
244,9,238.65,394.33,123.32,104.67,1,-1,-1,-1
245,2,328.88,390.66,138.94,105.63,1,-1,-1,-1
245,4,751.20,332.48,75.16,63.46,1,-1,-1,-1
245,5,757.36,392.72,98.33,80.29,1,-1,-1,-1
245,8,941.52,269.65,144.24,98.84,1,-1,-1,-1
245,9,238.62,394.14,123.57,104.86,1,-1,-1,-1
246,2,328.89,390.63,138.79,105.64,1,-1,-1,-1
246,4,751.26,332.35,75.54,63.33,1,-1,-1,-1
246,5,757.34,393.23,97.56,79.78,1,-1,-1,-1
246,8,938.14,267.53,145.25,99.60,1,-1,-1,-1
246,9,238.58,393.95,123.82,105.05,1,-1,-1,-1
247,2,329.04,390.61,138.65,105.65,1,-1,-1,-1
247,4,751.25,332.21,75.92,63.19,1,-1,-1,-1
247,5,757.33,393.74,96.79,79.27,1,-1,-1,-1
247,8,934.94,265.52,146.26,100.35,1,-1,-1,-1
247,9,238.55,393.75,124.07,105.24,1,-1,-1,-1
248,2,329.27,390.61,138.51,105.67,1,-1,-1,-1
248,4,751.24,332.07,76.30,63.06,1,-1,-1,-1
248,5,757.32,394.26,96.03,78.76,1,-1,-1,-1
248,8,931.87,263.58,147.27,101.11,1,-1,-1,-1
248,9,238.51,393.56,124.33,105.44,1,-1,-1,-1
249,2,329.52,390.61,138.37,105.68,1,-1,-1,-1
249,4,751.19,331.90,76.28,63.27,1,-1,-1,-1
249,5,757.30,394.77,95.26,78.25,1,-1,-1,-1
249,8,928.87,261.69,148.28,101.86,1,-1,-1,-1
249,9,238.48,393.37,124.58,105.63,1,-1,-1,-1
250,2,329.78,390.61,138.22,105.69,1,-1,-1,-1
250,4,751.03,331.81,76.25,63.48,1,-1,-1,-1
250,5,757.29,395.28,94.49,77.74,1,-1,-1,-1
250,8,925.92,259.82,149.30,102.62,1,-1,-1,-1
250,9,238.45,393.17,124.83,105.82,1,-1,-1,-1
251,2,330.26,390.72,137.55,105.49,1,-1,-1,-1
251,4,750.85,331.77,76.23,63.69,1,-1,-1,-1
251,5,757.28,395.79,93.72,77.22,1,-1,-1,-1
251,8,922.99,257.97,150.31,103.37,1,-1,-1,-1
251,9,238.41,392.98,125.09,106.01,1,-1,-1,-1
252,2,330.69,390.83,136.88,105.30,1,-1,-1,-1
252,4,750.66,331.74,76.20,63.90,1,-1,-1,-1
252,5,757.26,396.30,92.96,76.71,1,-1,-1,-1
252,8,920.06,256.12,151.32,104.13,1,-1,-1,-1
252,9,238.38,392.79,125.34,106.21,1,-1,-1,-1
253,2,331.11,390.94,136.20,105.10,1,-1,-1,-1
253,4,750.49,331.72,76.18,64.11,1,-1,-1,-1
253,5,757.25,396.82,92.19,76.20,1,-1,-1,-1
253,8,917.13,254.27,152.33,104.89,1,-1,-1,-1
253,9,238.34,392.60,125.59,106.40,1,-1,-1,-1
254,2,331.52,391.05,135.53,104.91,1,-1,-1,-1
254,4,750.52,331.78,76.04,64.11,1,-1,-1,-1
254,5,757.24,397.33,91.42,75.69,1,-1,-1,-1
254,8,914.20,252.42,153.34,105.64,1,-1,-1,-1
254,9,238.31,392.40,125.85,106.59,1,-1,-1,-1
255,2,331.92,391.15,134.86,104.72,1,-1,-1,-1
255,4,750.63,331.84,75.90,64.10,1,-1,-1,-1
255,5,757.22,397.84,90.65,75.18,1,-1,-1,-1
255,8,911.27,250.56,154.35,106.40,1,-1,-1,-1
255,9,238.28,392.21,126.10,106.78,1,-1,-1,-1
256,2,332.17,391.20,134.29,104.61,1,-1,-1,-1
256,4,750.78,331.88,75.77,64.10,1,-1,-1,-1
256,5,757.21,398.35,89.89,74.67,1,-1,-1,-1
256,8,908.33,248.70,155.37,107.15,1,-1,-1,-1
256,9,238.24,392.02,126.35,106.98,1,-1,-1,-1
257,2,332.37,391.24,133.72,104.49,1,-1,-1,-1
257,4,750.95,331.92,75.63,64.10,1,-1,-1,-1
257,5,757.20,398.86,89.12,74.15,1,-1,-1,-1
257,8,905.38,246.84,156.38,107.91,1,-1,-1,-1
257,9,238.21,391.82,126.60,107.17,1,-1,-1,-1
258,2,332.53,391.28,133.15,104.38,1,-1,-1,-1
258,4,751.12,331.96,75.49,64.10,1,-1,-1,-1
258,5,757.18,399.37,88.35,73.64,1,-1,-1,-1
258,8,902.44,244.98,157.39,108.66,1,-1,-1,-1
258,9,238.17,391.63,126.86,107.36,1,-1,-1,-1
259,2,332.69,391.32,132.58,104.27,1,-1,-1,-1
259,4,751.34,332.10,75.68,63.74,1,-1,-1,-1
259,5,757.17,399.89,87.58,73.13,1,-1,-1,-1
259,8,899.49,243.12,158.40,109.42,1,-1,-1,-1
259,9,238.14,391.44,127.11,107.55,1,-1,-1,-1
260,2,332.85,391.35,132.01,104.16,1,-1,-1,-1
260,4,751.66,332.20,75.87,63.37,1,-1,-1,-1
260,5,757.16,400.40,86.82,72.62,1,-1,-1,-1
260,8,896.55,241.26,159.41,110.17,1,-1,-1,-1
260,9,238.11,391.24,127.36,107.75,1,-1,-1,-1
261,2,332.66,391.38,132.33,104.12,1,-1,-1,-1
261,4,752.04,332.27,76.06,63.01,1,-1,-1,-1
261,5,757.14,400.91,86.05,72.11,1,-1,-1,-1
261,8,893.60,239.40,160.43,110.93,1,-1,-1,-1
261,9,238.07,391.05,127.62,107.94,1,-1,-1,-1
262,2,332.52,391.43,132.64,104.08,1,-1,-1,-1
262,4,752.43,332.34,76.25,62.64,1,-1,-1,-1
262,5,757.13,401.42,85.28,71.60,1,-1,-1,-1
262,8,890.66,237.54,161.44,111.69,1,-1,-1,-1
262,9,238.04,390.86,127.87,108.13,1,-1,-1,-1
263,2,332.40,391.48,132.96,104.04,1,-1,-1,-1
263,4,752.82,332.42,76.45,62.28,1,-1,-1,-1
263,5,757.12,401.93,84.51,71.09,1,-1,-1,-1
263,8,887.71,235.68,162.45,112.44,1,-1,-1,-1
263,9,238.00,390.67,128.12,108.33,1,-1,-1,-1
264,2,332.29,391.54,133.28,103.99,1,-1,-1,-1
264,4,749.22,332.30,81.37,62.82,1,-1,-1,-1
264,5,757.10,402.45,83.75,70.57,1,-1,-1,-1
264,8,884.77,233.82,163.46,113.20,1,-1,-1,-1
264,9,237.97,390.47,128.38,108.52,1,-1,-1,-1
265,2,332.19,391.59,133.60,103.95,1,-1,-1,-1
265,4,744.68,332.34,86.30,63.36,1,-1,-1,-1
265,5,757.09,402.96,82.98,70.06,1,-1,-1,-1
265,8,881.83,231.96,164.47,113.95,1,-1,-1,-1
265,9,237.94,390.28,128.63,108.71,1,-1,-1,-1
266,2,331.92,391.52,134.18,104.09,1,-1,-1,-1
266,4,739.70,332.44,91.23,63.90,1,-1,-1,-1
266,5,757.08,403.47,82.21,69.55,1,-1,-1,-1
266,8,878.88,230.09,165.48,114.71,1,-1,-1,-1
266,9,237.90,390.09,128.88,108.90,1,-1,-1,-1
267,2,331.63,391.43,134.77,104.23,1,-1,-1,-1
267,4,734.56,332.58,96.16,64.45,1,-1,-1,-1
267,5,757.06,403.98,81.44,69.04,1,-1,-1,-1
267,8,878.41,229.96,155.80,113.55,1,-1,-1,-1
267,9,237.87,389.89,129.14,109.10,1,-1,-1,-1
268,2,331.34,391.33,135.35,104.37,1,-1,-1,-1
268,4,729.43,332.72,101.08,64.99,1,-1,-1,-1
268,5,757.05,404.49,80.68,68.53,1,-1,-1,-1
268,8,876.29,230.27,146.12,112.39,1,-1,-1,-1
268,9,237.83,389.70,129.39,109.29,1,-1,-1,-1
269,2,331.03,391.22,135.94,104.51,1,-1,-1,-1
269,4,724.36,332.84,106.01,65.53,1,-1,-1,-1
269,5,757.04,405.00,79.91,68.02,1,-1,-1,-1
269,8,873.38,230.78,136.44,111.23,1,-1,-1,-1
269,9,240.34,389.73,129.80,109.10,1,-1,-1,-1
270,2,330.73,391.10,136.53,104.66,1,-1,-1,-1
270,4,719.37,332.96,110.94,66.07,1,-1,-1,-1
270,5,757.02,405.52,79.14,67.50,1,-1,-1,-1
270,8,870.21,231.37,126.75,110.07,1,-1,-1,-1
270,9,244.34,389.79,130.21,108.90,1,-1,-1,-1
271,2,330.90,391.14,136.41,104.66,1,-1,-1,-1
271,4,714.46,333.05,115.87,66.62,1,-1,-1,-1
271,5,757.01,406.03,78.37,66.99,1,-1,-1,-1
271,8,867.05,231.95,117.07,108.91,1,-1,-1,-1
271,9,249.06,389.85,130.62,108.71,1,-1,-1,-1
272,2,331.14,391.21,136.30,104.66,1,-1,-1,-1
272,4,719.03,333.73,107.94,65.91,1,-1,-1,-1
272,5,757.00,406.54,77.61,66.48,1,-1,-1,-1
272,8,862.59,231.98,116.37,108.65,1,-1,-1,-1
272,9,254.02,389.92,131.03,108.52,1,-1,-1,-1
273,2,331.42,391.29,136.19,104.66,1,-1,-1,-1
273,4,725.36,334.37,100.02,65.20,1,-1,-1,-1
273,5,756.98,407.05,76.84,65.97,1,-1,-1,-1
273,8,860.04,231.92,115.67,108.40,1,-1,-1,-1
273,9,258.97,389.99,131.44,108.32,1,-1,-1,-1
274,2,331.72,391.38,136.07,104.66,1,-1,-1,-1
274,4,732.53,335.00,92.09,64.50,1,-1,-1,-1
274,5,756.97,407.56,76.07,65.46,1,-1,-1,-1
274,8,858.45,231.82,114.96,108.14,1,-1,-1,-1
274,9,263.80,390.06,131.85,108.13,1,-1,-1,-1
275,2,332.01,391.48,135.96,104.66,1,-1,-1,-1
275,4,739.99,335.62,84.16,63.79,1,-1,-1,-1
275,5,756.96,408.07,75.30,64.95,1,-1,-1,-1
275,8,857.24,231.68,114.26,107.88,1,-1,-1,-1
275,9,268.51,390.13,132.26,107.94,1,-1,-1,-1
276,2,331.92,391.50,136.19,104.66,1,-1,-1,-1
276,4,747.43,336.24,76.24,63.09,1,-1,-1,-1
276,5,756.94,408.59,74.54,64.43,1,-1,-1,-1
276,8,856.07,231.53,113.56,107.63,1,-1,-1,-1
276,9,273.09,390.19,132.67,107.74,1,-1,-1,-1
277,2,331.69,391.47,136.43,104.66,1,-1,-1,-1
277,4,748.67,336.10,76.58,63.11,1,-1,-1,-1
277,5,756.93,409.10,73.77,63.92,1,-1,-1,-1
277,8,856.06,234.11,110.43,104.08,1,-1,-1,-1
277,9,277.59,390.25,133.08,107.55,1,-1,-1,-1
278,2,331.40,391.43,136.66,104.65,1,-1,-1,-1
278,4,748.64,335.73,76.91,63.13,1,-1,-1,-1
278,5,756.92,409.61,73.00,63.41,1,-1,-1,-1
278,8,855.94,237.31,107.30,100.53,1,-1,-1,-1
278,9,282.04,390.31,133.48,107.36,1,-1,-1,-1
279,2,331.09,391.36,136.89,104.65,1,-1,-1,-1
279,4,747.95,335.26,77.25,63.15,1,-1,-1,-1
279,5,756.90,410.12,72.23,62.90,1,-1,-1,-1
279,8,855.70,240.81,104.17,96.99,1,-1,-1,-1
279,9,286.46,390.37,133.89,107.16,1,-1,-1,-1
280,2,330.78,391.31,137.13,104.65,1,-1,-1,-1
280,4,746.97,334.75,77.59,63.16,1,-1,-1,-1
280,5,756.89,410.63,71.47,62.39,1,-1,-1,-1
280,8,855.36,244.42,101.04,93.44,1,-1,-1,-1
280,9,290.86,390.43,134.30,106.97,1,-1,-1,-1
281,2,330.57,391.24,137.22,104.74,1,-1,-1,-1
281,4,745.94,334.24,77.93,63.18,1,-1,-1,-1
281,5,756.88,411.15,70.70,61.88,1,-1,-1,-1
281,8,854.96,248.03,97.91,89.89,1,-1,-1,-1
281,9,295.27,390.49,134.71,106.78,1,-1,-1,-1
282,2,330.38,391.19,137.32,104.84,1,-1,-1,-1
282,4,745.26,333.79,78.31,64.14,1,-1,-1,-1
282,5,756.87,411.66,69.93,61.36,1,-1,-1,-1
282,8,852.86,247.74,98.52,89.86,1,-1,-1,-1
282,9,299.68,390.56,135.12,106.59,1,-1,-1,-1
283,2,330.22,391.16,137.42,104.93,1,-1,-1,-1
283,4,744.84,333.67,78.70,65.09,1,-1,-1,-1
283,5,756.85,412.17,69.16,60.85,1,-1,-1,-1
283,8,850.85,246.20,99.13,89.82,1,-1,-1,-1
283,9,304.08,390.62,135.53,106.39,1,-1,-1,-1
284,2,330.07,391.13,137.51,105.03,1,-1,-1,-1
284,4,744.60,333.71,79.09,66.05,1,-1,-1,-1
284,5,756.84,412.68,68.40,60.34,1,-1,-1,-1
284,8,848.88,244.05,99.74,89.78,1,-1,-1,-1
284,9,308.49,390.68,135.94,106.20,1,-1,-1,-1
285,2,329.92,391.11,137.61,105.12,1,-1,-1,-1
285,4,744.45,333.81,79.48,67.00,1,-1,-1,-1
285,5,756.83,413.19,67.63,59.83,1,-1,-1,-1
285,8,846.93,241.66,100.36,89.75,1,-1,-1,-1
285,9,312.90,390.74,136.35,106.01,1,-1,-1,-1
286,4,744.34,333.91,79.87,67.96,1,-1,-1,-1
286,5,756.81,413.70,66.86,59.32,1,-1,-1,-1
286,8,844.98,239.26,100.97,89.71,1,-1,-1,-1
286,9,317.32,390.80,136.76,105.81,1,-1,-1,-1
287,4,739.08,334.08,86.84,69.38,1,-1,-1,-1
287,5,756.80,414.22,66.09,58.81,1,-1,-1,-1
287,8,842.31,235.60,104.48,92.42,1,-1,-1,-1
287,9,321.74,390.86,137.17,105.62,1,-1,-1,-1
288,4,732.75,334.39,93.82,70.81,1,-1,-1,-1
288,5,756.79,414.73,65.33,58.30,1,-1,-1,-1
288,8,840.04,232.05,107.99,95.14,1,-1,-1,-1
288,9,326.15,390.92,137.58,105.43,1,-1,-1,-1
289,4,725.89,334.78,100.79,72.23,1,-1,-1,-1
289,5,756.77,415.24,64.56,57.78,1,-1,-1,-1
289,8,837.97,228.61,111.51,97.85,1,-1,-1,-1
289,9,330.57,390.98,137.99,105.23,1,-1,-1,-1
290,2,330.41,391.07,137.94,105.21,1,-1,-1,-1
290,4,718.85,335.18,107.77,73.65,1,-1,-1,-1
290,5,756.76,415.75,63.79,57.27,1,-1,-1,-1
290,8,835.96,225.24,115.02,100.56,1,-1,-1,-1
291,2,330.48,391.13,137.88,105.18,1,-1,-1,-1
291,4,711.81,335.56,114.74,75.08,1,-1,-1,-1
291,5,756.33,415.30,64.55,58.41,1,-1,-1,-1
291,8,833.95,221.91,118.53,103.27,1,-1,-1,-1
292,2,330.47,391.21,137.83,105.16,1,-1,-1,-1
292,4,714.20,332.19,116.02,82.70,1,-1,-1,-1
292,5,756.10,414.78,65.31,59.55,1,-1,-1,-1
292,8,832.25,220.53,119.33,104.46,1,-1,-1,-1
293,2,330.40,391.30,137.78,105.13,1,-1,-1,-1
293,4,720.39,328.44,117.29,90.32,1,-1,-1,-1
293,5,755.97,414.21,66.06,60.69,1,-1,-1,-1
293,8,829.94,219.81,120.13,105.65,1,-1,-1,-1
294,2,330.32,391.39,137.73,105.10,1,-1,-1,-1
294,4,728.43,324.50,118.57,97.94,1,-1,-1,-1
294,8,827.32,219.41,120.93,106.84,1,-1,-1,-1
295,2,330.12,391.31,137.95,105.33,1,-1,-1,-1
295,4,737.13,320.49,119.85,105.56,1,-1,-1,-1
295,8,824.59,219.12,121.73,108.02,1,-1,-1,-1
296,2,329.95,391.19,138.17,105.57,1,-1,-1,-1
296,4,745.85,316.48,121.12,113.18,1,-1,-1,-1
296,8,821.84,218.82,122.54,109.21,1,-1,-1,-1
297,2,329.78,391.06,138.39,105.80,1,-1,-1,-1
297,4,754.30,312.49,122.40,120.80,1,-1,-1,-1
297,8,819.14,218.47,123.34,110.40,1,-1,-1,-1
298,2,329.63,390.93,138.61,106.03,1,-1,-1,-1
298,4,762.43,308.53,123.68,128.42,1,-1,-1,-1
299,2,329.48,390.80,138.83,106.26,1,-1,-1,-1
299,4,770.27,304.60,124.95,136.04,1,-1,-1,-1
300,2,329.54,390.73,138.94,106.25,1,-1,-1,-1
300,4,777.91,300.69,126.23,143.66,1,-1,-1,-1
