2,1,708.97,298.34,159.79,159.15,1,-1,-1,-1
2,2,325.37,390.93,144.86,105.76,1,-1,-1,-1
2,3,492.99,172.48,111.81,96.28,1,-1,-1,-1
2,4,268.07,453.16,37.34,37.08,1,-1,-1,-1
3,1,709.31,298.23,158.84,159.27,1,-1,-1,-1
3,2,324.22,390.75,146.35,106.05,1,-1,-1,-1
3,3,492.11,172.83,111.33,96.26,1,-1,-1,-1
3,4,268.07,453.15,37.36,37.05,1,-1,-1,-1
4,1,708.95,297.73,158.86,160.06,1,-1,-1,-1
4,2,325.56,390.73,143.63,106.11,1,-1,-1,-1
4,3,489.59,173.50,110.41,95.28,1,-1,-1,-1
4,4,268.03,453.13,37.40,37.02,1,-1,-1,-1
5,1,708.18,297.77,159.86,159.74,1,-1,-1,-1
5,2,324.86,390.55,144.62,106.36,1,-1,-1,-1
5,3,483.55,173.37,113.40,97.53,1,-1,-1,-1
5,4,268.08,453.09,37.33,37.05,1,-1,-1,-1
6,1,708.21,298.22,159.74,159.09,1,-1,-1,-1
6,2,327.40,390.91,141.21,105.82,1,-1,-1,-1
6,3,480.79,174.04,110.65,98.05,1,-1,-1,-1
6,4,270.83,460.78,33.82,27.23,1,-1,-1,-1
7,1,708.00,299.57,160.10,157.62,1,-1,-1,-1
7,3,477.16,174.55,110.36,98.60,1,-1,-1,-1
7,4,269.02,454.69,36.83,37.16,1,-1,-1,-1
8,1,707.92,300.20,160.42,157.20,1,-1,-1,-1
8,2,324.28,390.32,145.69,106.59,1,-1,-1,-1
8,3,470.78,175.69,113.94,98.26,1,-1,-1,-1
8,4,271.61,462.12,33.24,26.70,1,-1,-1,-1
9,1,707.98,300.22,160.23,157.47,1,-1,-1,-1
9,2,325.16,390.48,144.11,106.27,1,-1,-1,-1
9,3,467.62,177.35,111.38,96.48,1,-1,-1,-1
9,4,269.10,455.22,37.51,36.62,1,-1,-1,-1
10,1,708.28,300.28,159.79,157.39,1,-1,-1,-1
10,2,325.80,390.76,143.40,105.94,1,-1,-1,-1
10,3,463.45,177.60,111.55,98.70,1,-1,-1,-1
10,4,268.80,453.83,37.00,37.15,1,-1,-1,-1
11,1,708.12,300.17,160.86,157.50,1,-1,-1,-1
11,2,324.98,390.72,144.70,106.11,1,-1,-1,-1
11,3,459.22,178.69,112.39,97.69,1,-1,-1,-1
11,4,271.09,460.85,33.62,27.47,1,-1,-1,-1
12,1,708.61,300.11,159.99,157.76,1,-1,-1,-1
12,2,325.30,390.87,144.15,105.96,1,-1,-1,-1
12,3,455.44,179.43,110.64,96.39,1,-1,-1,-1
12,4,271.34,462.04,33.78,27.61,1,-1,-1,-1
13,1,708.70,300.72,159.15,157.20,1,-1,-1,-1
13,2,328.07,391.07,140.65,105.55,1,-1,-1,-1
13,3,449.81,178.43,113.83,99.84,1,-1,-1,-1
13,4,271.49,462.85,33.80,27.42,1,-1,-1,-1
14,1,708.97,300.88,158.76,157.05,1,-1,-1,-1
14,2,329.73,391.26,139.21,105.33,1,-1,-1,-1
14,3,445.65,180.79,114.00,97.88,1,-1,-1,-1
14,4,271.39,462.70,33.99,28.03,1,-1,-1,-1
15,1,707.34,299.03,169.81,163.05,1,-1,-1,-1
15,3,442.48,181.29,111.72,98.32,1,-1,-1,-1
15,4,271.32,462.61,34.03,28.05,1,-1,-1,-1
15,5,357.69,459.78,24.52,24.05,1,-1,-1,-1
15,6,395.59,444.89,19.40,21.13,1,-1,-1,-1
16,1,718.34,298.48,150.08,166.80,1,-1,-1,-1
16,2,328.85,391.09,141.01,105.68,1,-1,-1,-1
16,3,437.89,182.94,112.43,96.14,1,-1,-1,-1
16,4,271.63,462.69,33.57,27.79,1,-1,-1,-1
17,1,711.30,301.17,160.02,157.86,1,-1,-1,-1
17,2,327.06,390.92,143.10,105.99,1,-1,-1,-1
17,3,432.48,183.74,113.00,96.75,1,-1,-1,-1
17,4,271.65,462.52,33.58,27.90,1,-1,-1,-1
18,1,708.98,299.10,165.89,161.63,1,-1,-1,-1
18,2,326.67,390.84,143.09,106.10,1,-1,-1,-1
18,3,427.57,184.91,113.24,95.65,1,-1,-1,-1
18,4,271.71,462.57,33.56,27.76,1,-1,-1,-1
19,1,708.28,298.91,169.13,161.91,1,-1,-1,-1
19,2,327.68,390.91,141.58,106.01,1,-1,-1,-1
19,3,423.67,184.66,112.08,97.70,1,-1,-1,-1
19,4,271.90,462.59,33.36,27.70,1,-1,-1,-1
20,1,714.19,340.44,143.28,105.94,1,-1,-1,-1
20,2,327.04,390.84,142.59,106.12,1,-1,-1,-1
20,3,419.12,184.85,110.97,98.05,1,-1,-1,-1
20,4,272.22,462.69,33.01,27.57,1,-1,-1,-1
21,1,704.09,347.35,172.32,110.59,1,-1,-1,-1
21,2,327.70,390.85,141.71,106.28,1,-1,-1,-1
21,3,414.07,185.69,112.52,96.66,1,-1,-1,-1
21,4,269.47,455.25,36.59,37.00,1,-1,-1,-1
21,7,767.22,298.68,101.78,87.95,1,-1,-1,-1
22,2,328.44,391.03,140.97,106.19,1,-1,-1,-1
22,3,407.62,185.71,114.32,97.36,1,-1,-1,-1
22,4,268.82,453.69,36.72,36.93,1,-1,-1,-1
22,7,767.08,298.59,102.16,88.26,1,-1,-1,-1
22,8,816.58,404.30,72.07,67.60,1,-1,-1,-1
23,2,328.35,390.95,141.31,106.44,1,-1,-1,-1
23,3,403.43,186.39,114.88,96.23,1,-1,-1,-1
23,4,268.38,452.89,36.95,37.00,1,-1,-1,-1
23,8,817.40,404.61,72.05,67.03,1,-1,-1,-1
24,2,328.23,391.03,141.47,106.33,1,-1,-1,-1
24,3,401.89,186.40,115.00,96.19,1,-1,-1,-1
24,4,268.34,452.62,36.78,36.99,1,-1,-1,-1
24,8,818.10,404.49,72.10,67.16,1,-1,-1,-1
25,2,328.10,391.23,141.66,106.04,1,-1,-1,-1
25,3,400.05,185.98,113.06,97.42,1,-1,-1,-1
25,4,268.26,452.65,36.88,36.92,1,-1,-1,-1
25,8,818.14,404.11,72.57,67.55,1,-1,-1,-1
26,1,710.33,352.73,141.23,104.39,1,-1,-1,-1
26,2,325.57,391.12,144.79,106.06,1,-1,-1,-1
26,3,393.31,186.76,116.24,96.60,1,-1,-1,-1
26,4,268.30,452.76,36.93,36.96,1,-1,-1,-1
26,7,768.82,297.17,100.79,88.22,1,-1,-1,-1
26,8,818.21,403.95,72.29,67.66,1,-1,-1,-1
27,1,708.94,351.18,142.06,104.64,1,-1,-1,-1
27,2,325.14,391.05,144.63,106.10,1,-1,-1,-1
27,3,387.76,186.75,117.79,97.04,1,-1,-1,-1
27,4,268.44,452.88,36.81,36.98,1,-1,-1,-1
27,7,768.86,296.65,100.79,88.43,1,-1,-1,-1
27,8,818.06,403.90,72.29,67.69,1,-1,-1,-1
28,1,708.87,350.92,140.92,104.25,1,-1,-1,-1
28,2,327.37,391.24,141.52,105.78,1,-1,-1,-1
28,3,383.22,186.79,118.28,96.56,1,-1,-1,-1
28,4,268.53,453.05,36.77,36.85,1,-1,-1,-1
28,7,767.67,295.33,102.24,87.79,1,-1,-1,-1
28,8,817.76,403.78,72.31,67.82,1,-1,-1,-1
29,1,709.00,350.60,140.62,104.38,1,-1,-1,-1
29,2,325.48,391.20,144.50,105.93,1,-1,-1,-1
29,3,380.19,186.83,117.60,96.78,1,-1,-1,-1
29,4,268.67,453.12,36.66,36.89,1,-1,-1,-1
29,7,768.10,294.99,101.23,88.45,1,-1,-1,-1
29,8,817.40,404.09,72.66,67.38,1,-1,-1,-1
30,1,709.01,350.49,140.95,104.53,1,-1,-1,-1
30,2,326.80,391.24,142.52,105.90,1,-1,-1,-1
30,3,379.63,186.67,113.80,96.47,1,-1,-1,-1
30,4,268.70,453.19,36.66,36.85,1,-1,-1,-1
30,7,768.09,294.99,101.08,88.97,1,-1,-1,-1
30,8,817.35,404.26,72.55,67.22,1,-1,-1,-1
31,1,708.98,350.44,141.59,104.54,1,-1,-1,-1
31,2,325.98,391.18,143.72,106.02,1,-1,-1,-1
31,3,381.48,187.30,107.96,94.54,1,-1,-1,-1
31,4,268.80,453.22,36.55,36.89,1,-1,-1,-1
31,7,767.54,295.51,101.85,89.21,1,-1,-1,-1
31,8,817.16,404.23,72.57,67.44,1,-1,-1,-1
32,1,709.09,350.41,141.84,104.57,1,-1,-1,-1
32,2,323.41,390.94,146.82,106.34,1,-1,-1,-1
32,3,378.11,186.77,110.31,95.33,1,-1,-1,-1
32,4,268.77,453.23,36.64,36.91,1,-1,-1,-1
32,7,767.43,296.06,101.77,88.74,1,-1,-1,-1
32,8,817.19,404.39,72.66,67.20,1,-1,-1,-1
33,1,709.74,350.54,140.81,103.80,1,-1,-1,-1
33,2,325.42,391.24,143.54,105.77,1,-1,-1,-1
33,3,377.29,186.53,107.99,95.25,1,-1,-1,-1
33,4,268.70,453.24,36.71,36.90,1,-1,-1,-1
33,7,766.82,296.16,103.78,87.62,1,-1,-1,-1
33,8,818.75,405.37,70.98,65.91,1,-1,-1,-1
34,1,710.28,350.52,140.07,103.29,1,-1,-1,-1
34,2,321.99,390.56,148.25,106.60,1,-1,-1,-1
34,3,369.75,186.43,115.08,94.28,1,-1,-1,-1
34,4,268.70,453.24,36.69,36.89,1,-1,-1,-1
34,7,766.51,296.96,102.75,84.73,1,-1,-1,-1
34,8,819.57,405.67,70.68,65.64,1,-1,-1,-1
35,1,710.32,350.48,140.60,103.23,1,-1,-1,-1
35,2,323.07,390.79,146.12,106.14,1,-1,-1,-1
35,3,366.87,186.12,114.34,93.52,1,-1,-1,-1
35,4,268.62,453.21,36.79,36.93,1,-1,-1,-1
35,7,767.39,296.56,101.59,84.84,1,-1,-1,-1
35,8,820.13,405.89,70.23,65.58,1,-1,-1,-1
36,1,710.20,350.46,141.19,103.50,1,-1,-1,-1
36,2,323.06,390.77,146.24,106.16,1,-1,-1,-1
36,3,359.59,185.57,120.18,94.23,1,-1,-1,-1
36,4,268.61,453.20,36.77,36.94,1,-1,-1,-1
36,7,767.40,297.16,101.99,84.60,1,-1,-1,-1
36,8,819.83,405.93,70.88,65.68,1,-1,-1,-1
37,1,710.27,350.45,140.70,103.79,1,-1,-1,-1
37,2,324.07,390.86,145.06,106.03,1,-1,-1,-1
37,3,355.10,185.16,121.42,94.91,1,-1,-1,-1
37,4,268.56,453.18,36.80,36.95,1,-1,-1,-1
37,7,767.63,298.67,101.53,81.02,1,-1,-1,-1
37,8,819.09,405.60,71.74,66.12,1,-1,-1,-1
38,1,710.00,350.69,140.59,103.88,1,-1,-1,-1
38,2,324.93,390.89,144.32,105.99,1,-1,-1,-1
38,3,353.47,185.14,119.83,94.18,1,-1,-1,-1
38,4,268.52,453.16,36.83,36.99,1,-1,-1,-1
38,7,767.26,297.40,102.08,83.86,1,-1,-1,-1
38,8,818.70,405.52,71.74,66.23,1,-1,-1,-1
39,1,709.59,350.60,141.02,104.37,1,-1,-1,-1
39,2,321.33,390.66,149.22,106.27,1,-1,-1,-1
39,3,351.12,184.49,119.05,94.34,1,-1,-1,-1
39,4,268.56,453.19,36.78,36.95,1,-1,-1,-1
39,7,767.11,296.92,100.88,86.39,1,-1,-1,-1
39,8,818.41,405.48,71.79,66.26,1,-1,-1,-1
40,1,709.40,350.31,141.07,104.92,1,-1,-1,-1
40,2,321.33,390.77,148.38,105.97,1,-1,-1,-1
40,3,345.66,184.18,122.90,95.32,1,-1,-1,-1
40,4,268.58,453.21,36.77,36.95,1,-1,-1,-1
40,7,766.97,296.99,100.71,86.67,1,-1,-1,-1
40,8,818.26,405.35,71.66,66.40,1,-1,-1,-1
41,1,709.51,350.72,140.66,104.53,1,-1,-1,-1
41,2,321.92,390.74,147.39,105.98,1,-1,-1,-1
41,3,344.00,183.88,121.01,96.08,1,-1,-1,-1
41,4,268.64,453.25,36.70,36.89,1,-1,-1,-1
41,7,766.67,297.04,101.08,89.10,1,-1,-1,-1
41,8,818.24,405.49,71.49,66.19,1,-1,-1,-1
42,1,709.46,350.92,140.83,104.25,1,-1,-1,-1
42,2,320.01,390.48,149.94,106.31,1,-1,-1,-1
42,3,341.77,184.26,123.43,94.61,1,-1,-1,-1
42,4,268.61,453.24,36.74,36.92,1,-1,-1,-1
42,7,767.24,297.60,100.26,89.27,1,-1,-1,-1
42,8,818.23,405.37,71.53,66.36,1,-1,-1,-1
43,1,709.48,351.04,140.87,104.05,1,-1,-1,-1
43,2,319.47,390.34,150.18,106.43,1,-1,-1,-1
43,3,340.56,184.59,123.20,94.34,1,-1,-1,-1
43,4,268.56,453.23,36.82,36.93,1,-1,-1,-1
43,7,767.53,297.39,100.37,89.86,1,-1,-1,-1
43,8,818.27,405.44,71.57,66.26,1,-1,-1,-1
44,1,709.59,351.16,140.81,103.68,1,-1,-1,-1
44,2,322.87,390.61,145.63,106.06,1,-1,-1,-1
44,3,339.60,185.00,123.96,94.02,1,-1,-1,-1
44,4,268.69,453.29,36.60,36.84,1,-1,-1,-1
44,7,767.79,297.35,100.34,89.89,1,-1,-1,-1
44,8,818.28,405.35,71.53,66.41,1,-1,-1,-1
45,1,709.69,351.21,140.65,103.73,1,-1,-1,-1
45,2,323.71,390.68,145.45,106.06,1,-1,-1,-1
45,3,339.58,185.22,123.88,94.06,1,-1,-1,-1
45,4,268.71,453.29,36.58,36.85,1,-1,-1,-1
45,7,767.66,297.11,100.75,90.05,1,-1,-1,-1
45,8,818.34,405.36,71.47,66.39,1,-1,-1,-1
46,1,709.56,351.22,140.74,103.78,1,-1,-1,-1
46,2,324.25,390.63,145.28,106.14,1,-1,-1,-1
46,3,340.61,184.83,123.35,95.26,1,-1,-1,-1
46,4,268.63,453.26,36.71,36.90,1,-1,-1,-1
46,7,767.47,297.03,101.06,90.14,1,-1,-1,-1
46,8,818.43,405.33,71.56,66.44,1,-1,-1,-1
47,1,709.55,351.24,140.82,103.87,1,-1,-1,-1
47,2,324.17,390.62,145.64,106.15,1,-1,-1,-1
47,3,341.90,184.79,122.51,95.77,1,-1,-1,-1
47,4,268.67,453.28,36.64,36.87,1,-1,-1,-1
47,7,767.19,297.08,101.38,90.34,1,-1,-1,-1
47,8,818.61,405.24,71.40,66.56,1,-1,-1,-1
48,1,709.60,351.29,140.66,103.96,1,-1,-1,-1
48,2,324.05,390.58,145.79,106.18,1,-1,-1,-1
48,3,343.35,185.27,121.31,95.33,1,-1,-1,-1
48,4,268.64,453.27,36.68,36.89,1,-1,-1,-1
48,7,767.25,297.39,100.82,89.42,1,-1,-1,-1
48,8,818.35,405.10,71.80,66.64,1,-1,-1,-1
49,1,709.66,351.39,140.26,103.68,1,-1,-1,-1
49,2,324.68,390.59,144.88,106.15,1,-1,-1,-1
49,3,343.98,185.36,121.52,95.65,1,-1,-1,-1
49,4,268.69,453.29,36.61,36.88,1,-1,-1,-1
49,7,767.11,297.33,100.82,89.28,1,-1,-1,-1
49,8,818.16,404.72,72.03,67.12,1,-1,-1,-1
50,1,711.05,351.46,137.17,103.01,1,-1,-1,-1
50,2,330.26,390.96,137.53,105.66,1,-1,-1,-1
50,3,344.12,185.41,123.56,95.90,1,-1,-1,-1
50,4,270.38,456.14,28.90,22.56,1,-1,-1,-1
50,7,766.05,297.78,104.14,86.70,1,-1,-1,-1
50,8,818.77,405.58,71.59,65.71,1,-1,-1,-1
51,1,711.20,351.13,137.88,103.28,1,-1,-1,-1
51,2,331.29,391.12,137.46,105.55,1,-1,-1,-1
51,3,344.52,185.34,125.47,96.97,1,-1,-1,-1
51,4,269.22,453.71,28.64,22.52,1,-1,-1,-1
51,8,819.24,405.77,71.50,65.53,1,-1,-1,-1
51,9,280.40,467.49,25.61,22.20,1,-1,-1,-1
52,1,711.64,351.33,137.30,102.87,1,-1,-1,-1
52,2,331.28,391.11,138.25,105.77,1,-1,-1,-1
52,3,345.36,185.71,125.09,96.59,1,-1,-1,-1
52,4,268.48,452.56,28.77,22.47,1,-1,-1,-1
52,8,819.61,405.89,71.35,65.49,1,-1,-1,-1
52,9,280.37,467.52,25.70,22.15,1,-1,-1,-1
53,1,711.36,350.93,138.07,103.39,1,-1,-1,-1
53,2,331.67,391.20,137.89,105.75,1,-1,-1,-1
53,3,345.63,186.31,127.21,96.07,1,-1,-1,-1
53,4,268.18,452.08,28.94,22.53,1,-1,-1,-1
53,8,819.53,405.72,71.27,65.82,1,-1,-1,-1
53,9,280.31,467.53,25.83,22.19,1,-1,-1,-1
54,1,710.85,350.76,139.11,104.07,1,-1,-1,-1
54,2,331.62,391.08,138.15,106.13,1,-1,-1,-1
54,3,349.65,187.01,125.03,96.91,1,-1,-1,-1
54,4,268.64,452.02,26.91,22.68,1,-1,-1,-1
54,8,818.94,405.38,71.57,66.40,1,-1,-1,-1
54,9,280.55,467.44,25.48,22.27,1,-1,-1,-1
55,2,330.60,391.11,139.41,105.98,1,-1,-1,-1
55,3,355.09,187.38,121.86,99.61,1,-1,-1,-1
55,4,268.73,452.30,26.16,22.48,1,-1,-1,-1
55,8,818.13,404.91,72.35,66.98,1,-1,-1,-1
55,9,280.91,467.39,25.08,22.34,1,-1,-1,-1
56,2,329.97,390.98,139.80,106.05,1,-1,-1,-1
56,3,357.42,188.29,121.25,99.58,1,-1,-1,-1
56,4,268.70,452.51,25.87,22.44,1,-1,-1,-1
56,8,817.99,404.91,72.11,66.93,1,-1,-1,-1
56,9,281.02,467.38,25.08,22.31,1,-1,-1,-1
57,1,709.43,350.71,142.05,104.64,1,-1,-1,-1
57,2,329.72,390.66,139.74,106.29,1,-1,-1,-1
57,3,358.68,188.50,122.67,103.13,1,-1,-1,-1
57,4,268.65,452.62,25.80,22.55,1,-1,-1,-1
57,8,816.46,403.58,73.68,68.44,1,-1,-1,-1
57,9,280.96,467.36,25.25,22.34,1,-1,-1,-1
58,1,709.30,350.97,141.34,104.79,1,-1,-1,-1
58,2,329.11,390.63,140.30,106.12,1,-1,-1,-1
58,3,360.96,190.57,125.00,106.40,1,-1,-1,-1
58,4,268.68,452.76,25.69,22.53,1,-1,-1,-1
58,7,767.61,295.93,99.55,85.01,1,-1,-1,-1
58,8,816.05,403.91,72.70,67.73,1,-1,-1,-1
58,9,280.99,467.36,25.24,22.32,1,-1,-1,-1
59,1,708.93,351.14,141.61,104.80,1,-1,-1,-1
59,2,329.56,390.46,139.55,106.20,1,-1,-1,-1
59,3,362.36,192.68,125.01,107.78,1,-1,-1,-1
59,4,268.50,452.85,26.77,22.51,1,-1,-1,-1
59,7,767.51,295.52,99.64,85.49,1,-1,-1,-1
59,8,815.54,403.77,72.78,67.95,1,-1,-1,-1
59,9,280.68,467.38,25.64,22.23,1,-1,-1,-1
60,1,709.22,351.23,140.66,104.67,1,-1,-1,-1
60,2,330.58,390.77,138.26,105.82,1,-1,-1,-1
60,3,363.01,194.56,128.92,107.41,1,-1,-1,-1
60,4,268.96,452.92,26.26,22.35,1,-1,-1,-1
60,7,767.37,295.52,99.66,85.49,1,-1,-1,-1
60,8,815.37,404.08,72.80,67.55,1,-1,-1,-1
60,9,280.35,467.46,25.90,22.00,1,-1,-1,-1
61,1,709.15,351.21,140.60,104.66,1,-1,-1,-1
61,2,331.04,390.92,137.80,105.55,1,-1,-1,-1
61,3,364.14,195.25,128.96,107.33,1,-1,-1,-1
61,4,268.95,452.92,26.66,22.26,1,-1,-1,-1
61,7,767.43,295.55,99.41,85.78,1,-1,-1,-1
61,8,815.45,404.36,72.70,67.32,1,-1,-1,-1
61,9,280.03,467.47,26.14,21.96,1,-1,-1,-1
62,1,709.14,351.30,140.56,104.56,1,-1,-1,-1
62,2,330.51,390.73,138.79,105.91,1,-1,-1,-1
62,3,364.43,195.40,130.78,107.97,1,-1,-1,-1
62,4,269.33,452.92,25.11,22.28,1,-1,-1,-1
62,7,768.22,295.38,98.81,85.81,1,-1,-1,-1
62,8,815.49,404.15,72.76,67.74,1,-1,-1,-1
62,9,280.26,467.45,25.77,22.03,1,-1,-1,-1
63,1,708.89,351.15,140.85,104.66,1,-1,-1,-1
63,2,329.23,390.58,140.36,106.39,1,-1,-1,-1
63,3,366.90,196.62,131.38,107.57,1,-1,-1,-1
63,4,268.88,452.96,25.46,22.29,1,-1,-1,-1
63,7,768.66,295.69,98.89,85.98,1,-1,-1,-1
63,8,815.55,403.73,72.47,68.39,1,-1,-1,-1
63,9,280.57,467.38,25.45,22.22,1,-1,-1,-1
64,1,708.36,350.93,142.18,104.89,1,-1,-1,-1
64,2,328.38,390.72,141.06,106.31,1,-1,-1,-1
64,3,368.59,197.91,132.06,107.00,1,-1,-1,-1
64,4,268.60,453.01,25.90,22.28,1,-1,-1,-1
64,7,768.22,296.23,99.96,84.86,1,-1,-1,-1
64,8,815.70,402.87,72.04,69.42,1,-1,-1,-1
64,9,280.65,467.42,25.46,22.30,1,-1,-1,-1
65,1,708.08,350.98,143.79,104.71,1,-1,-1,-1
65,2,329.06,390.68,139.81,106.59,1,-1,-1,-1
65,3,371.01,198.87,132.77,107.35,1,-1,-1,-1
65,4,268.68,453.06,26.00,22.23,1,-1,-1,-1
65,7,769.04,296.01,99.45,84.11,1,-1,-1,-1
65,8,815.54,402.54,71.51,69.77,1,-1,-1,-1
65,9,280.63,467.44,25.56,22.28,1,-1,-1,-1
66,1,707.92,350.82,144.49,105.62,1,-1,-1,-1
66,2,330.35,390.86,138.35,106.51,1,-1,-1,-1
66,3,372.65,199.95,134.13,107.83,1,-1,-1,-1
66,4,268.35,453.12,28.27,22.23,1,-1,-1,-1
66,7,770.05,296.61,98.09,84.53,1,-1,-1,-1
66,8,814.86,401.86,72.00,70.54,1,-1,-1,-1
66,9,280.76,467.48,25.38,22.19,1,-1,-1,-1
67,1,707.15,350.97,146.15,106.74,1,-1,-1,-1
67,2,331.80,390.84,136.99,106.80,1,-1,-1,-1
67,3,375.91,200.85,133.41,107.73,1,-1,-1,-1
67,4,269.03,453.11,27.38,22.31,1,-1,-1,-1
67,7,770.35,297.06,97.74,85.10,1,-1,-1,-1
67,8,814.10,402.90,72.22,69.56,1,-1,-1,-1
67,9,280.63,467.42,25.58,22.25,1,-1,-1,-1
68,1,708.67,351.96,167.01,115.47,1,-1,-1,-1
68,2,332.30,390.86,136.89,106.84,1,-1,-1,-1
68,3,379.37,202.26,133.66,107.85,1,-1,-1,-1
68,4,269.08,453.10,27.17,22.30,1,-1,-1,-1
68,7,770.70,297.55,97.38,84.38,1,-1,-1,-1
68,9,280.87,467.31,25.20,22.37,1,-1,-1,-1
69,1,711.38,352.16,164.01,113.54,1,-1,-1,-1
69,2,332.23,390.86,137.28,106.92,1,-1,-1,-1
69,3,383.90,203.05,133.06,108.54,1,-1,-1,-1
69,4,268.83,453.08,27.99,22.32,1,-1,-1,-1
69,7,770.38,297.81,98.19,86.30,1,-1,-1,-1
69,9,280.76,467.31,25.34,22.31,1,-1,-1,-1
70,1,714.20,313.00,157.18,160.13,1,-1,-1,-1
70,2,332.05,390.95,137.53,106.79,1,-1,-1,-1
70,3,391.28,203.58,128.20,109.98,1,-1,-1,-1
70,4,268.72,453.03,28.82,22.46,1,-1,-1,-1
70,9,280.88,467.22,25.10,22.41,1,-1,-1,-1
71,2,331.89,391.03,137.52,106.68,1,-1,-1,-1
71,3,394.28,204.05,129.19,110.89,1,-1,-1,-1
71,4,269.16,453.01,27.74,22.54,1,-1,-1,-1
71,9,280.55,467.29,25.57,22.33,1,-1,-1,-1
72,2,332.02,391.38,137.13,106.19,1,-1,-1,-1
72,3,395.23,205.72,132.14,110.61,1,-1,-1,-1
72,4,267.07,449.99,36.60,37.05,1,-1,-1,-1
73,2,331.61,391.43,137.60,106.35,1,-1,-1,-1
73,3,396.67,206.38,133.48,111.98,1,-1,-1,-1
73,4,268.25,452.37,36.84,37.19,1,-1,-1,-1
74,2,331.94,391.40,137.00,106.39,1,-1,-1,-1
74,3,398.42,206.62,132.44,113.20,1,-1,-1,-1
74,4,268.83,453.54,36.87,37.24,1,-1,-1,-1
74,7,767.75,304.47,66.36,65.92,1,-1,-1,-1
75,2,331.79,391.25,137.44,106.65,1,-1,-1,-1
75,3,397.24,207.46,138.67,113.18,1,-1,-1,-1
75,4,269.16,453.95,36.72,37.07,1,-1,-1,-1
75,7,764.73,303.81,65.96,63.83,1,-1,-1,-1
76,2,331.23,391.29,137.97,106.59,1,-1,-1,-1
76,3,400.58,207.94,139.60,114.10,1,-1,-1,-1
76,4,269.21,453.90,36.64,37.35,1,-1,-1,-1
76,7,761.28,301.83,70.72,67.39,1,-1,-1,-1
77,2,331.02,391.21,137.66,105.95,1,-1,-1,-1
77,3,404.53,208.59,138.86,114.66,1,-1,-1,-1
77,4,269.18,453.72,36.55,36.81,1,-1,-1,-1
77,7,760.33,300.46,73.14,67.23,1,-1,-1,-1
77,10,879.95,378.84,24.75,21.37,1,-1,-1,-1
78,2,330.00,390.70,139.08,106.69,1,-1,-1,-1
78,3,406.83,209.24,141.20,115.09,1,-1,-1,-1
78,4,269.10,453.23,36.57,37.39,1,-1,-1,-1
78,7,759.00,299.35,80.06,67.73,1,-1,-1,-1
78,8,780.73,411.45,76.40,68.48,1,-1,-1,-1
79,2,329.28,390.61,139.79,106.50,1,-1,-1,-1
79,3,408.37,209.66,143.21,116.39,1,-1,-1,-1
79,4,269.15,453.08,36.40,37.31,1,-1,-1,-1
79,7,758.97,298.04,82.28,70.63,1,-1,-1,-1
79,8,775.46,410.84,78.98,69.23,1,-1,-1,-1
80,2,329.75,390.49,138.99,106.36,1,-1,-1,-1
80,3,412.42,211.44,142.19,114.35,1,-1,-1,-1
80,4,270.35,455.92,29.67,22.98,1,-1,-1,-1
80,7,757.96,297.30,83.70,72.05,1,-1,-1,-1
80,9,280.33,467.05,25.75,22.61,1,-1,-1,-1
81,2,330.16,390.76,138.40,106.32,1,-1,-1,-1
81,3,415.02,212.65,145.98,114.90,1,-1,-1,-1
81,4,270.03,453.63,25.05,22.71,1,-1,-1,-1
81,7,755.71,296.29,84.94,73.39,1,-1,-1,-1
81,8,761.84,409.55,81.33,69.39,1,-1,-1,-1
81,9,281.06,467.29,24.87,22.83,1,-1,-1,-1
82,2,330.29,390.75,138.59,105.89,1,-1,-1,-1
82,3,418.39,213.38,146.60,115.58,1,-1,-1,-1
82,4,266.31,449.32,36.38,36.99,1,-1,-1,-1
82,7,752.12,295.60,86.29,71.84,1,-1,-1,-1
82,8,711.05,365.23,134.09,122.73,1,-1,-1,-1
82,10,871.54,383.85,22.28,20.20,1,-1,-1,-1
83,2,330.80,391.37,137.63,105.17,1,-1,-1,-1
83,3,422.95,212.84,145.75,118.89,1,-1,-1,-1
83,4,267.36,451.32,36.75,37.49,1,-1,-1,-1
83,7,748.53,295.36,83.12,71.34,1,-1,-1,-1
84,2,330.43,390.82,138.53,106.15,1,-1,-1,-1
84,3,426.90,214.19,144.50,118.42,1,-1,-1,-1
84,4,268.08,452.56,36.78,37.12,1,-1,-1,-1
84,7,742.70,295.08,85.28,72.61,1,-1,-1,-1
84,8,737.35,398.92,77.18,68.84,1,-1,-1,-1
85,2,330.50,390.95,138.46,106.08,1,-1,-1,-1
85,3,429.79,214.83,143.85,119.16,1,-1,-1,-1
85,4,268.44,453.16,36.86,37.18,1,-1,-1,-1
85,7,737.84,294.79,88.07,73.71,1,-1,-1,-1
85,8,739.85,408.33,74.40,61.25,1,-1,-1,-1
86,2,330.44,391.10,138.60,105.97,1,-1,-1,-1
86,3,433.38,215.46,145.29,118.86,1,-1,-1,-1
86,4,268.65,453.34,36.83,37.31,1,-1,-1,-1
86,7,733.52,294.41,95.55,74.53,1,-1,-1,-1
86,8,740.50,408.11,71.52,64.49,1,-1,-1,-1
86,12,698.19,356.51,109.39,76.71,1,-1,-1,-1
86,13,826.99,331.37,20.28,14.45,1,-1,-1,-1
87,2,330.36,391.17,138.85,105.79,1,-1,-1,-1
87,3,437.31,215.30,146.67,119.20,1,-1,-1,-1
87,4,268.57,453.35,36.98,37.34,1,-1,-1,-1
87,7,733.63,292.91,98.10,77.18,1,-1,-1,-1
87,8,740.50,408.93,69.55,63.36,1,-1,-1,-1
87,13,826.06,331.00,21.37,14.99,1,-1,-1,-1
88,2,330.40,391.14,138.84,105.79,1,-1,-1,-1
88,3,442.21,215.61,145.00,120.22,1,-1,-1,-1
88,4,268.67,453.27,36.81,37.41,1,-1,-1,-1
88,7,735.69,292.27,94.82,77.61,1,-1,-1,-1
88,12,695.50,355.24,110.81,76.56,1,-1,-1,-1
88,13,826.13,331.13,20.76,14.41,1,-1,-1,-1
89,2,329.83,391.13,139.52,105.70,1,-1,-1,-1
89,3,445.87,216.92,144.49,119.23,1,-1,-1,-1
89,4,268.53,453.19,36.95,37.48,1,-1,-1,-1
89,12,692.37,353.33,112.52,78.11,1,-1,-1,-1
89,13,826.19,330.72,21.28,14.89,1,-1,-1,-1
90,2,329.69,391.13,139.49,105.65,1,-1,-1,-1
90,3,447.24,217.27,144.50,119.24,1,-1,-1,-1
90,4,268.23,453.15,37.26,37.52,1,-1,-1,-1
90,12,691.00,352.77,112.36,78.07,1,-1,-1,-1
90,13,826.44,330.63,21.30,14.89,1,-1,-1,-1
91,2,330.33,391.24,138.64,105.69,1,-1,-1,-1
91,3,449.45,218.25,143.05,118.91,1,-1,-1,-1
91,4,268.06,453.10,37.31,37.56,1,-1,-1,-1
91,13,827.22,330.29,20.61,15.71,1,-1,-1,-1
92,2,329.55,390.94,139.88,106.22,1,-1,-1,-1
92,3,453.97,217.35,146.73,119.08,1,-1,-1,-1
92,4,268.02,453.11,37.28,37.52,1,-1,-1,-1
92,8,745.02,404.77,64.84,63.79,1,-1,-1,-1
92,12,694.11,340.53,113.25,89.33,1,-1,-1,-1
93,2,330.11,391.12,139.07,106.05,1,-1,-1,-1
93,3,460.51,216.85,145.57,121.47,1,-1,-1,-1
93,4,268.04,453.07,37.24,37.53,1,-1,-1,-1
93,8,744.73,403.16,66.08,64.80,1,-1,-1,-1
94,2,329.96,391.04,139.36,106.17,1,-1,-1,-1
94,3,465.77,217.76,145.06,121.07,1,-1,-1,-1
94,4,268.11,453.05,37.16,37.52,1,-1,-1,-1
94,8,742.17,403.39,69.55,62.92,1,-1,-1,-1
94,12,707.07,328.05,103.43,99.76,1,-1,-1,-1
95,2,330.54,390.95,138.53,106.12,1,-1,-1,-1
95,3,469.67,218.41,143.35,120.37,1,-1,-1,-1
95,4,268.15,453.04,37.17,37.55,1,-1,-1,-1
95,8,745.97,406.11,64.40,59.23,1,-1,-1,-1
96,2,330.96,391.06,138.15,105.87,1,-1,-1,-1
96,3,471.63,217.30,147.90,120.72,1,-1,-1,-1
96,4,268.13,453.04,37.22,37.53,1,-1,-1,-1
96,8,747.81,407.24,64.49,58.37,1,-1,-1,-1
96,12,713.26,341.06,101.83,85.81,1,-1,-1,-1
97,2,330.21,390.72,139.29,106.46,1,-1,-1,-1
97,3,477.47,216.70,146.36,118.90,1,-1,-1,-1
97,4,268.14,453.07,37.21,37.46,1,-1,-1,-1
97,8,750.41,408.02,62.70,58.08,1,-1,-1,-1
97,14,873.59,355.68,29.42,16.11,1,-1,-1,-1
98,2,330.99,390.81,138.10,106.31,1,-1,-1,-1
98,3,482.79,214.34,145.01,122.17,1,-1,-1,-1
98,4,268.12,453.05,37.18,37.35,1,-1,-1,-1
98,8,749.29,408.33,64.84,57.64,1,-1,-1,-1
99,2,331.18,390.64,138.08,106.64,1,-1,-1,-1
99,3,486.50,214.14,145.64,121.02,1,-1,-1,-1
99,4,267.89,453.01,37.44,37.33,1,-1,-1,-1
99,14,879.69,358.22,29.87,17.83,1,-1,-1,-1
99,15,871.60,390.43,23.68,22.39,1,-1,-1,-1
100,2,331.91,390.98,137.21,106.16,1,-1,-1,-1
100,3,490.35,213.98,144.31,120.46,1,-1,-1,-1
100,4,267.98,453.02,37.28,37.25,1,-1,-1,-1
100,12,731.30,328.00,88.94,93.85,1,-1,-1,-1
100,15,872.24,390.66,24.46,22.21,1,-1,-1,-1
101,2,330.64,390.69,139.18,106.67,1,-1,-1,-1
101,3,494.17,214.19,144.77,118.23,1,-1,-1,-1
101,4,267.91,453.01,37.37,37.18,1,-1,-1,-1
101,8,748.69,409.22,63.43,55.81,1,-1,-1,-1
101,15,875.80,391.20,21.51,22.17,1,-1,-1,-1
102,2,329.95,390.47,139.80,106.77,1,-1,-1,-1
102,3,498.08,213.64,145.91,116.85,1,-1,-1,-1
102,4,267.87,452.99,37.41,37.20,1,-1,-1,-1
102,8,749.16,411.01,63.03,52.42,1,-1,-1,-1
102,15,877.90,392.42,22.93,21.88,1,-1,-1,-1
103,2,330.24,390.60,139.09,106.49,1,-1,-1,-1
103,3,503.89,212.19,142.50,117.44,1,-1,-1,-1
103,4,267.88,452.99,37.40,37.20,1,-1,-1,-1
103,14,889.83,366.22,30.77,15.35,1,-1,-1,-1
104,2,329.95,390.62,139.27,106.33,1,-1,-1,-1
104,3,508.23,211.23,142.80,116.33,1,-1,-1,-1
104,4,267.83,453.03,37.44,37.19,1,-1,-1,-1
104,14,891.66,367.65,31.18,15.02,1,-1,-1,-1
105,2,330.31,390.79,138.73,106.25,1,-1,-1,-1
105,3,512.09,209.46,142.48,116.84,1,-1,-1,-1
105,4,267.69,453.01,37.64,37.35,1,-1,-1,-1
105,14,894.85,368.43,30.17,15.20,1,-1,-1,-1
106,2,329.64,390.67,139.73,106.54,1,-1,-1,-1
106,3,515.28,207.89,142.39,116.84,1,-1,-1,-1
106,4,267.67,453.03,37.69,37.29,1,-1,-1,-1
106,8,756.01,396.24,61.54,64.71,1,-1,-1,-1
107,2,329.15,390.70,140.26,106.41,1,-1,-1,-1
107,3,519.76,206.95,141.42,117.19,1,-1,-1,-1
107,4,267.95,453.08,37.35,37.23,1,-1,-1,-1
107,8,756.52,396.82,60.72,61.45,1,-1,-1,-1
107,14,901.41,370.97,31.03,16.52,1,-1,-1,-1
108,2,328.90,390.56,140.45,106.57,1,-1,-1,-1
108,3,524.46,206.28,141.29,117.01,1,-1,-1,-1
108,4,270.54,461.26,34.19,26.86,1,-1,-1,-1
108,8,754.84,399.21,60.38,56.96,1,-1,-1,-1
109,2,329.73,391.00,139.42,105.85,1,-1,-1,-1
109,3,529.10,206.62,141.07,115.05,1,-1,-1,-1
109,4,268.42,454.87,37.66,37.38,1,-1,-1,-1
109,12,750.52,321.92,103.29,133.32,1,-1,-1,-1
109,16,899.06,429.12,65.04,43.59,1,-1,-1,-1
110,2,329.15,390.06,140.37,106.71,1,-1,-1,-1
110,3,532.91,206.29,141.25,113.96,1,-1,-1,-1
110,4,268.43,453.73,37.13,37.20,1,-1,-1,-1
110,16,898.83,430.03,62.28,42.66,1,-1,-1,-1
111,2,331.50,391.18,137.18,105.48,1,-1,-1,-1
111,3,537.06,204.42,139.15,115.46,1,-1,-1,-1
111,4,267.90,453.39,37.86,37.62,1,-1,-1,-1
111,16,889.89,428.55,69.42,46.41,1,-1,-1,-1
112,2,330.07,390.11,139.72,106.14,1,-1,-1,-1
112,3,541.97,204.64,136.82,110.45,1,-1,-1,-1
112,4,268.73,453.11,36.44,36.87,1,-1,-1,-1
112,16,883.39,424.05,67.91,53.53,1,-1,-1,-1
113,2,329.44,390.54,139.78,105.37,1,-1,-1,-1
113,3,544.46,203.77,139.52,109.71,1,-1,-1,-1
113,4,268.14,452.69,37.46,37.84,1,-1,-1,-1
113,16,876.73,420.73,68.34,56.97,1,-1,-1,-1
113,19,891.28,376.72,31.49,14.12,1,-1,-1,-1
114,2,328.68,390.15,140.45,106.57,1,-1,-1,-1
114,3,549.12,203.41,138.29,110.56,1,-1,-1,-1
114,4,267.95,452.96,37.62,37.60,1,-1,-1,-1
114,16,873.11,426.37,63.46,49.04,1,-1,-1,-1
114,19,887.95,375.54,35.89,16.65,1,-1,-1,-1
115,2,326.65,389.50,142.80,106.70,1,-1,-1,-1
115,3,552.68,201.14,139.30,112.38,1,-1,-1,-1
115,4,268.27,452.99,37.55,36.67,1,-1,-1,-1
115,16,868.40,427.86,64.27,47.57,1,-1,-1,-1
115,19,885.43,377.16,34.15,14.02,1,-1,-1,-1
116,2,328.10,389.89,140.34,106.93,1,-1,-1,-1
116,3,556.50,200.29,137.98,112.31,1,-1,-1,-1
116,4,267.98,452.93,37.85,37.69,1,-1,-1,-1
116,16,864.36,422.60,66.93,55.03,1,-1,-1,-1
116,19,882.99,377.27,30.41,14.38,1,-1,-1,-1
117,2,327.87,390.28,140.83,106.82,1,-1,-1,-1
117,3,557.74,199.96,137.97,112.29,1,-1,-1,-1
117,4,267.79,453.24,37.98,37.65,1,-1,-1,-1
117,16,863.55,421.72,67.02,54.98,1,-1,-1,-1
117,19,880.41,377.44,30.41,14.38,1,-1,-1,-1
117,20,792.32,388.59,22.77,22.37,1,-1,-1,-1
118,2,326.10,388.89,143.31,107.80,1,-1,-1,-1
118,3,561.69,199.86,134.50,110.55,1,-1,-1,-1
118,4,268.25,453.06,37.04,37.10,1,-1,-1,-1
118,16,864.32,420.19,65.46,55.28,1,-1,-1,-1
118,19,879.62,374.94,31.83,16.08,1,-1,-1,-1
118,20,792.31,388.33,22.58,22.80,1,-1,-1,-1
119,2,327.44,389.35,141.21,107.12,1,-1,-1,-1
119,3,567.18,199.22,134.26,108.74,1,-1,-1,-1
119,4,271.13,460.83,33.39,27.58,1,-1,-1,-1
119,16,867.27,421.36,63.25,52.38,1,-1,-1,-1
119,19,879.87,373.92,30.07,16.91,1,-1,-1,-1
119,20,791.66,388.49,23.09,22.61,1,-1,-1,-1
120,2,326.27,388.76,142.98,107.56,1,-1,-1,-1
120,3,571.50,198.95,135.97,107.71,1,-1,-1,-1
120,4,268.74,454.73,37.68,36.64,1,-1,-1,-1
120,12,732.70,336.28,114.46,112.60,1,-1,-1,-1
120,16,869.97,424.48,60.70,48.04,1,-1,-1,-1
120,19,880.52,373.86,29.20,16.38,1,-1,-1,-1
121,2,329.04,390.17,139.23,105.90,1,-1,-1,-1
121,3,575.05,198.05,136.48,108.67,1,-1,-1,-1
121,4,268.14,453.54,37.78,37.88,1,-1,-1,-1
121,12,732.15,337.31,108.32,111.57,1,-1,-1,-1
121,16,871.27,425.25,60.84,47.95,1,-1,-1,-1
121,18,919.97,399.08,25.05,17.36,1,-1,-1,-1
121,19,881.58,374.31,28.59,15.88,1,-1,-1,-1
122,2,329.56,389.53,139.21,106.65,1,-1,-1,-1
122,3,579.23,197.32,134.79,109.09,1,-1,-1,-1
122,4,267.88,453.13,37.59,37.15,1,-1,-1,-1
122,12,730.67,336.86,106.77,112.40,1,-1,-1,-1
122,16,871.84,425.36,61.86,47.99,1,-1,-1,-1
122,18,919.09,396.92,24.13,19.08,1,-1,-1,-1
122,19,880.97,373.52,29.51,16.29,1,-1,-1,-1
123,2,329.12,390.20,139.83,105.78,1,-1,-1,-1
123,3,582.30,197.41,133.93,108.72,1,-1,-1,-1
123,4,267.96,452.85,37.26,37.33,1,-1,-1,-1
123,12,729.74,336.91,104.25,113.14,1,-1,-1,-1
123,16,871.42,426.08,62.50,47.19,1,-1,-1,-1
123,19,881.14,373.20,29.47,16.49,1,-1,-1,-1
124,2,326.76,389.38,142.93,107.22,1,-1,-1,-1
124,3,585.34,196.63,132.23,109.77,1,-1,-1,-1
124,4,267.77,452.69,37.45,37.46,1,-1,-1,-1
124,16,871.55,426.09,62.29,47.19,1,-1,-1,-1
125,2,327.26,389.73,141.67,106.70,1,-1,-1,-1
125,3,588.77,197.90,129.41,108.20,1,-1,-1,-1
125,4,267.75,452.83,37.40,37.02,1,-1,-1,-1
125,16,871.33,426.13,62.70,46.98,1,-1,-1,-1
125,19,879.00,372.01,29.01,16.74,1,-1,-1,-1
126,2,323.00,389.23,146.79,107.83,1,-1,-1,-1
126,3,590.39,198.18,131.88,109.04,1,-1,-1,-1
126,4,267.91,452.66,37.28,37.86,1,-1,-1,-1
126,16,869.85,426.54,64.77,46.45,1,-1,-1,-1
127,2,321.91,388.46,147.09,108.52,1,-1,-1,-1
127,3,592.19,200.27,133.19,107.25,1,-1,-1,-1
127,4,268.17,452.84,37.03,37.48,1,-1,-1,-1
127,16,870.02,424.49,64.73,48.85,1,-1,-1,-1
128,2,322.91,389.13,145.07,107.63,1,-1,-1,-1
128,3,594.00,200.86,132.44,109.73,1,-1,-1,-1
128,4,268.16,452.88,37.16,37.64,1,-1,-1,-1
128,16,870.82,425.04,63.34,47.71,1,-1,-1,-1
129,2,320.86,388.79,147.78,108.20,1,-1,-1,-1
129,3,594.95,202.64,133.33,109.17,1,-1,-1,-1
129,4,268.07,452.96,37.33,37.65,1,-1,-1,-1
129,16,869.82,423.95,64.35,49.07,1,-1,-1,-1
129,20,784.82,392.21,21.82,21.46,1,-1,-1,-1
130,2,322.18,389.13,145.72,107.71,1,-1,-1,-1
130,3,595.56,203.72,134.73,109.76,1,-1,-1,-1
130,4,267.95,453.13,37.35,37.09,1,-1,-1,-1
130,16,866.59,417.72,67.73,56.78,1,-1,-1,-1
131,2,321.86,389.02,146.61,108.02,1,-1,-1,-1
131,3,596.46,205.85,132.05,106.19,1,-1,-1,-1
131,4,267.71,453.02,37.63,37.64,1,-1,-1,-1
131,16,861.88,413.60,72.55,60.75,1,-1,-1,-1
131,21,924.97,371.90,16.28,27.02,1,-1,-1,-1
132,2,322.29,389.17,146.17,107.69,1,-1,-1,-1
132,3,600.96,215.34,127.46,98.27,1,-1,-1,-1
132,4,267.67,453.12,37.62,37.35,1,-1,-1,-1
133,2,318.91,388.55,150.67,108.45,1,-1,-1,-1
133,3,597.47,208.60,133.45,111.53,1,-1,-1,-1
133,4,267.64,453.03,37.59,37.57,1,-1,-1,-1
133,16,857.40,407.52,72.02,66.89,1,-1,-1,-1
133,19,871.81,374.00,28.09,16.08,1,-1,-1,-1
134,2,320.41,388.68,148.01,108.08,1,-1,-1,-1
134,3,596.96,207.98,133.29,111.70,1,-1,-1,-1
134,4,267.89,453.05,37.21,37.39,1,-1,-1,-1
134,16,851.93,411.72,70.42,60.91,1,-1,-1,-1
134,19,869.95,374.39,29.55,15.83,1,-1,-1,-1
135,2,319.55,388.43,149.38,108.37,1,-1,-1,-1
135,3,596.45,207.17,133.22,112.16,1,-1,-1,-1
135,4,267.90,453.02,37.25,37.30,1,-1,-1,-1
135,16,851.61,419.24,66.45,53.12,1,-1,-1,-1
135,19,867.00,374.87,32.22,16.22,1,-1,-1,-1
136,2,319.03,387.74,149.94,109.27,1,-1,-1,-1
136,3,596.15,206.71,132.92,112.37,1,-1,-1,-1
136,4,268.00,452.97,37.19,37.26,1,-1,-1,-1
136,16,849.73,419.42,68.87,56.34,1,-1,-1,-1
136,19,861.95,377.35,36.61,14.20,1,-1,-1,-1
137,3,596.11,206.36,132.22,112.62,1,-1,-1,-1
137,4,267.97,452.96,37.30,37.19,1,-1,-1,-1
137,19,858.96,377.52,32.95,14.66,1,-1,-1,-1
138,3,596.10,206.27,131.71,112.86,1,-1,-1,-1
138,4,267.84,452.92,37.45,37.33,1,-1,-1,-1
138,16,840.17,423.61,70.84,54.20,1,-1,-1,-1
138,22,357.58,459.51,24.18,24.43,1,-1,-1,-1
138,23,395.28,444.45,19.91,21.50,1,-1,-1,-1
139,2,318.16,387.80,150.58,109.01,1,-1,-1,-1
139,3,596.32,206.77,131.20,112.14,1,-1,-1,-1
139,4,267.52,452.92,37.84,37.45,1,-1,-1,-1
140,2,318.63,388.37,149.82,108.21,1,-1,-1,-1
140,3,598.14,207.08,128.83,111.71,1,-1,-1,-1
140,4,267.42,452.90,37.86,37.65,1,-1,-1,-1
141,2,317.28,388.26,151.52,108.58,1,-1,-1,-1
141,3,600.36,207.25,126.77,111.21,1,-1,-1,-1
141,4,267.55,452.96,37.67,37.63,1,-1,-1,-1
142,2,317.30,388.25,151.08,108.75,1,-1,-1,-1
142,3,602.41,207.31,125.28,110.07,1,-1,-1,-1
142,4,267.54,453.00,37.73,37.49,1,-1,-1,-1
143,2,315.21,387.86,153.71,109.40,1,-1,-1,-1
143,3,604.44,207.09,123.75,110.10,1,-1,-1,-1
143,4,267.59,452.99,37.68,37.43,1,-1,-1,-1
144,2,317.98,388.29,149.79,108.82,1,-1,-1,-1
144,3,605.45,206.28,123.73,110.01,1,-1,-1,-1
144,4,267.66,452.96,37.64,37.36,1,-1,-1,-1
145,2,314.51,386.99,154.85,110.47,1,-1,-1,-1
145,3,608.33,205.97,120.90,109.02,1,-1,-1,-1
145,4,267.88,452.94,37.43,37.37,1,-1,-1,-1
145,19,827.11,382.13,26.83,20.05,1,-1,-1,-1
145,24,768.38,282.54,91.06,89.50,1,-1,-1,-1
146,2,314.63,387.25,154.06,109.79,1,-1,-1,-1
146,3,610.21,206.06,120.40,108.69,1,-1,-1,-1
146,4,267.99,452.97,37.41,37.25,1,-1,-1,-1
146,19,827.67,382.64,25.51,20.58,1,-1,-1,-1
146,24,770.76,285.53,88.01,86.31,1,-1,-1,-1
146,25,900.97,391.59,26.12,21.38,1,-1,-1,-1
147,2,313.59,387.06,155.22,110.12,1,-1,-1,-1
147,3,612.07,205.39,121.68,108.21,1,-1,-1,-1
147,4,267.86,453.00,37.66,37.26,1,-1,-1,-1
147,24,769.95,289.66,89.69,82.03,1,-1,-1,-1
147,25,898.29,392.00,27.99,21.59,1,-1,-1,-1
148,2,313.23,386.58,155.52,110.87,1,-1,-1,-1
148,3,616.63,204.73,118.80,107.12,1,-1,-1,-1
148,4,267.73,453.04,37.79,37.35,1,-1,-1,-1
148,24,770.02,291.11,89.48,81.23,1,-1,-1,-1
149,2,314.75,387.45,153.50,109.76,1,-1,-1,-1
149,3,618.56,203.86,119.93,107.36,1,-1,-1,-1
149,4,267.69,453.10,37.78,37.37,1,-1,-1,-1
149,24,772.71,291.67,85.44,80.34,1,-1,-1,-1
150,2,316.46,387.85,151.80,109.50,1,-1,-1,-1
150,3,619.62,203.51,119.93,107.49,1,-1,-1,-1
150,4,267.64,453.13,37.81,37.31,1,-1,-1,-1
150,24,773.44,291.46,85.08,80.37,1,-1,-1,-1
151,2,318.49,388.24,149.83,109.00,1,-1,-1,-1
151,3,623.17,203.37,117.23,108.05,1,-1,-1,-1
151,4,267.51,453.14,38.02,37.20,1,-1,-1,-1
151,24,773.70,291.27,86.05,78.68,1,-1,-1,-1
152,2,319.71,388.37,149.01,108.91,1,-1,-1,-1
152,3,625.80,203.21,121.04,106.04,1,-1,-1,-1
152,4,267.58,453.14,37.97,37.08,1,-1,-1,-1
152,24,771.45,290.30,88.00,79.14,1,-1,-1,-1
153,2,318.04,388.19,151.43,109.11,1,-1,-1,-1
153,3,629.91,203.25,120.82,105.53,1,-1,-1,-1
153,4,267.65,453.07,37.91,37.13,1,-1,-1,-1
154,2,318.65,388.34,150.22,108.76,1,-1,-1,-1
154,3,634.76,202.46,118.59,102.56,1,-1,-1,-1
154,4,267.55,453.06,38.05,37.11,1,-1,-1,-1
154,24,766.22,287.09,94.21,99.71,1,-1,-1,-1
154,27,750.96,345.56,183.92,126.69,1,-1,-1,-1
155,2,317.98,388.19,150.95,108.87,1,-1,-1,-1
155,3,637.91,202.61,118.83,100.83,1,-1,-1,-1
155,4,267.55,453.03,38.01,37.21,1,-1,-1,-1
155,24,765.71,287.06,95.40,106.03,1,-1,-1,-1
156,2,318.03,388.39,150.64,108.52,1,-1,-1,-1
156,3,642.45,201.22,118.27,102.20,1,-1,-1,-1
156,4,267.53,453.11,37.99,37.09,1,-1,-1,-1
156,24,764.85,287.10,100.57,108.36,1,-1,-1,-1
157,2,317.25,387.68,151.68,109.67,1,-1,-1,-1
157,3,645.56,200.74,121.58,103.18,1,-1,-1,-1
157,4,267.87,453.17,37.47,37.02,1,-1,-1,-1
157,24,767.30,286.30,97.51,109.56,1,-1,-1,-1
158,2,316.55,387.80,152.53,109.35,1,-1,-1,-1
158,3,650.16,197.94,120.88,107.12,1,-1,-1,-1
158,4,267.92,453.18,37.43,37.09,1,-1,-1,-1
158,27,744.89,348.32,145.65,125.49,1,-1,-1,-1
159,2,316.68,387.91,152.21,109.20,1,-1,-1,-1
159,3,654.66,197.34,120.91,106.93,1,-1,-1,-1
159,4,268.04,453.21,37.28,37.07,1,-1,-1,-1
160,2,315.80,387.94,153.17,109.16,1,-1,-1,-1
160,3,658.71,196.22,120.20,107.75,1,-1,-1,-1
160,4,268.03,453.24,37.37,37.01,1,-1,-1,-1
161,2,316.83,388.11,151.56,108.95,1,-1,-1,-1
161,3,665.17,196.67,116.06,106.10,1,-1,-1,-1
161,4,268.08,453.24,37.32,36.98,1,-1,-1,-1
162,2,315.86,388.14,153.08,109.09,1,-1,-1,-1
162,3,667.66,195.21,120.67,108.64,1,-1,-1,-1
162,4,268.10,453.21,37.28,37.01,1,-1,-1,-1
163,2,317.79,388.61,150.27,108.51,1,-1,-1,-1
163,3,670.98,194.66,127.78,109.35,1,-1,-1,-1
163,4,267.89,453.19,37.52,36.98,1,-1,-1,-1
164,2,319.39,388.81,148.64,108.36,1,-1,-1,-1
164,3,679.17,194.10,114.84,109.96,1,-1,-1,-1
164,4,267.84,453.20,37.49,36.93,1,-1,-1,-1
165,2,319.37,388.80,149.27,108.41,1,-1,-1,-1
165,3,679.84,194.10,127.81,109.50,1,-1,-1,-1
165,4,267.82,453.17,37.45,37.04,1,-1,-1,-1
166,2,317.80,388.07,151.25,109.25,1,-1,-1,-1
166,3,686.42,194.59,130.20,108.73,1,-1,-1,-1
166,4,267.88,453.21,37.35,36.96,1,-1,-1,-1
167,2,317.89,388.25,150.68,108.80,1,-1,-1,-1
167,3,690.07,194.65,130.30,108.84,1,-1,-1,-1
167,4,267.90,453.20,37.34,37.04,1,-1,-1,-1
168,2,318.37,388.28,149.98,108.87,1,-1,-1,-1
168,3,694.00,194.54,126.45,109.31,1,-1,-1,-1
168,4,267.88,453.21,37.33,37.02,1,-1,-1,-1
169,2,322.13,389.07,145.71,107.84,1,-1,-1,-1
169,3,699.86,194.81,121.09,105.12,1,-1,-1,-1
169,4,267.92,453.22,37.31,36.90,1,-1,-1,-1
170,2,324.14,389.69,144.34,107.19,1,-1,-1,-1
170,3,706.91,195.40,119.36,97.71,1,-1,-1,-1
170,4,268.02,453.19,37.20,36.92,1,-1,-1,-1
171,2,324.95,389.96,144.18,106.97,1,-1,-1,-1
171,3,710.11,192.31,122.82,103.26,1,-1,-1,-1
171,4,268.04,453.18,37.20,36.91,1,-1,-1,-1
172,2,323.79,389.85,145.96,107.43,1,-1,-1,-1
172,3,716.23,193.93,119.48,95.54,1,-1,-1,-1
172,4,268.01,453.19,37.25,36.91,1,-1,-1,-1
173,2,323.88,390.06,145.49,107.13,1,-1,-1,-1
173,3,720.67,192.62,118.41,96.67,1,-1,-1,-1
173,4,267.97,453.19,37.29,36.92,1,-1,-1,-1
174,2,323.26,390.06,146.09,107.14,1,-1,-1,-1
174,3,726.19,192.79,114.06,93.79,1,-1,-1,-1
174,4,267.91,453.20,37.38,36.87,1,-1,-1,-1
175,2,321.57,389.95,147.87,107.18,1,-1,-1,-1
175,3,729.84,191.51,115.04,94.01,1,-1,-1,-1
175,4,267.89,453.20,37.37,36.89,1,-1,-1,-1
176,2,319.37,389.68,150.07,107.51,1,-1,-1,-1
176,3,732.51,191.37,119.30,97.30,1,-1,-1,-1
176,4,267.90,453.20,37.39,36.89,1,-1,-1,-1
177,2,317.21,388.93,152.14,108.51,1,-1,-1,-1
177,3,738.25,192.84,116.25,99.94,1,-1,-1,-1
177,4,268.08,453.20,37.16,36.88,1,-1,-1,-1
178,2,315.73,388.73,153.19,108.65,1,-1,-1,-1
178,3,741.97,194.74,115.55,98.82,1,-1,-1,-1
178,4,268.08,453.16,37.21,36.94,1,-1,-1,-1
179,2,314.67,388.21,153.98,109.24,1,-1,-1,-1
179,4,268.10,453.17,37.22,36.93,1,-1,-1,-1
179,30,841.25,391.36,94.42,79.32,1,-1,-1,-1
180,2,315.38,387.73,152.75,109.67,1,-1,-1,-1
180,3,750.17,195.04,110.81,99.53,1,-1,-1,-1
180,4,268.08,453.17,37.26,36.92,1,-1,-1,-1
180,30,841.14,391.26,94.44,79.44,1,-1,-1,-1
181,2,316.57,387.58,151.64,109.77,1,-1,-1,-1
181,3,752.46,196.41,110.82,96.93,1,-1,-1,-1
181,4,268.08,453.17,37.26,36.91,1,-1,-1,-1
182,2,316.43,387.42,152.37,109.95,1,-1,-1,-1
182,3,753.61,194.51,111.84,98.14,1,-1,-1,-1
182,4,268.10,453.17,37.22,36.91,1,-1,-1,-1
183,2,315.86,386.89,153.27,110.71,1,-1,-1,-1
183,3,757.38,193.99,109.09,98.30,1,-1,-1,-1
183,4,268.06,453.16,37.27,36.92,1,-1,-1,-1
184,2,314.82,386.85,154.41,110.59,1,-1,-1,-1
184,4,268.18,453.18,37.12,36.92,1,-1,-1,-1
184,31,797.49,252.00,37.19,20.63,1,-1,-1,-1
184,32,797.85,223.96,31.07,17.57,1,-1,-1,-1
185,2,317.07,387.00,151.17,110.52,1,-1,-1,-1
185,4,267.96,453.20,37.44,36.85,1,-1,-1,-1
185,30,756.87,365.63,178.35,109.05,1,-1,-1,-1
185,31,803.39,252.50,36.65,21.33,1,-1,-1,-1
185,32,803.44,225.43,30.28,16.33,1,-1,-1,-1
186,2,318.30,387.52,150.07,109.87,1,-1,-1,-1
186,4,267.93,453.18,37.42,36.86,1,-1,-1,-1
186,30,750.02,362.57,178.94,110.84,1,-1,-1,-1
186,31,804.81,253.55,39.49,21.28,1,-1,-1,-1
186,32,806.34,226.20,30.34,15.74,1,-1,-1,-1
187,2,315.22,386.69,154.50,111.30,1,-1,-1,-1
187,4,267.94,453.17,37.36,36.90,1,-1,-1,-1
187,30,748.73,362.46,177.21,109.68,1,-1,-1,-1
187,31,803.94,255.54,41.18,19.85,1,-1,-1,-1
187,32,807.94,226.15,30.57,16.44,1,-1,-1,-1
188,2,318.05,387.53,150.16,109.96,1,-1,-1,-1
188,4,267.96,453.18,37.34,36.84,1,-1,-1,-1
188,30,747.65,360.00,178.63,112.85,1,-1,-1,-1
188,31,806.24,256.24,38.46,21.13,1,-1,-1,-1
188,32,811.63,225.26,28.38,17.69,1,-1,-1,-1
189,2,318.26,387.64,150.40,109.97,1,-1,-1,-1
189,4,267.98,453.17,37.32,36.84,1,-1,-1,-1
189,30,749.31,360.09,177.04,112.71,1,-1,-1,-1
189,31,810.81,256.63,40.38,21.52,1,-1,-1,-1
189,32,813.82,226.50,28.91,15.93,1,-1,-1,-1
190,2,320.34,388.18,147.96,109.33,1,-1,-1,-1
190,4,267.97,453.17,37.32,36.84,1,-1,-1,-1
190,30,748.94,353.24,178.61,122.25,1,-1,-1,-1
190,31,809.34,257.95,37.63,21.01,1,-1,-1,-1
190,32,815.47,226.26,31.51,18.66,1,-1,-1,-1
191,2,320.90,388.32,147.83,109.29,1,-1,-1,-1
191,4,268.00,453.17,37.27,36.83,1,-1,-1,-1
191,30,757.96,351.92,167.39,122.34,1,-1,-1,-1
191,32,818.12,226.29,31.10,20.21,1,-1,-1,-1
192,2,320.83,388.54,148.20,109.11,1,-1,-1,-1
192,4,268.01,453.18,37.24,36.81,1,-1,-1,-1
192,30,754.01,345.60,173.69,128.83,1,-1,-1,-1
192,32,819.47,227.87,30.18,18.50,1,-1,-1,-1
193,2,323.02,388.77,145.41,108.86,1,-1,-1,-1
193,4,268.07,453.19,37.13,36.76,1,-1,-1,-1
193,30,752.35,345.67,173.49,126.55,1,-1,-1,-1
193,32,823.16,227.27,28.75,19.33,1,-1,-1,-1
194,2,322.12,388.61,147.06,109.15,1,-1,-1,-1
194,4,268.06,453.19,37.15,36.77,1,-1,-1,-1
194,30,751.31,345.14,173.39,126.78,1,-1,-1,-1
194,32,824.57,227.06,28.74,19.32,1,-1,-1,-1
195,2,323.75,388.85,144.85,108.83,1,-1,-1,-1
195,4,268.08,453.19,37.11,36.76,1,-1,-1,-1
195,30,748.03,346.56,147.82,125.23,1,-1,-1,-1
195,32,824.12,229.20,31.48,16.45,1,-1,-1,-1
196,2,323.55,388.72,145.42,109.05,1,-1,-1,-1
196,4,268.01,453.17,37.21,36.80,1,-1,-1,-1
196,32,829.26,231.85,27.89,16.88,1,-1,-1,-1
197,2,323.46,388.64,145.54,109.14,1,-1,-1,-1
197,4,268.01,453.17,37.20,36.81,1,-1,-1,-1
197,30,729.62,347.22,136.56,125.09,1,-1,-1,-1
197,32,830.85,234.05,29.99,17.58,1,-1,-1,-1
198,2,323.56,388.65,145.36,109.12,1,-1,-1,-1
198,4,268.01,453.18,37.20,36.81,1,-1,-1,-1
199,2,323.51,388.64,145.39,109.10,1,-1,-1,-1
199,4,268.02,453.18,37.18,36.81,1,-1,-1,-1
199,31,823.74,265.57,38.80,20.75,1,-1,-1,-1
199,32,836.61,237.09,31.49,16.73,1,-1,-1,-1
200,2,329.28,389.96,138.09,106.91,1,-1,-1,-1
200,4,268.66,453.17,36.36,36.98,1,-1,-1,-1
200,31,825.20,266.00,41.25,20.99,1,-1,-1,-1
200,32,844.32,238.14,25.11,17.16,1,-1,-1,-1
201,2,330.77,390.20,137.68,106.80,1,-1,-1,-1
201,4,268.81,453.20,36.34,37.00,1,-1,-1,-1
201,30,710.66,347.18,182.58,128.10,1,-1,-1,-1
201,32,844.84,238.55,29.06,16.67,1,-1,-1,-1
201,33,796.06,247.54,15.82,24.92,1,-1,-1,-1
202,2,331.57,390.44,137.69,106.76,1,-1,-1,-1
202,4,268.98,453.26,36.17,36.96,1,-1,-1,-1
202,30,714.20,347.83,176.60,129.31,1,-1,-1,-1
202,31,830.63,267.11,46.68,21.34,1,-1,-1,-1
202,32,850.95,238.59,26.32,17.86,1,-1,-1,-1
203,2,331.92,390.12,137.67,107.39,1,-1,-1,-1
203,4,268.99,453.27,36.27,36.98,1,-1,-1,-1
203,30,714.68,348.52,170.03,128.88,1,-1,-1,-1
203,32,851.92,238.85,29.37,18.16,1,-1,-1,-1
204,2,331.53,390.17,138.14,107.15,1,-1,-1,-1
204,4,268.84,453.28,36.49,37.02,1,-1,-1,-1
204,30,712.77,307.68,169.14,180.94,1,-1,-1,-1
204,31,839.46,269.34,28.22,19.08,1,-1,-1,-1
204,32,857.12,238.51,29.32,18.51,1,-1,-1,-1
205,2,331.42,390.49,137.95,106.55,1,-1,-1,-1
205,4,269.03,453.32,36.17,36.92,1,-1,-1,-1
205,30,718.08,297.72,154.00,183.62,1,-1,-1,-1
205,31,840.56,269.29,43.45,20.92,1,-1,-1,-1
205,32,859.45,238.83,31.47,18.08,1,-1,-1,-1
206,2,330.85,390.37,138.45,106.64,1,-1,-1,-1
206,4,268.94,453.28,36.31,37.03,1,-1,-1,-1
206,30,716.54,334.23,147.30,133.47,1,-1,-1,-1
206,32,869.14,239.65,26.57,17.33,1,-1,-1,-1
207,2,330.17,390.32,139.06,106.62,1,-1,-1,-1
207,4,268.98,453.31,36.22,37.00,1,-1,-1,-1
207,32,871.50,240.32,30.60,16.66,1,-1,-1,-1
207,35,859.55,384.88,25.62,22.93,1,-1,-1,-1
208,2,329.00,390.41,139.89,106.34,1,-1,-1,-1
208,4,269.06,453.37,36.12,36.92,1,-1,-1,-1
208,31,868.83,273.34,38.01,18.90,1,-1,-1,-1
208,34,744.34,296.08,178.22,139.16,1,-1,-1,-1
208,36,921.65,263.95,17.60,20.54,1,-1,-1,-1
209,2,329.57,390.80,138.47,105.63,1,-1,-1,-1
209,4,269.03,453.40,36.15,36.84,1,-1,-1,-1
209,34,741.03,293.35,183.79,145.82,1,-1,-1,-1
210,2,330.03,390.70,137.80,105.78,1,-1,-1,-1
210,4,269.09,453.37,36.07,36.90,1,-1,-1,-1
211,2,330.11,390.83,137.81,105.58,1,-1,-1,-1
211,4,269.03,453.31,36.21,37.05,1,-1,-1,-1
212,2,330.36,390.88,137.82,105.71,1,-1,-1,-1
212,4,269.05,453.28,36.17,37.08,1,-1,-1,-1
213,2,330.89,390.96,137.43,105.88,1,-1,-1,-1
213,4,269.09,453.26,36.13,37.14,1,-1,-1,-1
214,2,330.70,391.10,137.89,105.60,1,-1,-1,-1
214,4,269.31,453.24,35.83,37.16,1,-1,-1,-1
214,31,920.78,275.80,29.36,19.03,1,-1,-1,-1
215,2,331.39,391.19,137.10,105.57,1,-1,-1,-1
215,4,269.49,453.27,35.68,37.03,1,-1,-1,-1
215,35,853.89,391.41,24.35,21.55,1,-1,-1,-1
216,2,330.92,391.04,137.85,105.66,1,-1,-1,-1
216,4,269.46,453.24,35.80,37.05,1,-1,-1,-1
216,31,918.63,274.88,47.16,21.33,1,-1,-1,-1
216,35,850.38,392.24,24.10,22.56,1,-1,-1,-1
217,2,330.68,390.54,138.01,106.28,1,-1,-1,-1
217,4,269.52,453.24,35.70,37.07,1,-1,-1,-1
217,30,732.44,336.04,76.47,62.24,1,-1,-1,-1
217,35,848.60,393.09,22.25,21.79,1,-1,-1,-1
218,2,330.26,390.18,138.37,106.49,1,-1,-1,-1
218,4,269.51,453.24,35.69,37.06,1,-1,-1,-1
218,30,717.98,331.80,92.31,65.25,1,-1,-1,-1
218,35,846.82,393.69,21.52,22.22,1,-1,-1,-1
218,41,880.06,217.45,101.68,104.65,1,-1,-1,-1
219,2,330.67,390.40,137.53,106.04,1,-1,-1,-1
219,4,271.74,456.31,25.34,22.61,1,-1,-1,-1
219,30,718.45,330.27,86.71,64.50,1,-1,-1,-1
219,31,945.87,276.36,33.39,21.94,1,-1,-1,-1
219,35,844.13,393.34,23.88,22.70,1,-1,-1,-1
220,2,330.63,390.39,137.75,106.28,1,-1,-1,-1
220,4,267.72,450.91,35.81,36.97,1,-1,-1,-1
220,30,716.68,328.35,86.98,66.16,1,-1,-1,-1
221,2,329.63,390.19,139.17,106.70,1,-1,-1,-1
221,4,271.03,455.18,24.11,22.58,1,-1,-1,-1
221,30,715.83,328.04,90.33,67.47,1,-1,-1,-1
221,42,280.44,467.44,25.49,22.34,1,-1,-1,-1
222,2,329.94,390.29,138.39,106.48,1,-1,-1,-1
222,4,269.61,453.58,24.13,22.42,1,-1,-1,-1
222,30,716.32,329.42,90.03,65.45,1,-1,-1,-1
222,42,280.33,467.47,25.71,22.28,1,-1,-1,-1
223,2,330.42,390.51,137.82,106.11,1,-1,-1,-1
223,35,837.19,393.61,23.34,21.82,1,-1,-1,-1
223,42,272.22,456.57,35.88,36.94,1,-1,-1,-1
224,2,330.32,390.31,138.36,106.48,1,-1,-1,-1
224,4,268.93,452.57,23.37,22.50,1,-1,-1,-1
224,35,836.66,393.33,22.53,21.83,1,-1,-1,-1
224,42,278.29,465.28,25.99,22.29,1,-1,-1,-1
224,43,841.31,301.99,53.23,54.87,1,-1,-1,-1
224,44,754.66,366.34,33.08,15.67,1,-1,-1,-1
225,2,331.08,390.53,137.33,106.07,1,-1,-1,-1
225,35,836.59,392.94,21.86,22.32,1,-1,-1,-1
225,42,270.78,455.07,36.09,36.99,1,-1,-1,-1
225,44,752.72,365.75,34.20,15.78,1,-1,-1,-1
225,45,696.87,389.59,72.89,66.28,1,-1,-1,-1
226,2,332.05,390.42,136.12,106.14,1,-1,-1,-1
226,4,268.72,452.67,23.79,22.23,1,-1,-1,-1
226,42,277.89,464.74,25.88,22.32,1,-1,-1,-1
226,45,696.43,389.78,74.25,66.37,1,-1,-1,-1
227,2,332.47,390.47,135.67,105.94,1,-1,-1,-1
227,31,993.67,284.32,22.91,17.71,1,-1,-1,-1
227,46,960.62,280.29,21.62,18.72,1,-1,-1,-1
228,2,332.68,390.58,135.73,105.84,1,-1,-1,-1
228,31,996.89,285.09,21.71,18.19,1,-1,-1,-1
228,42,270.05,454.29,36.21,36.96,1,-1,-1,-1
229,2,332.91,390.73,135.36,105.63,1,-1,-1,-1
229,4,268.89,452.90,24.83,22.38,1,-1,-1,-1
229,41,926.97,250.71,102.89,74.40,1,-1,-1,-1
229,42,278.08,464.77,25.69,22.31,1,-1,-1,-1
230,2,332.14,390.61,136.53,105.89,1,-1,-1,-1
230,4,269.24,453.10,24.83,22.32,1,-1,-1,-1
230,30,719.66,329.08,88.45,63.34,1,-1,-1,-1
230,31,998.35,284.22,20.76,20.50,1,-1,-1,-1
230,42,279.50,466.43,25.74,22.31,1,-1,-1,-1
230,48,859.97,416.78,63.66,42.69,1,-1,-1,-1
231,2,335.67,390.35,123.67,105.96,1,-1,-1,-1
231,4,269.45,453.19,24.39,22.21,1,-1,-1,-1
231,30,719.29,328.59,90.37,65.59,1,-1,-1,-1
231,41,935.08,250.54,89.96,79.88,1,-1,-1,-1
231,42,280.39,467.28,25.60,22.32,1,-1,-1,-1
232,2,334.10,390.16,124.24,106.14,1,-1,-1,-1
232,4,269.32,453.23,24.90,22.19,1,-1,-1,-1
232,30,719.67,328.96,90.70,65.71,1,-1,-1,-1
232,41,936.23,251.89,89.22,78.50,1,-1,-1,-1
232,42,280.81,467.66,25.54,22.26,1,-1,-1,-1
232,48,867.11,415.37,61.89,44.13,1,-1,-1,-1
233,2,333.89,390.29,122.25,105.87,1,-1,-1,-1
233,4,266.90,450.15,36.18,36.91,1,-1,-1,-1
233,30,718.63,329.81,92.42,65.56,1,-1,-1,-1
233,31,999.05,284.59,22.43,20.88,1,-1,-1,-1
233,49,849.16,392.07,22.74,22.31,1,-1,-1,-1
234,2,329.06,390.92,136.34,105.34,1,-1,-1,-1
234,4,271.10,455.69,24.69,22.06,1,-1,-1,-1
234,42,281.09,467.79,25.39,22.25,1,-1,-1,-1
234,44,761.78,369.49,34.37,13.21,1,-1,-1,-1
234,49,849.70,392.11,23.70,22.21,1,-1,-1,-1
235,2,330.16,391.08,136.63,105.35,1,-1,-1,-1
235,4,269.83,454.42,25.43,22.01,1,-1,-1,-1
235,30,720.88,330.26,92.14,64.18,1,-1,-1,-1
235,42,281.08,467.66,25.24,22.29,1,-1,-1,-1
235,49,851.99,392.24,23.52,21.65,1,-1,-1,-1
236,2,330.70,391.13,136.80,105.42,1,-1,-1,-1
236,4,269.26,453.64,25.56,22.00,1,-1,-1,-1
236,30,730.65,330.08,81.62,64.93,1,-1,-1,-1
236,42,280.95,467.59,25.32,22.27,1,-1,-1,-1
236,49,855.99,391.89,21.03,22.30,1,-1,-1,-1
237,2,330.25,391.06,138.12,105.62,1,-1,-1,-1
237,4,266.71,450.08,36.34,36.91,1,-1,-1,-1
237,30,735.75,330.63,79.74,64.48,1,-1,-1,-1
237,49,857.55,391.81,22.61,21.89,1,-1,-1,-1
238,2,330.10,391.00,138.21,105.64,1,-1,-1,-1
238,4,268.34,452.37,36.40,36.93,1,-1,-1,-1
238,30,738.57,331.23,78.37,63.70,1,-1,-1,-1
238,31,994.95,284.26,29.33,19.81,1,-1,-1,-1
239,2,330.03,391.07,138.30,105.55,1,-1,-1,-1
239,4,269.19,453.53,36.36,36.93,1,-1,-1,-1
239,30,737.51,331.55,82.39,62.87,1,-1,-1,-1
239,41,957.37,279.45,138.17,94.31,1,-1,-1,-1
239,49,861.48,390.99,22.14,22.28,1,-1,-1,-1
240,2,330.92,391.02,137.17,105.63,1,-1,-1,-1
240,4,269.47,453.91,36.37,37.06,1,-1,-1,-1
240,30,738.56,331.54,82.14,63.57,1,-1,-1,-1
240,31,997.37,284.82,25.58,18.97,1,-1,-1,-1
240,49,862.23,389.74,24.90,22.66,1,-1,-1,-1
241,2,330.28,390.92,138.41,105.78,1,-1,-1,-1
241,4,269.51,453.96,36.35,37.09,1,-1,-1,-1
241,30,743.79,331.82,77.08,63.83,1,-1,-1,-1
241,31,998.00,284.41,23.35,19.43,1,-1,-1,-1
241,49,864.01,389.32,24.92,22.00,1,-1,-1,-1
242,2,330.16,390.92,138.63,105.74,1,-1,-1,-1
242,4,269.39,453.91,36.38,36.93,1,-1,-1,-1
242,30,747.75,332.20,75.35,63.88,1,-1,-1,-1
242,31,998.67,284.82,22.67,21.13,1,-1,-1,-1
242,49,865.68,389.07,25.84,21.60,1,-1,-1,-1
243,2,328.99,390.84,139.63,105.70,1,-1,-1,-1
243,4,269.34,453.75,36.28,36.90,1,-1,-1,-1
243,30,750.26,332.51,74.39,63.74,1,-1,-1,-1
243,31,998.48,286.28,23.87,21.41,1,-1,-1,-1
243,49,867.03,388.70,26.18,21.35,1,-1,-1,-1
244,2,329.06,390.83,138.96,105.52,1,-1,-1,-1
244,4,269.39,453.62,36.08,36.87,1,-1,-1,-1
244,30,750.73,332.44,74.90,63.84,1,-1,-1,-1
244,49,868.11,388.41,25.19,21.35,1,-1,-1,-1
245,2,328.83,390.68,138.94,105.63,1,-1,-1,-1
245,4,269.31,453.49,36.12,36.87,1,-1,-1,-1
245,30,750.24,332.30,76.25,64.09,1,-1,-1,-1
245,49,868.12,388.32,25.54,21.35,1,-1,-1,-1
246,2,328.69,390.63,139.28,105.63,1,-1,-1,-1
246,4,269.27,453.38,36.15,36.90,1,-1,-1,-1
246,30,749.80,332.15,77.12,64.10,1,-1,-1,-1
247,2,329.35,390.50,138.70,105.79,1,-1,-1,-1
247,4,269.23,453.32,36.15,36.95,1,-1,-1,-1
247,30,750.80,332.10,76.06,63.59,1,-1,-1,-1
247,31,998.40,288.82,23.37,22.25,1,-1,-1,-1
247,49,868.48,388.33,24.66,21.54,1,-1,-1,-1
248,2,328.94,390.44,139.55,105.84,1,-1,-1,-1
248,4,269.13,453.33,36.26,36.89,1,-1,-1,-1
248,30,751.08,332.11,76.30,63.06,1,-1,-1,-1
248,49,868.21,388.45,24.50,21.57,1,-1,-1,-1
249,2,329.61,390.44,138.41,105.82,1,-1,-1,-1
249,4,269.19,453.33,36.14,36.78,1,-1,-1,-1
249,30,751.80,331.98,75.88,63.04,1,-1,-1,-1
249,49,868.07,388.57,24.44,21.40,1,-1,-1,-1
250,2,329.83,390.56,138.22,105.69,1,-1,-1,-1
250,4,271.37,456.39,25.76,22.11,1,-1,-1,-1
250,30,753.10,331.99,74.41,63.24,1,-1,-1,-1
250,49,867.86,388.55,24.86,21.59,1,-1,-1,-1
251,2,330.81,390.80,136.81,105.34,1,-1,-1,-1
251,4,269.66,453.93,25.70,22.10,1,-1,-1,-1
251,30,752.25,331.74,75.30,63.80,1,-1,-1,-1
251,49,867.97,388.68,24.27,21.24,1,-1,-1,-1
251,52,281.25,467.32,24.92,22.32,1,-1,-1,-1
252,2,337.93,391.00,112.65,104.31,1,-1,-1,-1
252,30,751.85,331.85,75.46,63.79,1,-1,-1,-1
252,52,274.14,458.55,36.20,36.78,1,-1,-1,-1
253,2,335.26,390.69,112.58,104.52,1,-1,-1,-1
253,30,750.88,331.74,76.18,64.11,1,-1,-1,-1
253,52,271.80,456.08,36.22,36.80,1,-1,-1,-1
254,2,327.35,390.82,135.43,104.86,1,-1,-1,-1
254,30,750.62,331.82,76.03,64.06,1,-1,-1,-1
254,52,269.77,453.93,36.28,36.90,1,-1,-1,-1
254,53,938.78,268.73,102.87,80.22,1,-1,-1,-1
255,2,330.08,391.05,134.86,104.72,1,-1,-1,-1
255,30,750.76,332.12,75.26,63.70,1,-1,-1,-1
255,31,995.90,303.39,27.05,18.96,1,-1,-1,-1
255,52,268.59,452.77,36.36,36.97,1,-1,-1,-1
256,2,330.93,390.92,135.83,104.96,1,-1,-1,-1
256,30,750.39,331.96,75.81,64.02,1,-1,-1,-1
256,31,995.18,305.27,22.87,18.03,1,-1,-1,-1
256,52,268.23,452.35,36.29,37.02,1,-1,-1,-1
257,2,331.88,390.87,135.10,104.95,1,-1,-1,-1
257,30,750.13,332.04,76.09,63.97,1,-1,-1,-1
257,31,991.72,305.87,24.92,17.28,1,-1,-1,-1
257,52,268.24,452.34,36.27,37.04,1,-1,-1,-1
258,2,332.55,390.99,134.77,104.90,1,-1,-1,-1
258,30,750.79,331.98,75.49,64.10,1,-1,-1,-1
258,52,268.39,452.54,36.28,36.96,1,-1,-1,-1
258,53,922.52,269.04,106.06,76.82,1,-1,-1,-1
259,2,333.33,391.30,132.88,104.44,1,-1,-1,-1
259,30,751.65,331.94,75.02,63.94,1,-1,-1,-1
259,52,268.67,452.73,36.13,37.01,1,-1,-1,-1
259,53,918.48,269.75,90.77,71.39,1,-1,-1,-1
260,2,333.39,391.41,132.01,104.16,1,-1,-1,-1
260,30,752.90,332.00,74.61,63.33,1,-1,-1,-1
260,52,268.83,452.95,36.17,36.95,1,-1,-1,-1
261,2,333.15,391.59,133.12,104.18,1,-1,-1,-1
261,30,745.61,331.77,84.68,63.21,1,-1,-1,-1
261,52,268.69,452.99,36.52,37.13,1,-1,-1,-1
261,54,945.50,298.61,24.60,19.13,1,-1,-1,-1
262,2,333.21,391.60,133.38,104.30,1,-1,-1,-1
262,30,751.72,332.29,75.22,62.05,1,-1,-1,-1
263,2,333.16,391.54,133.68,104.43,1,-1,-1,-1
263,30,752.22,332.24,76.45,62.28,1,-1,-1,-1
263,52,268.90,453.07,36.33,37.18,1,-1,-1,-1
263,56,1023.30,312.00,21.75,15.73,1,-1,-1,-1
264,2,332.42,391.56,134.47,104.22,1,-1,-1,-1
264,30,751.41,332.24,78.27,62.53,1,-1,-1,-1
264,52,268.82,453.07,36.51,37.29,1,-1,-1,-1
264,56,1021.23,311.37,22.52,17.05,1,-1,-1,-1
265,2,332.48,391.64,133.60,103.95,1,-1,-1,-1
265,30,748.18,332.24,81.98,62.83,1,-1,-1,-1
265,54,949.57,305.93,22.27,19.72,1,-1,-1,-1
265,55,236.25,392.27,128.31,108.41,1,-1,-1,-1
266,2,332.44,391.55,133.34,104.06,1,-1,-1,-1
266,30,723.13,331.96,113.63,64.92,1,-1,-1,-1
266,53,877.32,230.51,165.48,114.71,1,-1,-1,-1
266,55,237.13,390.83,129.03,108.85,1,-1,-1,-1
267,2,332.90,391.49,133.32,104.42,1,-1,-1,-1
267,53,867.23,229.89,174.50,112.27,1,-1,-1,-1
267,55,237.81,390.25,129.12,108.72,1,-1,-1,-1
268,2,332.67,391.50,134.43,104.47,1,-1,-1,-1
268,53,878.09,229.66,116.24,110.76,1,-1,-1,-1
268,55,238.08,389.51,129.39,109.29,1,-1,-1,-1
268,58,780.49,368.92,45.18,16.93,1,-1,-1,-1
269,2,332.40,391.46,135.23,104.57,1,-1,-1,-1
269,53,868.03,229.35,116.22,111.05,1,-1,-1,-1
269,55,238.19,389.17,129.74,109.54,1,-1,-1,-1
269,57,763.16,421.13,51.80,47.75,1,-1,-1,-1
269,58,780.35,369.03,45.21,16.94,1,-1,-1,-1
270,2,331.22,391.24,136.53,104.66,1,-1,-1,-1
270,30,720.71,332.94,109.12,65.73,1,-1,-1,-1
270,52,269.15,453.46,25.46,22.17,1,-1,-1,-1
270,53,853.11,228.74,167.71,114.31,1,-1,-1,-1
271,2,332.02,391.27,135.20,104.53,1,-1,-1,-1
271,30,714.98,332.98,115.87,66.62,1,-1,-1,-1
271,52,268.70,452.72,25.34,22.21,1,-1,-1,-1
271,53,870.55,231.73,117.07,108.91,1,-1,-1,-1
271,60,280.93,467.36,25.23,22.25,1,-1,-1,-1
272,2,330.58,390.88,137.10,105.07,1,-1,-1,-1
272,30,721.68,333.50,105.96,66.81,1,-1,-1,-1
272,52,268.51,452.50,25.31,22.10,1,-1,-1,-1
272,53,864.71,232.13,117.66,108.36,1,-1,-1,-1
272,60,280.88,467.34,25.28,22.31,1,-1,-1,-1
273,2,331.19,391.15,136.28,104.86,1,-1,-1,-1
273,30,728.10,334.57,97.92,63.93,1,-1,-1,-1
273,52,268.48,452.54,25.35,22.14,1,-1,-1,-1
273,53,859.57,231.58,119.77,108.85,1,-1,-1,-1
273,60,280.65,467.43,25.53,22.15,1,-1,-1,-1
274,2,330.56,391.05,137.26,105.17,1,-1,-1,-1
274,30,716.20,332.38,112.32,70.67,1,-1,-1,-1
274,52,268.52,452.71,25.58,22.16,1,-1,-1,-1
274,53,857.53,231.77,119.44,106.74,1,-1,-1,-1
274,60,280.44,467.42,25.64,22.20,1,-1,-1,-1
275,2,331.67,391.43,135.96,104.66,1,-1,-1,-1
275,30,719.07,334.58,104.72,65.72,1,-1,-1,-1
275,52,268.71,452.89,25.62,22.19,1,-1,-1,-1
275,53,857.56,231.14,113.86,108.41,1,-1,-1,-1
275,60,280.32,467.44,25.71,22.17,1,-1,-1,-1
275,61,868.40,388.43,23.62,21.34,1,-1,-1,-1
276,2,257.68,388.94,230.09,110.04,1,-1,-1,-1
276,30,741.65,336.19,76.24,63.09,1,-1,-1,-1
276,53,856.05,231.43,113.56,107.63,1,-1,-1,-1
277,2,316.55,391.72,136.11,104.49,1,-1,-1,-1
277,30,745.62,336.12,77.29,63.31,1,-1,-1,-1
277,53,854.80,232.96,114.89,104.30,1,-1,-1,-1
277,60,270.64,455.09,36.22,36.87,1,-1,-1,-1
278,2,323.61,391.50,137.49,104.64,1,-1,-1,-1
278,30,748.16,336.50,76.72,62.75,1,-1,-1,-1
278,52,268.90,453.20,25.59,21.99,1,-1,-1,-1
278,53,853.60,230.82,119.60,107.28,1,-1,-1,-1
278,60,278.27,464.91,25.42,22.16,1,-1,-1,-1
278,62,935.82,286.28,69.50,81.09,1,-1,-1,-1
279,2,329.09,391.52,136.27,104.48,1,-1,-1,-1
279,30,749.07,336.57,76.51,62.66,1,-1,-1,-1
279,52,269.01,453.26,25.02,22.00,1,-1,-1,-1
279,53,856.03,233.84,110.23,104.18,1,-1,-1,-1
279,60,279.49,466.30,25.46,22.13,1,-1,-1,-1
279,62,933.42,283.38,73.24,81.99,1,-1,-1,-1
280,2,330.98,391.33,137.13,104.65,1,-1,-1,-1
280,30,747.38,335.14,77.81,63.15,1,-1,-1,-1
280,52,268.89,453.30,25.22,22.01,1,-1,-1,-1
280,53,857.26,245.15,97.91,90.47,1,-1,-1,-1
280,60,280.21,467.11,25.48,22.14,1,-1,-1,-1
280,62,930.93,280.10,78.30,83.29,1,-1,-1,-1
281,2,331.90,391.23,137.23,104.76,1,-1,-1,-1
281,30,746.49,334.38,77.93,63.18,1,-1,-1,-1
281,52,268.89,453.32,25.19,21.98,1,-1,-1,-1
281,53,854.81,247.91,97.91,89.89,1,-1,-1,-1
281,60,280.53,467.57,25.57,22.09,1,-1,-1,-1
281,62,930.97,278.59,78.52,83.29,1,-1,-1,-1
282,2,331.79,391.13,137.82,105.13,1,-1,-1,-1
282,30,746.03,333.86,77.85,63.48,1,-1,-1,-1
282,52,269.05,453.32,24.61,21.97,1,-1,-1,-1
282,53,851.47,233.98,108.37,106.89,1,-1,-1,-1
282,60,280.75,467.70,25.43,22.09,1,-1,-1,-1
283,2,330.75,391.03,138.67,105.28,1,-1,-1,-1
283,30,745.70,333.72,78.04,63.33,1,-1,-1,-1
283,52,269.06,453.32,24.31,21.93,1,-1,-1,-1
283,53,852.10,230.04,109.17,108.52,1,-1,-1,-1
283,60,280.83,467.71,25.35,22.09,1,-1,-1,-1
284,2,258.19,388.55,230.15,110.50,1,-1,-1,-1
284,30,745.82,333.64,77.67,63.45,1,-1,-1,-1
284,53,848.85,227.96,114.84,107.61,1,-1,-1,-1
284,61,867.96,388.77,23.14,21.03,1,-1,-1,-1
285,2,315.35,391.19,137.61,105.12,1,-1,-1,-1
285,30,745.85,333.56,77.84,64.50,1,-1,-1,-1
285,52,268.84,453.27,25.38,22.06,1,-1,-1,-1
285,53,848.98,239.96,104.58,88.73,1,-1,-1,-1
285,60,280.58,467.66,25.63,22.09,1,-1,-1,-1
285,61,868.07,388.72,22.67,20.84,1,-1,-1,-1
286,2,250.39,388.80,229.99,110.16,1,-1,-1,-1
286,30,744.63,333.15,79.87,67.96,1,-1,-1,-1
286,53,846.62,238.77,100.97,89.71,1,-1,-1,-1
286,61,868.24,388.60,22.46,19.74,1,-1,-1,-1
287,2,239.94,388.98,230.05,110.04,1,-1,-1,-1
287,30,726.71,334.29,103.54,65.87,1,-1,-1,-1
287,53,841.22,232.62,113.85,98.68,1,-1,-1,-1
288,2,235.13,389.13,230.31,109.99,1,-1,-1,-1
288,30,735.52,334.42,87.83,67.38,1,-1,-1,-1
288,53,839.72,227.18,118.31,99.21,1,-1,-1,-1
289,2,306.67,391.25,137.99,105.23,1,-1,-1,-1
289,30,740.78,335.16,83.36,66.96,1,-1,-1,-1
289,52,269.03,453.25,25.30,22.01,1,-1,-1,-1
289,53,839.20,223.40,117.20,100.91,1,-1,-1,-1
289,60,280.68,467.51,25.35,22.16,1,-1,-1,-1
290,2,249.33,388.95,230.43,110.08,1,-1,-1,-1
290,30,726.13,334.28,103.48,71.97,1,-1,-1,-1
290,53,836.86,221.72,119.09,101.76,1,-1,-1,-1
290,61,868.41,388.12,22.34,19.84,1,-1,-1,-1
291,2,316.59,391.56,135.87,104.83,1,-1,-1,-1
291,30,714.51,334.81,114.74,75.08,1,-1,-1,-1
291,52,269.12,453.22,25.24,22.05,1,-1,-1,-1
291,53,835.02,220.65,118.53,103.27,1,-1,-1,-1
291,60,280.96,467.46,24.99,22.20,1,-1,-1,-1
291,64,755.62,415.36,66.05,58.11,1,-1,-1,-1
292,2,327.80,391.58,136.20,104.91,1,-1,-1,-1
292,30,733.97,338.09,83.57,68.85,1,-1,-1,-1
292,52,269.31,453.23,24.82,22.06,1,-1,-1,-1
292,53,832.81,220.78,119.12,102.75,1,-1,-1,-1
292,60,281.02,467.46,24.90,22.17,1,-1,-1,-1
292,64,755.74,414.10,66.10,60.66,1,-1,-1,-1
293,2,333.05,391.46,136.99,105.11,1,-1,-1,-1
293,30,736.66,337.95,83.54,68.89,1,-1,-1,-1
293,52,269.25,453.14,25.14,22.23,1,-1,-1,-1
293,53,831.92,220.84,119.16,102.93,1,-1,-1,-1
293,60,281.11,467.43,24.78,22.18,1,-1,-1,-1
293,64,755.98,414.10,66.06,60.69,1,-1,-1,-1
294,2,334.32,391.44,137.73,105.10,1,-1,-1,-1
294,30,738.53,337.67,82.94,69.01,1,-1,-1,-1
294,52,269.08,453.09,26.20,22.38,1,-1,-1,-1
294,53,829.95,219.90,120.10,103.14,1,-1,-1,-1
294,60,281.03,467.41,24.92,22.21,1,-1,-1,-1
295,2,334.01,391.35,138.02,105.17,1,-1,-1,-1
295,52,269.12,453.08,26.78,22.36,1,-1,-1,-1
295,60,281.00,467.41,24.93,22.26,1,-1,-1,-1
296,2,333.48,391.28,137.72,105.36,1,-1,-1,-1
296,52,269.26,453.05,26.86,22.41,1,-1,-1,-1
296,60,280.77,467.44,25.22,22.24,1,-1,-1,-1
297,2,331.77,390.88,138.85,106.16,1,-1,-1,-1
297,52,269.50,453.01,26.05,22.42,1,-1,-1,-1
297,53,819.77,217.98,123.34,110.40,1,-1,-1,-1
297,60,280.80,467.42,25.10,22.25,1,-1,-1,-1
297,66,783.11,375.98,37.17,17.04,1,-1,-1,-1
298,2,258.50,389.42,230.54,109.61,1,-1,-1,-1
299,2,315.00,390.95,138.83,106.26,1,-1,-1,-1
299,52,269.31,453.00,25.75,22.38,1,-1,-1,-1
299,60,280.71,467.41,25.18,22.25,1,-1,-1,-1
300,2,322.54,390.81,138.94,106.25,1,-1,-1,-1
300,52,269.21,452.97,26.02,22.59,1,-1,-1,-1
300,60,280.54,467.41,25.39,22.26,1,-1,-1,-1
