2,1,708.82,298.35,159.85,159.12,1,-1,-1,-1
2,2,326.91,391.10,142.33,105.48,1,-1,-1,-1
2,3,490.43,173.08,111.75,95.99,1,-1,-1,-1
3,1,708.70,298.36,159.83,159.10,1,-1,-1,-1
3,2,327.18,391.11,142.15,105.49,1,-1,-1,-1
3,3,487.62,173.50,111.68,96.31,1,-1,-1,-1
4,1,708.58,298.38,159.80,159.09,1,-1,-1,-1
4,2,327.45,391.12,141.96,105.51,1,-1,-1,-1
4,3,484.82,173.92,111.61,96.66,1,-1,-1,-1
5,1,708.46,298.39,159.78,159.08,1,-1,-1,-1
5,2,327.72,391.13,141.75,105.54,1,-1,-1,-1
5,3,482.04,174.31,111.50,97.03,1,-1,-1,-1
6,1,708.35,298.40,159.76,159.07,1,-1,-1,-1
6,2,328.00,391.12,141.54,105.58,1,-1,-1,-1
6,3,479.26,174.71,111.37,97.42,1,-1,-1,-1
7,1,708.37,298.57,159.79,158.97,1,-1,-1,-1
7,2,327.85,391.09,141.60,105.67,1,-1,-1,-1
7,3,475.69,175.29,111.38,97.66,1,-1,-1,-1
8,1,708.44,298.80,159.88,158.80,1,-1,-1,-1
8,2,327.54,391.03,141.82,105.77,1,-1,-1,-1
8,3,471.82,175.97,111.47,97.82,1,-1,-1,-1
9,1,708.50,299.08,160.00,158.60,1,-1,-1,-1
9,2,327.16,390.97,142.14,105.86,1,-1,-1,-1
9,3,467.85,176.69,111.64,97.91,1,-1,-1,-1
10,1,708.55,299.37,160.14,158.36,1,-1,-1,-1
10,2,326.73,390.92,142.52,105.95,1,-1,-1,-1
10,3,463.84,177.44,111.86,97.96,1,-1,-1,-1
11,1,708.60,299.66,160.31,158.10,1,-1,-1,-1
11,2,326.29,390.87,142.94,106.03,1,-1,-1,-1
11,3,459.81,178.20,112.10,97.98,1,-1,-1,-1
12,1,709.47,300.07,159.83,158.40,1,-1,-1,-1
12,2,325.83,390.83,143.38,106.10,1,-1,-1,-1
12,3,455.54,178.99,112.25,97.88,1,-1,-1,-1
13,1,710.75,300.42,158.90,159.09,1,-1,-1,-1
13,2,325.68,390.81,143.63,106.14,1,-1,-1,-1
13,3,451.20,179.80,112.34,97.70,1,-1,-1,-1
14,1,712.27,300.68,157.63,160.08,1,-1,-1,-1
14,2,325.69,390.80,143.75,106.16,1,-1,-1,-1
14,3,446.84,180.64,112.39,97.46,1,-1,-1,-1
15,1,713.92,300.84,156.12,161.28,1,-1,-1,-1
15,2,325.76,390.79,143.77,106.17,1,-1,-1,-1
15,3,442.49,181.49,112.41,97.20,1,-1,-1,-1
16,1,715.68,300.94,154.43,162.63,1,-1,-1,-1
16,2,325.88,390.78,143.73,106.17,1,-1,-1,-1
16,3,438.15,182.35,112.42,96.91,1,-1,-1,-1
17,1,716.36,305.42,154.21,160.40,1,-1,-1,-1
17,2,326.02,390.78,143.65,106.18,1,-1,-1,-1
17,3,433.56,183.06,112.43,96.74,1,-1,-1,-1
18,1,716.31,312.29,155.21,155.32,1,-1,-1,-1
18,2,326.19,390.77,143.53,106.18,1,-1,-1,-1
18,3,428.89,183.69,112.45,96.64,1,-1,-1,-1
19,1,715.74,320.59,157.14,148.09,1,-1,-1,-1
19,2,326.44,390.80,143.34,106.20,1,-1,-1,-1
19,3,424.18,184.28,112.48,96.61,1,-1,-1,-1
20,1,714.80,329.77,159.78,139.34,1,-1,-1,-1
20,2,326.74,390.84,143.10,106.22,1,-1,-1,-1
20,3,419.46,184.85,112.51,96.61,1,-1,-1,-1
21,1,713.60,339.52,162.94,129.54,1,-1,-1,-1
21,2,327.07,390.89,142.82,106.25,1,-1,-1,-1
21,3,414.74,185.40,112.53,96.64,1,-1,-1,-1
21,4,767.18,297.89,101.82,88.60,1,-1,-1,-1
21,5,816.34,403.93,72.35,68.26,1,-1,-1,-1
22,1,712.21,344.40,163.80,122.89,1,-1,-1,-1
22,2,327.42,390.93,142.51,106.29,1,-1,-1,-1
22,3,410.27,185.77,112.77,96.68,1,-1,-1,-1
22,4,767.21,297.37,101.83,88.52,1,-1,-1,-1
22,5,816.65,403.92,72.31,68.17,1,-1,-1,-1
23,1,711.04,347.07,163.23,118.13,1,-1,-1,-1
23,2,327.78,390.97,142.19,106.33,1,-1,-1,-1
23,3,405.87,186.08,113.15,96.71,1,-1,-1,-1
23,4,767.23,296.87,101.85,88.44,1,-1,-1,-1
23,5,816.96,403.91,72.27,68.07,1,-1,-1,-1
24,1,710.16,348.67,161.71,114.59,1,-1,-1,-1
24,2,327.96,391.00,141.96,106.32,1,-1,-1,-1
24,3,401.46,186.36,113.65,96.74,1,-1,-1,-1
24,4,767.25,296.36,101.88,88.36,1,-1,-1,-1
24,5,817.27,403.90,72.24,67.97,1,-1,-1,-1
25,1,709.53,349.69,159.57,111.86,1,-1,-1,-1
25,2,328.05,391.03,141.80,106.28,1,-1,-1,-1
25,3,397.03,186.64,114.22,96.76,1,-1,-1,-1
25,4,767.26,295.85,101.90,88.27,1,-1,-1,-1
25,5,817.58,403.89,72.20,67.86,1,-1,-1,-1
26,1,709.09,350.37,157.00,109.68,1,-1,-1,-1
26,2,328.10,391.06,141.70,106.21,1,-1,-1,-1
26,3,392.59,186.92,114.85,96.79,1,-1,-1,-1
26,4,767.28,295.34,101.94,88.17,1,-1,-1,-1
26,5,817.89,403.88,72.18,67.76,1,-1,-1,-1
27,1,708.79,350.85,154.15,107.90,1,-1,-1,-1
27,2,328.13,391.11,141.63,106.13,1,-1,-1,-1
27,3,389.49,186.97,114.82,96.66,1,-1,-1,-1
27,4,767.29,294.83,101.98,88.07,1,-1,-1,-1
27,5,817.89,403.93,72.18,67.68,1,-1,-1,-1
28,1,708.60,351.18,151.08,106.39,1,-1,-1,-1
28,2,328.14,391.16,141.59,106.03,1,-1,-1,-1
28,3,387.01,186.96,114.31,96.42,1,-1,-1,-1
28,4,767.31,294.33,102.02,87.97,1,-1,-1,-1
28,5,817.78,404.00,72.21,67.62,1,-1,-1,-1
29,1,708.49,351.42,147.88,105.08,1,-1,-1,-1
29,2,327.94,391.19,141.68,105.96,1,-1,-1,-1
29,3,384.86,186.94,113.46,96.11,1,-1,-1,-1
29,4,767.35,294.35,102.17,87.91,1,-1,-1,-1
29,5,817.64,404.07,72.26,67.57,1,-1,-1,-1
30,1,708.43,351.60,144.58,103.91,1,-1,-1,-1
30,2,327.64,391.21,141.86,105.91,1,-1,-1,-1
30,3,382.87,186.93,112.36,95.75,1,-1,-1,-1
30,4,767.40,294.55,102.37,87.87,1,-1,-1,-1
30,5,817.49,404.14,72.31,67.53,1,-1,-1,-1
31,1,709.07,351.78,142.19,103.00,1,-1,-1,-1
31,2,327.28,391.22,142.11,105.89,1,-1,-1,-1
31,3,380.99,186.93,111.08,95.36,1,-1,-1,-1
31,4,767.43,294.81,102.61,87.84,1,-1,-1,-1
31,5,817.33,404.21,72.36,67.49,1,-1,-1,-1
32,1,709.83,351.92,140.47,102.29,1,-1,-1,-1
32,2,326.90,391.24,142.40,105.87,1,-1,-1,-1
32,3,377.86,186.80,110.85,95.08,1,-1,-1,-1
32,4,767.46,295.09,102.87,87.82,1,-1,-1,-1
32,5,817.53,404.41,72.27,67.33,1,-1,-1,-1
33,1,710.51,352.01,139.24,101.72,1,-1,-1,-1
33,2,326.49,391.24,142.73,105.86,1,-1,-1,-1
33,3,374.06,186.59,111.38,94.88,1,-1,-1,-1
33,4,767.47,295.37,103.15,87.80,1,-1,-1,-1
33,5,817.90,404.66,72.10,67.10,1,-1,-1,-1
34,1,711.09,352.05,138.35,101.27,1,-1,-1,-1
34,2,326.22,391.20,143.01,105.86,1,-1,-1,-1
34,3,369.89,186.35,112.45,94.75,1,-1,-1,-1
34,4,767.38,295.61,103.22,87.53,1,-1,-1,-1
34,5,818.33,404.95,71.86,66.82,1,-1,-1,-1
35,1,711.54,352.06,137.72,100.89,1,-1,-1,-1
35,2,326.00,391.15,143.26,105.88,1,-1,-1,-1
35,3,365.48,186.07,113.92,94.66,1,-1,-1,-1
35,4,767.29,295.87,103.13,87.09,1,-1,-1,-1
35,5,818.81,405.25,71.58,66.51,1,-1,-1,-1
36,1,711.70,352.12,137.34,100.74,1,-1,-1,-1
36,2,325.81,391.08,143.49,105.91,1,-1,-1,-1
36,3,360.91,185.79,115.69,94.60,1,-1,-1,-1
36,4,767.21,296.17,102.94,86.55,1,-1,-1,-1
36,5,819.29,405.58,71.27,66.17,1,-1,-1,-1
37,1,711.69,352.16,137.13,100.75,1,-1,-1,-1
37,2,325.64,391.02,143.70,105.93,1,-1,-1,-1
37,3,357.16,185.54,117.02,94.66,1,-1,-1,-1
37,4,767.15,296.49,102.69,85.92,1,-1,-1,-1
37,5,819.36,405.72,71.10,65.97,1,-1,-1,-1
38,1,711.59,352.16,137.05,100.89,1,-1,-1,-1
38,2,325.47,390.95,143.90,105.97,1,-1,-1,-1
38,3,353.80,185.28,118.05,94.81,1,-1,-1,-1
38,4,767.11,296.84,102.39,85.25,1,-1,-1,-1
38,5,819.27,405.77,71.02,65.87,1,-1,-1,-1
39,1,711.42,352.13,137.05,101.10,1,-1,-1,-1
39,2,324.83,390.85,144.37,106.03,1,-1,-1,-1
39,3,350.64,185.00,118.84,95.02,1,-1,-1,-1
39,4,767.15,297.22,102.12,85.11,1,-1,-1,-1
39,5,819.09,405.77,71.01,65.83,1,-1,-1,-1
40,1,711.23,352.07,137.13,101.38,1,-1,-1,-1
40,2,323.96,390.74,145.04,106.11,1,-1,-1,-1
40,3,347.60,184.71,119.47,95.28,1,-1,-1,-1
40,4,767.22,297.54,101.86,85.37,1,-1,-1,-1
40,5,818.87,405.75,71.04,65.84,1,-1,-1,-1
41,1,711.17,352.08,137.18,101.53,1,-1,-1,-1
41,2,322.97,390.62,145.87,106.20,1,-1,-1,-1
41,3,344.62,184.41,119.98,95.57,1,-1,-1,-1
41,4,767.29,297.76,101.61,85.90,1,-1,-1,-1
41,5,818.63,405.70,71.11,65.89,1,-1,-1,-1
42,1,711.16,352.13,137.21,101.60,1,-1,-1,-1
42,2,321.92,390.50,146.79,106.29,1,-1,-1,-1
42,3,343.26,184.32,120.47,95.74,1,-1,-1,-1
42,4,767.38,297.90,101.37,86.62,1,-1,-1,-1
42,5,818.55,405.66,71.16,65.94,1,-1,-1,-1
43,1,711.19,352.21,137.23,101.60,1,-1,-1,-1
43,2,320.82,390.37,147.80,106.40,1,-1,-1,-1
43,3,342.53,184.33,120.96,95.81,1,-1,-1,-1
43,4,767.46,297.97,101.12,87.49,1,-1,-1,-1
43,5,818.54,405.62,71.21,65.99,1,-1,-1,-1
44,1,711.22,352.31,137.24,101.55,1,-1,-1,-1
44,2,320.64,390.33,148.28,106.45,1,-1,-1,-1
44,3,342.01,184.39,121.44,95.82,1,-1,-1,-1
44,4,767.46,297.84,100.96,88.10,1,-1,-1,-1
44,5,818.56,405.57,71.26,66.04,1,-1,-1,-1
45,1,711.25,352.44,137.25,101.46,1,-1,-1,-1
45,2,320.91,390.33,148.38,106.46,1,-1,-1,-1
45,3,341.58,184.50,121.92,95.79,1,-1,-1,-1
45,4,767.42,297.70,100.86,88.53,1,-1,-1,-1
45,5,818.60,405.53,71.29,66.10,1,-1,-1,-1
46,1,711.30,352.46,137.08,101.37,1,-1,-1,-1
46,2,321.41,390.36,148.21,106.45,1,-1,-1,-1
46,3,341.17,184.61,122.40,95.71,1,-1,-1,-1
46,4,767.34,297.57,100.80,88.82,1,-1,-1,-1
46,5,818.63,405.48,71.33,66.16,1,-1,-1,-1
47,1,711.38,352.45,136.78,101.27,1,-1,-1,-1
47,2,322.04,390.39,147.84,106.42,1,-1,-1,-1
47,3,341.48,184.82,122.87,95.76,1,-1,-1,-1
47,4,767.24,297.48,100.79,89.01,1,-1,-1,-1
47,5,818.76,405.49,71.35,66.15,1,-1,-1,-1
48,1,711.50,352.43,136.38,101.16,1,-1,-1,-1
48,2,322.76,390.43,147.32,106.38,1,-1,-1,-1
48,3,342.08,185.03,123.33,95.89,1,-1,-1,-1
48,4,767.13,297.42,100.80,89.12,1,-1,-1,-1
48,5,818.92,405.53,71.36,66.09,1,-1,-1,-1
49,1,711.65,352.40,135.92,101.05,1,-1,-1,-1
49,2,323.81,390.53,146.50,106.32,1,-1,-1,-1
49,3,342.76,185.24,123.78,96.08,1,-1,-1,-1
49,4,767.09,297.23,100.77,89.11,1,-1,-1,-1
49,5,819.10,405.59,71.36,65.99,1,-1,-1,-1
50,1,711.81,352.38,135.40,100.94,1,-1,-1,-1
50,2,325.04,390.66,145.46,106.24,1,-1,-1,-1
50,3,343.48,185.43,124.23,96.32,1,-1,-1,-1
50,4,767.08,297.02,100.72,89.00,1,-1,-1,-1
50,5,819.29,405.66,71.36,65.88,1,-1,-1,-1
51,1,711.95,352.37,135.24,100.94,1,-1,-1,-1
51,2,326.37,390.78,144.26,106.15,1,-1,-1,-1
51,3,344.20,185.61,124.68,96.58,1,-1,-1,-1
51,4,767.09,296.81,100.65,88.83,1,-1,-1,-1
51,5,819.48,405.75,71.35,65.74,1,-1,-1,-1
52,1,712.00,352.35,135.34,101.03,1,-1,-1,-1
52,2,327.77,390.92,142.94,106.05,1,-1,-1,-1
52,3,345.85,186.08,124.78,96.91,1,-1,-1,-1
52,4,767.10,296.63,100.57,88.62,1,-1,-1,-1
52,5,819.37,405.73,71.38,65.72,1,-1,-1,-1
53,1,711.98,352.31,135.64,101.18,1,-1,-1,-1
53,2,329.21,391.06,141.54,105.94,1,-1,-1,-1
53,3,347.92,186.65,124.62,97.29,1,-1,-1,-1
53,4,767.12,296.45,100.48,88.36,1,-1,-1,-1
53,5,819.15,405.66,71.45,65.79,1,-1,-1,-1
54,1,711.90,352.26,136.06,101.38,1,-1,-1,-1
54,2,329.78,391.07,140.65,105.89,1,-1,-1,-1
54,3,350.18,187.25,124.27,97.70,1,-1,-1,-1
54,4,767.14,296.29,100.38,88.09,1,-1,-1,-1
54,5,818.87,405.55,71.54,65.93,1,-1,-1,-1
55,1,711.77,352.19,136.59,101.60,1,-1,-1,-1
55,2,329.93,391.02,140.14,105.87,1,-1,-1,-1
55,3,352.54,187.85,123.78,98.14,1,-1,-1,-1
55,4,767.16,296.13,100.28,87.79,1,-1,-1,-1
55,5,818.58,405.42,71.64,66.10,1,-1,-1,-1
56,1,711.60,352.11,137.19,101.85,1,-1,-1,-1
56,2,329.85,390.93,139.90,105.88,1,-1,-1,-1
56,3,354.95,188.45,123.19,98.60,1,-1,-1,-1
56,4,767.19,295.99,100.18,87.49,1,-1,-1,-1
56,5,818.27,405.26,71.76,66.31,1,-1,-1,-1
57,1,711.42,352.03,137.83,102.11,1,-1,-1,-1
57,2,329.64,390.83,139.86,105.92,1,-1,-1,-1
57,3,357.05,189.64,123.21,99.37,1,-1,-1,-1
57,4,767.22,295.84,100.07,87.17,1,-1,-1,-1
57,5,817.87,405.13,71.87,66.49,1,-1,-1,-1
58,1,711.14,352.01,138.24,102.31,1,-1,-1,-1
58,2,329.35,390.72,139.97,105.96,1,-1,-1,-1
58,3,358.93,191.01,123.67,100.37,1,-1,-1,-1
58,4,767.25,295.71,99.96,86.85,1,-1,-1,-1
58,5,817.43,405.00,71.99,66.65,1,-1,-1,-1
59,1,710.89,352.03,138.46,102.45,1,-1,-1,-1
59,2,329.19,390.69,140.05,106.02,1,-1,-1,-1
59,3,360.64,192.40,124.44,101.55,1,-1,-1,-1
59,4,767.28,295.57,99.85,86.52,1,-1,-1,-1
59,5,816.98,404.88,72.11,66.78,1,-1,-1,-1
60,1,710.67,352.07,138.55,102.55,1,-1,-1,-1
60,2,329.10,390.68,140.12,106.07,1,-1,-1,-1
60,3,362.23,193.76,125.45,102.84,1,-1,-1,-1
60,4,767.30,295.44,99.75,86.19,1,-1,-1,-1
60,5,816.52,404.78,72.24,66.90,1,-1,-1,-1
61,1,710.49,352.13,138.55,102.63,1,-1,-1,-1
61,2,329.04,390.69,140.17,106.12,1,-1,-1,-1
61,3,363.72,195.09,126.62,104.22,1,-1,-1,-1
61,4,767.58,295.38,99.65,85.88,1,-1,-1,-1
61,5,816.07,404.67,72.36,67.01,1,-1,-1,-1
62,1,710.34,352.20,138.47,102.69,1,-1,-1,-1
62,2,328.98,390.70,140.21,106.17,1,-1,-1,-1
62,3,365.49,196.12,127.74,105.26,1,-1,-1,-1
62,4,767.96,295.35,99.57,85.57,1,-1,-1,-1
62,5,815.71,404.37,72.42,67.28,1,-1,-1,-1
63,1,710.21,352.30,138.75,102.88,1,-1,-1,-1
63,2,328.93,390.71,140.24,106.23,1,-1,-1,-1
63,3,367.36,197.09,128.84,106.05,1,-1,-1,-1
63,4,768.36,295.32,99.50,85.27,1,-1,-1,-1
63,5,815.40,403.98,72.43,67.64,1,-1,-1,-1
64,1,710.04,352.41,139.28,103.15,1,-1,-1,-1
64,2,329.23,390.74,140.08,106.29,1,-1,-1,-1
64,3,369.27,198.08,129.92,106.65,1,-1,-1,-1
64,4,768.78,295.29,99.44,84.97,1,-1,-1,-1
64,5,815.12,403.53,72.41,68.08,1,-1,-1,-1
65,1,709.79,352.49,139.99,103.49,1,-1,-1,-1
65,2,329.71,390.78,139.77,106.35,1,-1,-1,-1
65,3,371.19,199.11,130.99,107.12,1,-1,-1,-1
65,4,769.20,295.26,99.37,84.68,1,-1,-1,-1
65,5,814.85,403.04,72.36,68.59,1,-1,-1,-1
66,1,709.50,352.55,140.83,103.88,1,-1,-1,-1
66,2,330.27,390.83,139.35,106.42,1,-1,-1,-1
66,3,373.12,200.18,132.05,107.49,1,-1,-1,-1
66,4,768.46,295.55,98.29,83.89,1,-1,-1,-1
66,5,814.60,402.54,72.29,69.13,1,-1,-1,-1
67,1,709.16,352.60,141.78,104.29,1,-1,-1,-1
67,2,330.89,390.87,138.85,106.49,1,-1,-1,-1
67,3,376.21,201.09,132.55,107.92,1,-1,-1,-1
67,4,767.46,296.04,96.46,82.74,1,-1,-1,-1
67,5,810.54,400.93,73.38,70.49,1,-1,-1,-1
68,1,709.26,351.99,142.27,104.53,1,-1,-1,-1
68,2,331.54,390.91,138.29,106.57,1,-1,-1,-1
68,3,379.85,201.94,132.65,108.39,1,-1,-1,-1
68,4,766.50,296.67,94.10,81.33,1,-1,-1,-1
68,5,804.82,398.75,75.32,72.46,1,-1,-1,-1
69,1,709.61,351.18,142.44,104.65,1,-1,-1,-1
69,2,331.79,390.98,137.93,106.59,1,-1,-1,-1
69,3,383.75,202.76,132.44,108.89,1,-1,-1,-1
69,4,765.66,297.39,91.34,79.73,1,-1,-1,-1
69,5,798.35,396.26,77.86,74.87,1,-1,-1,-1
70,1,710.12,350.29,142.38,104.67,1,-1,-1,-1
70,2,331.85,391.08,137.70,106.59,1,-1,-1,-1
70,3,387.80,203.54,132.02,109.42,1,-1,-1,-1
70,4,764.93,298.19,88.29,77.99,1,-1,-1,-1
70,5,791.51,393.58,80.83,77.59,1,-1,-1,-1
71,1,710.72,349.41,142.14,104.63,1,-1,-1,-1
71,2,331.82,391.18,137.57,106.56,1,-1,-1,-1
71,3,391.93,204.32,131.44,109.96,1,-1,-1,-1
71,4,764.30,299.04,85.03,76.15,1,-1,-1,-1
71,5,784.46,390.79,84.11,80.51,1,-1,-1,-1
72,1,711.38,348.54,141.78,104.54,1,-1,-1,-1
72,2,331.74,391.29,137.52,106.51,1,-1,-1,-1
72,3,394.95,205.13,131.59,110.55,1,-1,-1,-1
72,4,763.75,299.94,81.62,74.22,1,-1,-1,-1
72,5,777.31,387.93,87.60,83.58,1,-1,-1,-1
73,1,712.09,347.69,141.32,104.41,1,-1,-1,-1
73,2,331.62,391.42,137.52,106.45,1,-1,-1,-1
73,3,397.40,205.95,132.28,111.17,1,-1,-1,-1
73,4,763.27,300.85,78.09,72.23,1,-1,-1,-1
73,5,770.09,385.02,91.23,86.73,1,-1,-1,-1
74,1,712.84,346.84,140.80,104.26,1,-1,-1,-1
74,2,331.43,391.38,137.60,106.43,1,-1,-1,-1
74,3,399.54,206.76,133.36,111.81,1,-1,-1,-1
74,4,762.83,301.80,74.48,70.20,1,-1,-1,-1
74,5,762.82,382.08,94.97,89.96,1,-1,-1,-1
75,1,713.60,346.01,140.23,104.09,1,-1,-1,-1
75,2,331.19,391.28,137.75,106.43,1,-1,-1,-1
75,3,401.50,207.56,134.72,112.46,1,-1,-1,-1
75,4,763.12,302.07,72.70,68.88,1,-1,-1,-1
75,5,755.54,379.13,98.78,93.22,1,-1,-1,-1
76,1,714.39,345.19,139.62,103.90,1,-1,-1,-1
76,2,330.92,391.14,137.93,106.45,1,-1,-1,-1
76,3,403.34,208.36,136.29,113.11,1,-1,-1,-1
76,4,763.35,301.91,72.28,68.19,1,-1,-1,-1
76,5,748.25,376.17,102.64,96.50,1,-1,-1,-1
77,1,715.18,344.38,138.99,103.71,1,-1,-1,-1
77,2,330.64,390.99,138.15,106.49,1,-1,-1,-1
77,3,405.78,209.23,137.78,113.64,1,-1,-1,-1
77,4,763.30,301.46,72.87,67.98,1,-1,-1,-1
77,5,740.95,373.20,106.53,99.81,1,-1,-1,-1
78,1,715.99,343.57,138.34,103.51,1,-1,-1,-1
78,2,330.34,390.84,138.39,106.54,1,-1,-1,-1
78,3,408.47,210.14,139.21,114.06,1,-1,-1,-1
78,4,762.97,300.80,74.21,68.15,1,-1,-1,-1
78,5,733.65,370.23,110.45,103.12,1,-1,-1,-1
79,1,716.79,342.77,137.67,103.30,1,-1,-1,-1
79,2,330.25,390.84,138.49,106.49,1,-1,-1,-1
79,3,411.25,211.08,140.61,114.41,1,-1,-1,-1
79,4,762.39,300.01,76.09,68.58,1,-1,-1,-1
79,5,726.35,367.25,114.37,106.44,1,-1,-1,-1
80,1,717.61,341.98,137.00,103.09,1,-1,-1,-1
80,2,330.27,390.91,138.47,106.36,1,-1,-1,-1
80,3,414.08,212.05,141.98,114.71,1,-1,-1,-1
80,4,759.53,299.32,77.64,69.02,1,-1,-1,-1
80,5,719.07,364.28,118.31,109.76,1,-1,-1,-1
81,1,718.43,341.18,136.32,102.87,1,-1,-1,-1
81,2,330.33,391.02,138.38,106.19,1,-1,-1,-1
81,3,416.92,213.03,143.32,114.98,1,-1,-1,-1
81,4,755.87,298.67,78.95,69.45,1,-1,-1,-1
81,5,711.78,361.31,122.26,113.08,1,-1,-1,-1
82,1,719.24,340.39,135.63,102.66,1,-1,-1,-1
82,2,330.44,391.16,138.23,105.98,1,-1,-1,-1
82,3,420.02,213.73,144.27,115.38,1,-1,-1,-1
82,4,751.95,298.04,80.08,69.88,1,-1,-1,-1
82,5,704.50,358.35,126.20,116.39,1,-1,-1,-1
83,1,720.06,339.60,134.94,102.44,1,-1,-1,-1
83,2,330.57,391.32,138.04,105.74,1,-1,-1,-1
83,3,423.28,214.30,144.92,115.90,1,-1,-1,-1
83,4,747.97,297.41,81.08,70.31,1,-1,-1,-1
83,5,700.01,355.52,128.18,117.13,1,-1,-1,-1
84,1,720.88,338.82,134.24,102.22,1,-1,-1,-1
84,2,330.64,391.37,137.97,105.60,1,-1,-1,-1
84,3,426.65,214.80,145.36,116.48,1,-1,-1,-1
84,4,744.00,296.79,81.99,70.74,1,-1,-1,-1
84,5,696.86,353.16,128.85,116.06,1,-1,-1,-1
85,1,721.70,338.03,133.54,102.00,1,-1,-1,-1
85,2,330.68,391.37,137.99,105.53,1,-1,-1,-1
85,3,430.10,215.25,145.65,117.12,1,-1,-1,-1
85,4,742.53,296.59,82.87,71.22,1,-1,-1,-1
85,5,694.42,351.29,128.62,113.69,1,-1,-1,-1
85,6,744.46,405.11,76.12,68.24,1,-1,-1,-1
86,1,722.53,337.25,132.84,101.78,1,-1,-1,-1
86,2,330.68,391.33,138.07,105.52,1,-1,-1,-1
86,3,433.60,215.69,145.82,117.80,1,-1,-1,-1
86,4,742.03,296.54,83.73,71.72,1,-1,-1,-1
86,5,692.39,349.83,127.75,110.40,1,-1,-1,-1
86,6,744.40,404.92,75.04,67.64,1,-1,-1,-1
87,1,723.35,336.46,132.14,101.55,1,-1,-1,-1
87,2,330.66,391.28,138.20,105.54,1,-1,-1,-1
87,3,436.58,216.15,145.81,118.29,1,-1,-1,-1
87,4,741.90,296.55,84.57,72.24,1,-1,-1,-1
87,5,690.62,348.69,126.43,106.43,1,-1,-1,-1
87,6,744.36,404.73,73.95,67.06,1,-1,-1,-1
88,1,724.17,335.69,131.44,101.33,1,-1,-1,-1
88,2,330.62,391.20,138.36,105.60,1,-1,-1,-1
88,3,439.39,216.66,145.67,118.65,1,-1,-1,-1
88,4,741.90,296.57,85.40,72.78,1,-1,-1,-1
88,5,689.03,347.78,124.77,101.96,1,-1,-1,-1
88,6,744.31,404.52,72.83,66.49,1,-1,-1,-1
89,1,724.99,334.91,130.74,101.11,1,-1,-1,-1
89,2,330.57,391.19,138.49,105.65,1,-1,-1,-1
89,3,442.16,217.19,145.45,118.91,1,-1,-1,-1
89,4,741.96,296.60,86.23,73.33,1,-1,-1,-1
89,5,687.56,347.07,122.86,97.14,1,-1,-1,-1
89,6,744.28,404.32,71.68,65.94,1,-1,-1,-1
90,1,725.81,334.13,130.03,100.89,1,-1,-1,-1
90,2,330.52,391.20,138.59,105.71,1,-1,-1,-1
90,3,444.93,217.77,145.16,119.10,1,-1,-1,-1
90,4,742.02,296.62,87.04,73.89,1,-1,-1,-1
90,5,686.17,346.49,120.77,92.06,1,-1,-1,-1
90,6,744.26,404.11,70.52,65.41,1,-1,-1,-1
91,1,726.63,333.35,129.33,100.66,1,-1,-1,-1
91,2,330.47,391.21,138.68,105.76,1,-1,-1,-1
91,3,447.71,218.37,144.82,119.24,1,-1,-1,-1
91,4,742.09,296.64,87.85,74.45,1,-1,-1,-1
91,5,688.25,346.68,118.79,89.27,1,-1,-1,-1
91,6,744.25,403.88,69.34,64.89,1,-1,-1,-1
92,1,727.46,332.57,128.63,100.44,1,-1,-1,-1
92,2,330.42,391.23,138.76,105.82,1,-1,-1,-1
92,3,451.96,218.34,144.84,119.44,1,-1,-1,-1
92,4,742.16,296.65,88.66,75.01,1,-1,-1,-1
92,5,691.50,346.80,117.09,88.04,1,-1,-1,-1
92,6,744.24,403.65,68.15,64.38,1,-1,-1,-1
93,1,728.27,331.80,127.92,100.22,1,-1,-1,-1
93,2,330.37,391.25,138.84,105.87,1,-1,-1,-1
93,3,456.69,218.06,145.11,119.69,1,-1,-1,-1
93,4,742.23,296.66,89.46,75.58,1,-1,-1,-1
93,5,695.10,346.65,115.69,87.91,1,-1,-1,-1
93,6,744.25,403.42,66.95,63.88,1,-1,-1,-1
94,1,729.09,331.02,127.22,99.99,1,-1,-1,-1
94,2,330.42,391.21,138.84,105.92,1,-1,-1,-1
94,3,461.57,217.68,145.58,119.97,1,-1,-1,-1
94,4,742.29,296.67,90.25,76.15,1,-1,-1,-1
94,5,698.73,346.20,114.56,88.59,1,-1,-1,-1
94,6,744.94,403.86,66.00,63.12,1,-1,-1,-1
95,1,729.91,330.24,126.52,99.77,1,-1,-1,-1
95,2,330.51,391.15,138.78,105.98,1,-1,-1,-1
95,3,466.45,217.26,146.19,120.27,1,-1,-1,-1
95,4,742.35,296.67,91.05,76.72,1,-1,-1,-1
95,5,702.30,345.48,113.64,89.86,1,-1,-1,-1
95,6,745.83,404.60,65.23,62.18,1,-1,-1,-1
96,1,730.73,329.47,125.81,99.54,1,-1,-1,-1
96,2,330.63,391.09,138.69,106.03,1,-1,-1,-1
96,3,471.32,216.82,146.90,120.60,1,-1,-1,-1
96,4,742.41,296.68,91.84,77.28,1,-1,-1,-1
96,5,705.81,344.56,112.86,91.56,1,-1,-1,-1
96,6,746.76,405.47,64.60,61.09,1,-1,-1,-1
97,1,731.55,328.70,125.11,99.32,1,-1,-1,-1
97,2,330.76,391.02,138.57,106.08,1,-1,-1,-1
97,3,475.75,216.18,147.24,120.69,1,-1,-1,-1
97,4,742.46,296.69,92.63,77.85,1,-1,-1,-1
97,5,709.26,343.47,112.18,93.57,1,-1,-1,-1
97,6,747.68,406.41,64.06,59.91,1,-1,-1,-1
98,1,732.37,327.92,124.40,99.10,1,-1,-1,-1
98,2,330.91,390.95,138.43,106.13,1,-1,-1,-1
98,3,480.09,215.51,147.31,120.61,1,-1,-1,-1
98,4,742.51,296.69,93.42,78.42,1,-1,-1,-1
98,5,712.65,342.26,111.58,95.83,1,-1,-1,-1
98,6,748.58,407.40,63.59,58.64,1,-1,-1,-1
99,1,733.19,327.15,123.70,98.87,1,-1,-1,-1
99,2,330.92,390.89,138.38,106.18,1,-1,-1,-1
99,3,484.43,214.86,147.18,120.42,1,-1,-1,-1
99,4,742.56,296.70,94.21,78.99,1,-1,-1,-1
99,5,716.01,340.97,111.01,98.25,1,-1,-1,-1
99,6,749.19,407.46,63.16,57.76,1,-1,-1,-1
100,1,734.01,326.37,123.00,98.65,1,-1,-1,-1
100,2,330.86,390.85,138.40,106.22,1,-1,-1,-1
100,3,488.80,214.24,146.91,120.13,1,-1,-1,-1
100,4,742.60,296.70,95.00,79.55,1,-1,-1,-1
100,5,719.33,339.59,110.48,100.82,1,-1,-1,-1
100,6,749.68,407.10,62.76,57.13,1,-1,-1,-1
101,1,734.83,325.60,122.29,98.42,1,-1,-1,-1
101,2,330.77,390.79,138.48,106.27,1,-1,-1,-1
101,3,493.21,213.65,146.54,119.79,1,-1,-1,-1
101,4,742.65,296.70,95.78,80.12,1,-1,-1,-1
101,5,722.63,338.17,109.97,103.48,1,-1,-1,-1
101,6,750.14,406.56,62.37,56.68,1,-1,-1,-1
102,1,735.65,324.83,121.59,98.20,1,-1,-1,-1
102,2,330.65,390.75,138.58,106.31,1,-1,-1,-1
102,3,497.39,212.61,146.13,119.45,1,-1,-1,-1
102,4,742.69,296.71,96.57,80.68,1,-1,-1,-1
102,5,725.91,336.70,109.46,106.21,1,-1,-1,-1
102,6,750.57,405.91,61.99,56.35,1,-1,-1,-1
103,1,736.47,324.05,120.88,97.97,1,-1,-1,-1
103,2,330.51,390.70,138.71,106.35,1,-1,-1,-1
103,3,501.49,211.41,145.70,119.13,1,-1,-1,-1
103,4,742.72,296.71,97.35,81.25,1,-1,-1,-1
103,5,729.18,335.20,108.97,109.00,1,-1,-1,-1
103,6,750.99,405.20,61.61,56.11,1,-1,-1,-1
104,1,737.29,323.28,120.18,97.75,1,-1,-1,-1
104,2,330.30,390.67,138.88,106.39,1,-1,-1,-1
104,3,505.57,210.14,145.25,118.82,1,-1,-1,-1
104,4,742.76,296.71,98.13,81.81,1,-1,-1,-1
104,5,732.43,333.68,108.47,111.83,1,-1,-1,-1
104,6,751.41,404.47,61.24,55.93,1,-1,-1,-1
105,1,738.11,322.51,119.47,97.52,1,-1,-1,-1
105,2,330.07,390.63,139.08,106.42,1,-1,-1,-1
105,3,509.63,208.86,144.79,118.51,1,-1,-1,-1
105,4,742.79,296.71,98.91,82.37,1,-1,-1,-1
105,5,735.68,332.14,107.98,114.69,1,-1,-1,-1
105,6,751.83,403.71,60.86,55.79,1,-1,-1,-1
106,1,738.93,321.74,118.77,97.30,1,-1,-1,-1
106,2,329.82,390.60,139.30,106.45,1,-1,-1,-1
106,3,513.71,207.56,144.32,118.20,1,-1,-1,-1
106,4,742.83,296.72,99.69,82.93,1,-1,-1,-1
106,5,738.91,330.58,107.48,117.57,1,-1,-1,-1
106,6,752.24,402.94,60.48,55.68,1,-1,-1,-1
107,1,739.75,320.97,118.06,97.07,1,-1,-1,-1
107,2,329.55,390.57,139.54,106.48,1,-1,-1,-1
107,3,517.92,206.64,143.79,117.90,1,-1,-1,-1
107,4,742.86,296.72,100.47,83.49,1,-1,-1,-1
107,5,742.13,329.01,106.99,120.47,1,-1,-1,-1
107,6,752.66,402.17,60.09,55.60,1,-1,-1,-1
108,1,740.57,320.20,117.36,96.85,1,-1,-1,-1
108,2,329.28,390.54,139.79,106.50,1,-1,-1,-1
108,3,522.19,205.86,143.23,117.60,1,-1,-1,-1
108,4,742.89,296.72,101.25,84.05,1,-1,-1,-1
108,5,745.35,327.44,106.49,123.38,1,-1,-1,-1
108,6,753.08,401.39,59.70,55.52,1,-1,-1,-1
109,1,741.39,319.43,116.65,96.62,1,-1,-1,-1
109,2,329.11,390.52,139.93,106.45,1,-1,-1,-1
109,3,526.50,205.14,142.63,117.30,1,-1,-1,-1
109,4,742.92,296.72,102.03,84.61,1,-1,-1,-1
109,5,748.57,325.86,106.00,126.30,1,-1,-1,-1
109,6,753.24,400.85,59.71,55.73,1,-1,-1,-1
109,7,893.11,427.20,68.61,46.12,1,-1,-1,-1
110,1,742.21,318.66,115.95,96.40,1,-1,-1,-1
110,2,329.01,390.50,139.99,106.35,1,-1,-1,-1
110,3,530.82,204.44,142.02,117.00,1,-1,-1,-1
110,4,742.95,296.73,102.81,85.17,1,-1,-1,-1
110,5,750.25,325.03,106.02,128.49,1,-1,-1,-1
110,6,753.23,400.37,60.00,56.14,1,-1,-1,-1
110,7,888.10,425.68,69.53,48.11,1,-1,-1,-1
111,1,743.03,317.88,115.24,96.18,1,-1,-1,-1
111,2,328.95,390.49,140.00,106.21,1,-1,-1,-1
111,3,535.15,203.74,141.39,116.71,1,-1,-1,-1
111,4,742.98,296.73,103.58,85.73,1,-1,-1,-1
111,5,751.24,324.66,106.43,130.09,1,-1,-1,-1
111,6,753.11,399.86,60.50,56.70,1,-1,-1,-1
111,7,883.16,424.11,70.31,50.16,1,-1,-1,-1
112,1,743.85,317.11,114.54,95.95,1,-1,-1,-1
112,2,328.90,390.50,139.97,106.04,1,-1,-1,-1
112,3,539.30,202.93,140.86,116.32,1,-1,-1,-1
112,4,743.01,296.73,104.36,86.29,1,-1,-1,-1
112,5,751.91,324.55,107.15,131.24,1,-1,-1,-1
112,6,752.91,399.33,61.14,57.35,1,-1,-1,-1
112,7,878.29,422.52,70.95,52.28,1,-1,-1,-1
113,1,744.67,316.34,113.83,95.72,1,-1,-1,-1
113,2,328.87,390.51,139.91,105.85,1,-1,-1,-1
113,3,543.36,202.09,140.41,115.86,1,-1,-1,-1
113,4,743.04,296.73,105.13,86.84,1,-1,-1,-1
113,5,752.40,324.64,108.08,132.04,1,-1,-1,-1
113,6,752.66,398.77,61.87,58.07,1,-1,-1,-1
113,7,873.50,420.89,71.47,54.46,1,-1,-1,-1
114,1,745.49,315.57,113.13,95.50,1,-1,-1,-1
114,2,328.60,390.30,140.06,105.85,1,-1,-1,-1
114,3,547.37,201.25,140.01,115.34,1,-1,-1,-1
114,4,743.07,296.73,105.90,87.40,1,-1,-1,-1
114,5,752.78,324.85,109.19,132.60,1,-1,-1,-1
114,6,752.39,398.19,62.68,58.84,1,-1,-1,-1
114,7,870.93,420.05,71.14,55.58,1,-1,-1,-1
115,1,746.31,314.80,112.42,95.27,1,-1,-1,-1
115,2,328.19,389.98,140.37,105.99,1,-1,-1,-1
115,3,551.35,200.43,139.65,114.79,1,-1,-1,-1
115,4,743.09,296.74,106.67,87.96,1,-1,-1,-1
115,5,753.09,325.17,110.41,132.97,1,-1,-1,-1
115,6,752.08,397.59,63.52,59.64,1,-1,-1,-1
115,7,869.11,419.58,70.50,56.12,1,-1,-1,-1
116,1,747.13,314.03,111.72,95.05,1,-1,-1,-1
116,2,327.71,389.58,140.79,106.22,1,-1,-1,-1
116,3,555.32,199.61,139.32,114.22,1,-1,-1,-1
116,4,743.12,296.74,107.45,88.51,1,-1,-1,-1
116,5,753.37,325.54,111.72,133.19,1,-1,-1,-1
116,6,751.77,396.98,64.40,60.46,1,-1,-1,-1
116,7,867.54,419.30,69.74,56.31,1,-1,-1,-1
117,1,747.95,313.26,111.01,94.82,1,-1,-1,-1
117,2,327.18,389.15,141.30,106.53,1,-1,-1,-1
117,3,559.17,199.04,138.99,113.59,1,-1,-1,-1
117,4,743.15,296.74,108.22,89.06,1,-1,-1,-1
117,5,753.61,325.97,113.10,133.32,1,-1,-1,-1
117,6,751.44,396.37,65.31,61.28,1,-1,-1,-1
117,7,866.03,419.13,68.94,56.30,1,-1,-1,-1
118,1,748.77,312.49,110.31,94.59,1,-1,-1,-1
118,2,326.62,388.67,141.87,106.89,1,-1,-1,-1
118,3,562.97,198.57,138.67,112.93,1,-1,-1,-1
118,4,743.18,296.75,108.99,89.62,1,-1,-1,-1
118,5,753.83,326.43,114.52,133.38,1,-1,-1,-1
118,6,751.10,395.75,66.22,62.12,1,-1,-1,-1
118,7,864.52,419.04,68.14,56.15,1,-1,-1,-1
119,1,749.58,311.72,109.60,94.37,1,-1,-1,-1
119,2,326.57,388.66,142.08,107.04,1,-1,-1,-1
119,3,566.75,198.14,138.34,112.25,1,-1,-1,-1
119,4,743.20,296.75,109.76,90.17,1,-1,-1,-1
119,5,754.03,326.91,115.98,133.38,1,-1,-1,-1
119,6,750.76,395.13,67.14,62.96,1,-1,-1,-1
119,7,864.75,419.65,67.28,55.49,1,-1,-1,-1
120,1,750.40,310.95,108.90,94.14,1,-1,-1,-1
120,2,326.77,388.85,142.05,107.03,1,-1,-1,-1
120,3,570.53,197.74,138.02,111.56,1,-1,-1,-1
120,4,743.23,296.75,110.53,90.73,1,-1,-1,-1
120,5,754.22,327.41,117.47,133.35,1,-1,-1,-1
120,6,750.42,394.51,68.06,63.79,1,-1,-1,-1
120,7,865.59,420.62,66.40,54.50,1,-1,-1,-1
121,1,751.22,310.18,108.19,93.92,1,-1,-1,-1
121,2,327.12,389.15,141.83,106.92,1,-1,-1,-1
121,3,574.30,197.34,137.70,110.84,1,-1,-1,-1
121,4,743.25,296.75,111.30,91.28,1,-1,-1,-1
121,5,754.41,327.93,118.98,133.28,1,-1,-1,-1
121,6,750.08,393.89,68.99,64.63,1,-1,-1,-1
121,7,866.64,421.77,65.54,53.27,1,-1,-1,-1
122,1,752.04,309.41,107.49,93.69,1,-1,-1,-1
122,2,327.55,389.51,141.48,106.72,1,-1,-1,-1
122,3,577.55,197.40,137.21,110.35,1,-1,-1,-1
122,4,743.28,296.76,112.07,91.83,1,-1,-1,-1
122,5,754.59,328.44,120.50,133.20,1,-1,-1,-1
122,6,749.74,393.27,69.91,65.46,1,-1,-1,-1
122,7,867.75,423.00,64.70,51.87,1,-1,-1,-1
123,1,752.86,308.63,106.78,93.46,1,-1,-1,-1
123,2,328.04,389.90,141.03,106.46,1,-1,-1,-1
123,3,580.63,197.59,136.59,110.00,1,-1,-1,-1
123,4,743.31,296.76,112.84,92.38,1,-1,-1,-1
123,5,754.76,328.97,122.02,133.10,1,-1,-1,-1
123,6,749.40,392.65,70.84,66.30,1,-1,-1,-1
123,7,868.86,424.30,63.88,50.37,1,-1,-1,-1
124,1,753.67,307.86,106.08,93.24,1,-1,-1,-1
124,2,327.80,390.03,140.99,106.38,1,-1,-1,-1
124,3,583.67,197.80,135.89,109.76,1,-1,-1,-1
124,4,743.33,296.76,113.60,92.94,1,-1,-1,-1
124,5,754.94,329.50,123.56,133.00,1,-1,-1,-1
124,6,749.05,392.03,71.76,67.13,1,-1,-1,-1
124,7,869.52,424.93,63.34,49.35,1,-1,-1,-1
125,1,754.49,307.10,105.37,93.01,1,-1,-1,-1
125,2,327.22,390.03,141.25,106.42,1,-1,-1,-1
125,3,586.71,197.99,135.12,109.61,1,-1,-1,-1
125,4,743.36,296.77,114.37,93.49,1,-1,-1,-1
125,5,755.12,330.03,125.10,132.88,1,-1,-1,-1
125,6,748.72,391.41,72.67,67.95,1,-1,-1,-1
125,7,869.94,425.21,63.01,48.66,1,-1,-1,-1
126,1,755.31,306.33,104.67,92.78,1,-1,-1,-1
126,2,326.46,389.96,141.73,106.56,1,-1,-1,-1
126,3,589.77,198.17,134.31,109.51,1,-1,-1,-1
126,4,743.38,296.77,115.14,94.04,1,-1,-1,-1
126,5,755.29,330.57,126.64,132.76,1,-1,-1,-1
126,6,748.38,390.79,73.59,68.77,1,-1,-1,-1
126,7,870.24,425.32,62.83,48.21,1,-1,-1,-1
127,1,756.13,305.56,103.96,92.56,1,-1,-1,-1
127,2,325.59,389.84,142.37,106.76,1,-1,-1,-1
127,3,591.54,199.01,133.72,109.28,1,-1,-1,-1
127,4,743.41,296.78,115.91,94.59,1,-1,-1,-1
127,5,755.46,331.10,128.19,132.64,1,-1,-1,-1
127,6,748.04,390.18,74.50,69.59,1,-1,-1,-1
127,7,870.44,425.32,62.77,47.93,1,-1,-1,-1
128,1,756.95,304.79,103.26,92.33,1,-1,-1,-1
128,2,324.66,389.70,143.12,107.02,1,-1,-1,-1
128,3,592.78,200.11,133.30,108.95,1,-1,-1,-1
128,4,743.44,296.78,116.67,95.14,1,-1,-1,-1
128,5,755.64,331.63,129.74,132.51,1,-1,-1,-1
128,6,747.71,389.57,75.41,70.41,1,-1,-1,-1
128,7,870.60,425.25,62.79,47.77,1,-1,-1,-1
129,1,757.77,304.02,102.55,92.10,1,-1,-1,-1
129,2,323.68,389.50,143.98,107.25,1,-1,-1,-1
129,3,593.80,201.33,133.00,108.56,1,-1,-1,-1
129,4,743.46,296.78,117.44,95.69,1,-1,-1,-1
129,5,755.82,332.17,131.29,132.38,1,-1,-1,-1
129,6,747.38,388.96,76.32,71.22,1,-1,-1,-1
129,7,868.49,424.35,63.24,48.32,1,-1,-1,-1
130,1,758.59,303.25,101.84,91.88,1,-1,-1,-1
130,2,322.68,389.28,144.92,107.47,1,-1,-1,-1
130,3,594.72,202.60,132.79,108.11,1,-1,-1,-1
130,4,743.48,296.79,118.21,96.24,1,-1,-1,-1
130,5,755.99,332.70,132.84,132.25,1,-1,-1,-1
130,6,747.05,388.34,77.22,72.03,1,-1,-1,-1
130,7,865.44,423.02,64.00,49.39,1,-1,-1,-1
131,1,759.41,302.48,101.14,91.65,1,-1,-1,-1
131,2,321.65,389.06,145.91,107.68,1,-1,-1,-1
131,3,595.60,203.90,132.64,107.63,1,-1,-1,-1
131,4,743.51,296.79,118.97,96.78,1,-1,-1,-1
131,5,756.17,333.24,134.39,132.12,1,-1,-1,-1
131,6,746.72,387.73,78.13,72.84,1,-1,-1,-1
131,7,861.99,421.44,64.97,50.82,1,-1,-1,-1
132,1,760.23,301.71,100.44,91.42,1,-1,-1,-1
132,2,320.60,388.83,146.94,107.88,1,-1,-1,-1
132,3,596.02,204.84,132.58,107.62,1,-1,-1,-1
132,4,743.54,296.79,119.74,97.33,1,-1,-1,-1
132,5,756.34,333.77,135.94,131.99,1,-1,-1,-1
132,6,746.39,387.12,79.02,73.65,1,-1,-1,-1
132,7,858.38,419.71,66.07,52.51,1,-1,-1,-1
133,1,761.05,300.94,99.73,91.19,1,-1,-1,-1
133,2,319.55,388.61,148.00,108.08,1,-1,-1,-1
133,3,596.27,205.57,132.59,107.95,1,-1,-1,-1
133,4,743.56,296.80,120.50,97.88,1,-1,-1,-1
133,5,756.52,334.31,137.50,131.86,1,-1,-1,-1
133,6,746.07,386.51,79.92,74.45,1,-1,-1,-1
133,7,854.68,417.89,67.26,54.37,1,-1,-1,-1
134,1,761.87,300.17,99.02,90.97,1,-1,-1,-1
134,2,319.01,388.50,148.74,108.21,1,-1,-1,-1
134,3,596.44,206.15,132.66,108.53,1,-1,-1,-1
134,4,743.59,296.80,121.26,98.43,1,-1,-1,-1
134,5,756.69,334.84,139.05,131.73,1,-1,-1,-1
134,6,745.74,385.91,80.82,75.25,1,-1,-1,-1
134,7,850.96,416.00,68.49,56.36,1,-1,-1,-1
135,1,762.69,299.40,98.32,90.74,1,-1,-1,-1
135,2,318.73,388.44,149.24,108.29,1,-1,-1,-1
135,3,596.57,206.62,132.76,109.29,1,-1,-1,-1
135,4,743.61,296.81,122.03,98.98,1,-1,-1,-1
135,5,756.87,335.37,140.60,131.59,1,-1,-1,-1
135,6,745.41,385.29,81.71,76.05,1,-1,-1,-1
135,7,849.51,414.95,69.29,57.75,1,-1,-1,-1
136,1,763.51,298.63,97.61,90.51,1,-1,-1,-1
136,2,318.59,388.41,149.58,108.34,1,-1,-1,-1
136,3,596.70,207.03,132.89,110.18,1,-1,-1,-1
136,4,743.64,296.81,122.79,99.53,1,-1,-1,-1
136,5,757.05,335.90,142.15,131.46,1,-1,-1,-1
136,6,745.09,384.69,82.60,76.85,1,-1,-1,-1
136,7,848.97,414.31,69.81,58.69,1,-1,-1,-1
137,1,764.33,297.86,96.91,90.28,1,-1,-1,-1
137,2,318.53,388.40,149.79,108.37,1,-1,-1,-1
137,3,597.13,207.10,132.64,110.76,1,-1,-1,-1
137,4,743.67,296.82,123.55,100.07,1,-1,-1,-1
137,5,757.23,336.44,143.70,131.33,1,-1,-1,-1
137,6,744.77,384.08,83.49,77.65,1,-1,-1,-1
137,7,848.83,413.92,70.14,59.32,1,-1,-1,-1
138,1,765.15,297.10,96.20,90.06,1,-1,-1,-1
138,2,318.52,388.39,149.91,108.38,1,-1,-1,-1
138,3,597.75,207.09,132.11,111.12,1,-1,-1,-1
138,4,743.69,296.82,124.31,100.62,1,-1,-1,-1
138,5,757.41,336.97,145.26,131.19,1,-1,-1,-1
138,6,744.44,383.48,84.38,78.44,1,-1,-1,-1
138,7,848.85,413.66,70.34,59.71,1,-1,-1,-1
139,1,765.97,296.32,95.50,89.83,1,-1,-1,-1
139,2,318.55,388.40,149.96,108.37,1,-1,-1,-1
139,3,598.49,207.09,131.39,111.31,1,-1,-1,-1
139,4,743.72,296.83,125.08,101.17,1,-1,-1,-1
139,5,757.59,337.50,146.81,131.06,1,-1,-1,-1
139,6,744.13,382.88,85.26,79.24,1,-1,-1,-1
139,7,848.96,413.51,70.46,59.94,1,-1,-1,-1
140,1,766.79,295.55,94.79,89.60,1,-1,-1,-1
140,2,318.60,388.40,149.96,108.36,1,-1,-1,-1
140,3,599.31,207.12,130.52,111.39,1,-1,-1,-1
140,4,743.75,296.83,125.84,101.71,1,-1,-1,-1
140,5,757.77,338.03,148.36,130.93,1,-1,-1,-1
140,6,743.80,382.27,86.15,80.03,1,-1,-1,-1
140,7,849.11,413.41,70.51,60.05,1,-1,-1,-1
141,1,767.61,294.78,94.08,89.37,1,-1,-1,-1
141,2,318.16,388.25,150.25,108.48,1,-1,-1,-1
141,3,600.20,207.19,129.55,111.38,1,-1,-1,-1
141,4,743.77,296.84,126.60,102.26,1,-1,-1,-1
141,5,757.96,338.56,149.91,130.79,1,-1,-1,-1
141,6,743.48,381.66,87.03,80.82,1,-1,-1,-1
141,7,849.27,413.36,70.52,60.07,1,-1,-1,-1
142,1,768.43,294.02,93.38,89.14,1,-1,-1,-1
142,2,317.49,388.01,150.73,108.69,1,-1,-1,-1
142,3,601.65,207.02,128.49,111.23,1,-1,-1,-1
142,4,743.80,296.84,127.36,102.81,1,-1,-1,-1
142,5,758.13,339.09,151.47,130.66,1,-1,-1,-1
142,6,743.16,381.06,87.91,81.61,1,-1,-1,-1
142,7,849.45,413.34,70.50,60.02,1,-1,-1,-1
143,1,769.25,293.25,92.67,88.91,1,-1,-1,-1
143,2,316.70,387.71,151.36,108.97,1,-1,-1,-1
143,3,603.34,206.79,127.36,110.98,1,-1,-1,-1
143,4,743.82,296.85,128.13,103.35,1,-1,-1,-1
143,5,758.31,339.62,153.02,130.53,1,-1,-1,-1
143,6,742.84,380.46,88.79,82.39,1,-1,-1,-1
143,7,849.64,413.34,70.46,59.93,1,-1,-1,-1
144,1,770.06,292.48,91.97,88.68,1,-1,-1,-1
144,2,315.83,387.39,152.10,109.30,1,-1,-1,-1
144,3,605.13,206.54,126.19,110.66,1,-1,-1,-1
144,4,743.86,296.85,128.89,103.90,1,-1,-1,-1
144,5,758.50,340.15,154.57,130.39,1,-1,-1,-1
144,6,742.52,379.86,89.67,83.18,1,-1,-1,-1
144,7,849.82,413.35,70.40,59.80,1,-1,-1,-1
145,1,770.88,291.71,91.26,88.46,1,-1,-1,-1
145,2,314.92,387.05,152.92,109.67,1,-1,-1,-1
145,3,606.97,206.31,124.99,110.28,1,-1,-1,-1
145,4,743.88,296.86,129.65,104.45,1,-1,-1,-1
145,5,758.68,340.68,156.12,130.26,1,-1,-1,-1
145,6,742.21,379.25,90.55,83.97,1,-1,-1,-1
145,7,850.01,413.39,70.33,59.65,1,-1,-1,-1
146,1,771.42,291.09,90.41,87.79,1,-1,-1,-1
146,2,314.75,387.01,153.34,109.88,1,-1,-1,-1
146,3,608.83,206.10,123.75,109.86,1,-1,-1,-1
146,4,743.91,296.87,130.41,104.99,1,-1,-1,-1
146,5,758.86,341.21,157.67,130.12,1,-1,-1,-1
146,6,741.89,378.65,91.43,84.75,1,-1,-1,-1
146,7,850.20,413.42,70.26,59.49,1,-1,-1,-1
147,1,771.88,290.60,89.46,86.80,1,-1,-1,-1
147,2,314.93,387.11,153.48,109.98,1,-1,-1,-1
147,3,611.27,205.74,122.68,109.52,1,-1,-1,-1
147,4,743.93,296.87,131.17,105.54,1,-1,-1,-1
147,5,759.04,341.74,159.23,129.99,1,-1,-1,-1
147,6,741.57,378.05,92.30,85.53,1,-1,-1,-1
147,7,850.38,413.47,70.18,59.31,1,-1,-1,-1
148,1,772.32,290.22,88.44,85.57,1,-1,-1,-1
148,2,315.30,387.28,153.42,110.00,1,-1,-1,-1
148,3,613.90,205.32,121.72,109.23,1,-1,-1,-1
148,4,743.96,296.88,131.93,106.08,1,-1,-1,-1
148,5,759.23,342.27,160.78,129.86,1,-1,-1,-1
148,6,741.26,377.45,93.18,86.32,1,-1,-1,-1
148,7,850.57,413.51,70.10,59.12,1,-1,-1,-1
149,1,772.78,289.92,87.35,84.17,1,-1,-1,-1
149,2,315.77,387.49,153.20,109.96,1,-1,-1,-1
149,3,616.59,204.85,120.84,108.97,1,-1,-1,-1
149,4,743.99,296.88,132.69,106.62,1,-1,-1,-1
149,5,759.41,342.80,162.33,129.72,1,-1,-1,-1
149,6,740.94,376.86,94.05,87.10,1,-1,-1,-1
149,7,850.75,413.56,70.01,58.93,1,-1,-1,-1
150,1,773.25,289.69,86.23,82.64,1,-1,-1,-1
150,2,316.30,387.72,152.87,109.87,1,-1,-1,-1
150,3,619.28,204.37,120.03,108.75,1,-1,-1,-1
150,4,744.02,296.89,133.45,107.17,1,-1,-1,-1
150,5,759.59,343.33,163.88,129.59,1,-1,-1,-1
150,6,740.63,376.25,94.93,87.88,1,-1,-1,-1
150,7,850.92,413.61,69.92,58.74,1,-1,-1,-1
151,1,773.31,290.28,86.13,82.81,1,-1,-1,-1
151,2,316.61,387.82,152.59,109.78,1,-1,-1,-1
151,3,621.95,203.89,119.26,108.55,1,-1,-1,-1
151,4,744.04,296.90,134.21,107.72,1,-1,-1,-1
151,5,759.77,343.86,165.43,129.46,1,-1,-1,-1
151,6,740.31,375.65,95.80,88.66,1,-1,-1,-1
151,7,851.10,413.66,69.83,58.54,1,-1,-1,-1
152,1,773.01,290.88,86.85,84.25,1,-1,-1,-1
152,2,316.81,387.86,152.33,109.67,1,-1,-1,-1
152,3,625.67,203.19,118.75,108.09,1,-1,-1,-1
152,4,744.07,296.90,134.97,108.26,1,-1,-1,-1
152,5,759.96,344.39,166.98,129.32,1,-1,-1,-1
152,6,740.00,375.05,96.67,89.45,1,-1,-1,-1
152,7,851.28,413.70,69.74,58.33,1,-1,-1,-1
153,1,772.42,291.25,88.18,86.61,1,-1,-1,-1
153,2,316.97,387.88,152.10,109.56,1,-1,-1,-1
153,3,629.73,202.47,118.44,107.43,1,-1,-1,-1
153,4,744.10,296.91,135.73,108.80,1,-1,-1,-1
153,5,759.57,344.84,167.90,129.08,1,-1,-1,-1
153,6,739.69,374.46,97.55,90.22,1,-1,-1,-1
153,7,851.45,413.75,69.66,58.13,1,-1,-1,-1
154,1,771.62,291.37,89.95,89.64,1,-1,-1,-1
154,2,317.11,387.90,151.88,109.44,1,-1,-1,-1
154,3,633.88,201.78,118.27,106.62,1,-1,-1,-1
154,4,744.13,296.91,136.49,109.35,1,-1,-1,-1
154,5,759.08,345.28,168.35,128.76,1,-1,-1,-1
154,6,739.37,373.86,98.42,91.00,1,-1,-1,-1
154,7,851.62,413.80,69.57,57.93,1,-1,-1,-1
155,1,770.67,291.27,92.02,93.17,1,-1,-1,-1
155,2,317.25,387.92,151.67,109.32,1,-1,-1,-1
155,3,638.02,201.13,118.19,105.71,1,-1,-1,-1
155,4,744.15,296.92,137.25,109.89,1,-1,-1,-1
155,5,758.64,345.73,168.47,128.38,1,-1,-1,-1
155,6,739.05,373.26,99.29,91.78,1,-1,-1,-1
155,7,851.80,413.85,69.48,57.73,1,-1,-1,-1
156,1,769.62,291.00,94.29,97.05,1,-1,-1,-1
156,2,317.15,387.93,151.64,109.24,1,-1,-1,-1
156,3,642.15,200.51,118.19,104.72,1,-1,-1,-1
156,4,744.18,296.93,138.01,110.43,1,-1,-1,-1
156,5,758.28,346.18,168.33,127.96,1,-1,-1,-1
156,6,738.74,372.66,100.16,92.56,1,-1,-1,-1
156,7,851.96,413.91,69.39,57.52,1,-1,-1,-1
157,1,769.45,290.23,95.64,99.64,1,-1,-1,-1
157,2,316.93,387.95,151.74,109.21,1,-1,-1,-1
157,3,646.48,200.02,118.07,104.22,1,-1,-1,-1
157,4,744.21,296.93,138.77,110.98,1,-1,-1,-1
157,5,757.99,346.66,168.02,127.51,1,-1,-1,-1
157,6,738.43,372.06,101.03,93.34,1,-1,-1,-1
157,7,852.13,413.96,69.31,57.32,1,-1,-1,-1
158,1,769.76,289.48,96.39,101.31,1,-1,-1,-1
158,2,316.66,387.95,151.93,109.20,1,-1,-1,-1
158,3,650.89,199.49,117.85,104.07,1,-1,-1,-1
158,4,744.24,296.94,139.53,111.52,1,-1,-1,-1
158,5,757.77,347.14,167.58,127.04,1,-1,-1,-1
158,6,738.11,371.46,101.90,94.12,1,-1,-1,-1
158,7,852.29,414.01,69.22,57.12,1,-1,-1,-1
159,1,770.33,288.91,96.72,102.31,1,-1,-1,-1
159,2,316.34,387.94,152.19,109.21,1,-1,-1,-1
159,3,655.34,198.89,117.58,104.17,1,-1,-1,-1
159,4,744.26,296.95,140.28,112.07,1,-1,-1,-1
159,5,757.60,347.64,167.04,126.55,1,-1,-1,-1
159,6,737.80,370.87,102.76,94.89,1,-1,-1,-1
159,7,852.46,414.06,69.14,56.92,1,-1,-1,-1
160,1,771.08,288.52,96.76,102.82,1,-1,-1,-1
160,2,315.99,387.93,152.51,109.23,1,-1,-1,-1
160,3,659.81,198.22,117.26,104.45,1,-1,-1,-1
160,4,744.29,296.95,141.04,112.61,1,-1,-1,-1
160,5,757.46,348.14,166.43,126.05,1,-1,-1,-1
160,6,737.49,370.27,103.63,95.67,1,-1,-1,-1
160,7,852.62,414.11,69.05,56.71,1,-1,-1,-1
161,1,771.93,288.28,96.59,102.98,1,-1,-1,-1
161,2,316.15,387.99,152.52,109.20,1,-1,-1,-1
161,3,664.30,197.50,116.92,104.87,1,-1,-1,-1
161,4,744.32,296.96,141.80,113.15,1,-1,-1,-1
161,5,757.35,348.64,165.77,125.55,1,-1,-1,-1
161,6,737.18,369.67,104.50,96.45,1,-1,-1,-1
161,7,852.78,414.15,68.97,56.51,1,-1,-1,-1
162,1,772.85,288.16,96.27,102.87,1,-1,-1,-1
162,2,316.54,388.09,152.32,109.14,1,-1,-1,-1
162,3,669.49,197.00,117.44,105.34,1,-1,-1,-1
162,4,744.35,296.97,142.56,113.69,1,-1,-1,-1
162,5,757.27,349.15,165.08,125.03,1,-1,-1,-1
162,6,736.87,369.07,105.37,97.22,1,-1,-1,-1
162,7,852.94,414.20,68.89,56.31,1,-1,-1,-1
163,1,773.83,288.13,95.85,102.59,1,-1,-1,-1
163,2,317.07,388.21,151.95,109.05,1,-1,-1,-1
163,3,674.79,196.56,118.60,105.84,1,-1,-1,-1
163,4,744.38,296.97,143.32,114.24,1,-1,-1,-1
163,5,757.20,349.66,164.35,124.51,1,-1,-1,-1
163,6,736.55,368.48,106.23,98.00,1,-1,-1,-1
163,7,853.10,414.25,68.80,56.11,1,-1,-1,-1
164,1,774.85,288.17,95.35,102.16,1,-1,-1,-1
164,2,317.68,388.35,151.47,108.94,1,-1,-1,-1
164,3,680.02,196.16,120.23,106.37,1,-1,-1,-1
164,4,744.40,296.98,144.07,114.78,1,-1,-1,-1
164,5,757.15,350.18,163.61,123.99,1,-1,-1,-1
164,6,736.24,367.88,107.10,98.77,1,-1,-1,-1
164,7,853.26,414.30,68.72,55.91,1,-1,-1,-1
165,1,775.89,288.27,94.80,101.63,1,-1,-1,-1
165,2,318.33,388.49,150.91,108.82,1,-1,-1,-1
165,3,685.13,195.76,122.19,106.91,1,-1,-1,-1
165,4,744.44,296.99,144.83,115.32,1,-1,-1,-1
165,5,757.11,350.69,162.85,123.46,1,-1,-1,-1
165,6,735.93,367.28,107.97,99.55,1,-1,-1,-1
165,7,853.41,414.34,68.64,55.71,1,-1,-1,-1
166,1,776.96,288.40,94.20,101.03,1,-1,-1,-1
166,2,319.20,388.67,150.22,108.66,1,-1,-1,-1
166,3,690.14,195.35,124.40,107.46,1,-1,-1,-1
166,4,744.46,297.00,145.59,115.87,1,-1,-1,-1
166,5,757.07,351.21,162.08,122.93,1,-1,-1,-1
166,6,735.62,366.69,108.83,100.32,1,-1,-1,-1
166,7,853.57,414.39,68.55,55.51,1,-1,-1,-1
167,1,778.03,288.55,93.57,100.37,1,-1,-1,-1
167,2,320.15,388.86,149.45,108.48,1,-1,-1,-1
167,3,694.11,194.70,125.60,107.53,1,-1,-1,-1
167,4,744.49,297.00,146.35,116.41,1,-1,-1,-1
167,5,757.03,351.73,161.31,122.40,1,-1,-1,-1
167,6,735.31,366.09,109.70,101.09,1,-1,-1,-1
167,7,853.72,414.44,68.47,55.31,1,-1,-1,-1
168,1,779.12,288.73,92.92,99.67,1,-1,-1,-1
168,2,321.16,389.07,148.62,108.27,1,-1,-1,-1
168,3,697.87,194.03,126.07,107.28,1,-1,-1,-1
168,4,744.52,297.01,147.10,116.95,1,-1,-1,-1
168,5,757.01,352.24,160.52,121.87,1,-1,-1,-1
168,6,735.00,365.50,110.56,101.87,1,-1,-1,-1
168,7,853.88,414.49,68.39,55.11,1,-1,-1,-1
169,1,780.21,288.93,92.25,98.95,1,-1,-1,-1
169,2,322.20,389.28,147.74,108.05,1,-1,-1,-1
169,3,701.67,193.41,126.00,106.79,1,-1,-1,-1
169,4,744.54,297.02,147.86,117.49,1,-1,-1,-1
169,5,756.99,352.76,159.74,121.34,1,-1,-1,-1
169,6,734.68,364.90,111.43,102.64,1,-1,-1,-1
169,7,854.03,414.53,68.31,54.91,1,-1,-1,-1
170,1,781.31,289.13,91.57,98.20,1,-1,-1,-1
170,2,323.25,389.50,146.82,107.83,1,-1,-1,-1
170,3,705.58,192.85,125.55,106.13,1,-1,-1,-1
170,4,744.58,297.02,148.62,118.04,1,-1,-1,-1
170,5,756.97,353.28,158.95,120.81,1,-1,-1,-1
170,6,734.38,364.30,112.29,103.42,1,-1,-1,-1
170,7,854.18,414.58,68.23,54.71,1,-1,-1,-1
171,1,782.41,289.35,90.88,97.44,1,-1,-1,-1
171,2,323.45,389.62,146.35,107.66,1,-1,-1,-1
171,3,709.60,192.34,124.81,105.35,1,-1,-1,-1
171,4,744.61,297.03,149.38,118.58,1,-1,-1,-1
171,5,756.95,353.80,158.16,120.28,1,-1,-1,-1
171,6,734.06,363.71,113.15,104.19,1,-1,-1,-1
171,7,854.33,414.62,68.15,54.51,1,-1,-1,-1
172,1,783.52,289.57,90.19,96.66,1,-1,-1,-1
172,2,323.25,389.69,146.19,107.54,1,-1,-1,-1
172,3,713.95,192.10,124.08,104.45,1,-1,-1,-1
172,4,744.63,297.03,150.13,119.12,1,-1,-1,-1
172,5,756.94,354.32,157.37,119.75,1,-1,-1,-1
172,6,733.75,363.11,114.02,104.96,1,-1,-1,-1
172,7,854.49,414.67,68.07,54.31,1,-1,-1,-1
173,1,784.62,289.79,89.49,95.88,1,-1,-1,-1
173,2,322.84,389.73,146.28,107.45,1,-1,-1,-1
173,3,718.44,191.98,123.34,103.47,1,-1,-1,-1
173,4,744.66,297.04,150.89,119.66,1,-1,-1,-1
173,5,756.92,354.84,156.58,119.22,1,-1,-1,-1
173,6,733.45,362.52,114.88,105.73,1,-1,-1,-1
173,7,854.64,414.71,67.98,54.12,1,-1,-1,-1
174,1,785.73,290.02,88.79,95.09,1,-1,-1,-1
174,2,322.31,389.76,146.53,107.38,1,-1,-1,-1
174,3,722.97,191.93,122.61,102.42,1,-1,-1,-1
174,4,744.69,297.04,151.65,120.20,1,-1,-1,-1
174,5,756.92,355.36,155.79,118.69,1,-1,-1,-1
174,6,733.13,361.93,115.75,106.50,1,-1,-1,-1
174,7,854.79,414.76,67.90,53.92,1,-1,-1,-1
175,1,786.84,290.25,88.08,94.30,1,-1,-1,-1
175,2,321.71,389.77,146.91,107.34,1,-1,-1,-1
175,3,727.52,191.91,121.88,101.32,1,-1,-1,-1
175,4,744.72,297.05,152.40,120.75,1,-1,-1,-1
175,5,756.90,355.88,154.99,118.15,1,-1,-1,-1
175,6,732.82,361.33,116.61,107.28,1,-1,-1,-1
175,7,854.94,414.80,67.82,53.72,1,-1,-1,-1
176,1,787.95,290.49,87.37,93.50,1,-1,-1,-1
176,2,320.95,389.59,147.45,107.45,1,-1,-1,-1
176,3,732.08,191.91,121.15,100.19,1,-1,-1,-1
176,4,744.75,297.06,153.16,121.29,1,-1,-1,-1
176,5,756.89,356.40,154.20,117.62,1,-1,-1,-1
176,6,732.51,360.73,117.47,108.05,1,-1,-1,-1
176,7,855.10,414.85,67.74,53.52,1,-1,-1,-1
177,1,789.06,290.72,86.66,92.70,1,-1,-1,-1
177,2,320.10,389.31,148.12,107.67,1,-1,-1,-1
177,3,735.70,192.14,120.27,99.41,1,-1,-1,-1
177,4,744.77,297.07,153.92,121.83,1,-1,-1,-1
177,5,756.89,356.93,153.41,117.09,1,-1,-1,-1
177,6,732.20,360.14,118.34,108.82,1,-1,-1,-1
177,7,855.25,414.90,67.67,53.33,1,-1,-1,-1
178,1,790.16,290.96,85.95,91.91,1,-1,-1,-1
178,2,319.20,388.98,148.88,107.97,1,-1,-1,-1
178,3,739.00,192.41,119.28,98.87,1,-1,-1,-1
178,4,744.81,297.07,154.67,122.37,1,-1,-1,-1
178,5,756.88,357.45,152.61,116.56,1,-1,-1,-1
178,6,731.89,359.54,119.20,109.59,1,-1,-1,-1
178,7,855.40,414.94,67.59,53.13,1,-1,-1,-1
179,1,791.27,291.20,85.24,91.10,1,-1,-1,-1
179,2,318.27,388.60,149.70,108.33,1,-1,-1,-1
179,3,742.19,192.64,118.22,98.52,1,-1,-1,-1
179,4,744.84,297.08,155.42,122.91,1,-1,-1,-1
179,5,756.87,357.96,151.82,116.03,1,-1,-1,-1
179,6,731.58,358.95,120.06,110.36,1,-1,-1,-1
179,7,855.55,414.99,67.51,52.93,1,-1,-1,-1
180,1,792.38,291.43,84.52,90.30,1,-1,-1,-1
180,2,317.32,388.20,150.57,108.73,1,-1,-1,-1
180,3,745.37,192.82,117.10,98.29,1,-1,-1,-1
180,4,744.87,297.09,156.18,123.45,1,-1,-1,-1
180,5,756.87,358.48,151.03,115.50,1,-1,-1,-1
180,6,731.27,358.35,120.92,111.13,1,-1,-1,-1
180,7,855.70,415.03,67.43,52.74,1,-1,-1,-1
181,1,793.50,291.67,83.81,89.50,1,-1,-1,-1
181,2,316.96,387.96,151.12,109.06,1,-1,-1,-1
181,3,748.53,192.97,115.94,98.15,1,-1,-1,-1
181,4,744.89,297.10,156.94,123.99,1,-1,-1,-1
181,5,756.86,359.01,150.23,114.97,1,-1,-1,-1
181,6,730.96,357.76,121.79,111.91,1,-1,-1,-1
181,7,855.85,415.07,67.35,52.54,1,-1,-1,-1
182,1,794.60,291.91,83.10,88.69,1,-1,-1,-1
182,2,316.89,387.77,151.44,109.35,1,-1,-1,-1
182,3,751.72,193.08,114.76,98.09,1,-1,-1,-1
182,4,744.93,297.10,157.69,124.53,1,-1,-1,-1
182,5,756.85,359.53,149.44,114.44,1,-1,-1,-1
182,6,730.65,357.16,122.65,112.68,1,-1,-1,-1
182,7,856.00,415.12,67.27,52.34,1,-1,-1,-1
183,1,795.71,292.15,82.38,87.89,1,-1,-1,-1
183,2,316.97,387.63,151.58,109.60,1,-1,-1,-1
183,3,755.53,193.51,113.15,98.07,1,-1,-1,-1
183,4,744.96,297.11,158.45,125.08,1,-1,-1,-1
183,5,756.85,360.05,148.65,113.91,1,-1,-1,-1
183,6,730.34,356.57,123.51,113.45,1,-1,-1,-1
183,7,856.15,415.16,67.20,52.15,1,-1,-1,-1
184,1,796.82,292.39,81.67,87.08,1,-1,-1,-1
184,2,317.13,387.50,151.60,109.84,1,-1,-1,-1
184,4,744.98,297.12,159.20,125.62,1,-1,-1,-1
184,5,756.84,360.57,147.85,113.38,1,-1,-1,-1
184,6,730.04,355.98,124.37,114.22,1,-1,-1,-1
184,7,856.30,415.20,67.12,51.95,1,-1,-1,-1
185,1,797.92,292.63,80.96,86.28,1,-1,-1,-1
185,2,317.35,387.39,151.52,110.05,1,-1,-1,-1
185,4,745.01,297.13,159.96,126.16,1,-1,-1,-1
185,5,756.84,361.09,147.06,112.85,1,-1,-1,-1
185,6,729.73,355.38,125.23,114.99,1,-1,-1,-1
185,7,856.45,415.25,67.04,51.76,1,-1,-1,-1
186,1,799.03,292.87,80.24,85.47,1,-1,-1,-1
186,2,317.74,387.41,151.29,110.14,1,-1,-1,-1
186,4,745.04,297.14,160.71,126.70,1,-1,-1,-1
186,5,756.84,361.61,146.27,112.32,1,-1,-1,-1
186,6,729.42,354.78,126.09,115.76,1,-1,-1,-1
186,7,856.60,415.30,66.96,51.56,1,-1,-1,-1
187,1,800.14,293.11,79.53,84.67,1,-1,-1,-1
187,2,318.22,387.50,150.95,110.14,1,-1,-1,-1
187,4,745.07,297.14,161.47,127.24,1,-1,-1,-1
187,5,756.83,362.13,145.48,111.79,1,-1,-1,-1
187,6,729.11,354.19,126.96,116.53,1,-1,-1,-1
187,7,856.75,415.34,66.89,51.36,1,-1,-1,-1
188,1,801.25,293.35,78.81,83.86,1,-1,-1,-1
188,2,318.75,387.64,150.51,110.07,1,-1,-1,-1
188,4,745.10,297.15,162.23,127.78,1,-1,-1,-1
188,5,756.83,362.65,144.69,111.26,1,-1,-1,-1
188,6,728.80,353.60,127.82,117.30,1,-1,-1,-1
188,7,856.90,415.38,66.81,51.17,1,-1,-1,-1
189,1,802.36,293.59,78.10,83.06,1,-1,-1,-1
189,2,319.32,387.81,150.02,109.95,1,-1,-1,-1
189,4,745.13,297.16,162.98,128.32,1,-1,-1,-1
189,5,756.83,363.17,143.90,110.73,1,-1,-1,-1
189,6,728.49,353.01,128.68,118.07,1,-1,-1,-1
189,7,857.04,415.43,66.73,50.97,1,-1,-1,-1
190,1,803.47,293.83,77.38,82.25,1,-1,-1,-1
190,2,319.90,388.00,149.49,109.80,1,-1,-1,-1
190,4,745.16,297.17,163.74,128.86,1,-1,-1,-1
190,5,756.82,363.69,143.11,110.20,1,-1,-1,-1
190,6,728.18,352.41,129.54,118.84,1,-1,-1,-1
190,7,857.20,415.47,66.66,50.78,1,-1,-1,-1
191,1,804.58,294.07,76.67,81.44,1,-1,-1,-1
191,2,320.51,388.15,148.93,109.66,1,-1,-1,-1
191,4,745.19,297.17,164.49,129.40,1,-1,-1,-1
191,5,756.82,364.21,142.31,109.67,1,-1,-1,-1
191,6,727.87,351.81,130.40,119.61,1,-1,-1,-1
191,7,857.34,415.51,66.58,50.58,1,-1,-1,-1
192,1,805.68,294.32,75.95,80.64,1,-1,-1,-1
192,2,321.12,388.28,148.35,109.53,1,-1,-1,-1
192,4,745.22,297.18,165.25,129.94,1,-1,-1,-1
192,5,756.81,364.74,141.52,109.14,1,-1,-1,-1
192,6,727.56,351.22,131.26,120.38,1,-1,-1,-1
192,7,857.49,415.56,66.51,50.39,1,-1,-1,-1
193,1,806.79,294.56,75.24,79.83,1,-1,-1,-1
193,2,321.74,388.42,147.75,109.41,1,-1,-1,-1
193,4,745.25,297.19,166.00,130.48,1,-1,-1,-1
193,5,756.81,365.26,140.73,108.61,1,-1,-1,-1
193,6,727.25,350.63,132.12,121.15,1,-1,-1,-1
193,7,857.64,415.60,66.43,50.20,1,-1,-1,-1
194,1,807.90,294.80,74.52,79.03,1,-1,-1,-1
194,2,322.36,388.54,147.14,109.29,1,-1,-1,-1
194,4,745.28,297.20,166.76,131.02,1,-1,-1,-1
194,5,756.81,365.77,139.94,108.08,1,-1,-1,-1
194,6,726.94,350.03,132.98,121.92,1,-1,-1,-1
194,7,857.79,415.64,66.35,50.01,1,-1,-1,-1
195,1,809.01,295.04,73.81,78.22,1,-1,-1,-1
195,2,322.98,388.67,146.53,109.17,1,-1,-1,-1
195,4,745.31,297.21,167.51,131.56,1,-1,-1,-1
195,5,756.81,366.29,139.15,107.55,1,-1,-1,-1
195,6,726.63,349.43,133.84,122.69,1,-1,-1,-1
195,7,857.93,415.68,66.27,49.81,1,-1,-1,-1
196,1,810.11,295.28,73.09,77.41,1,-1,-1,-1
196,2,323.97,388.83,145.71,108.97,1,-1,-1,-1
196,4,745.34,297.22,168.27,132.11,1,-1,-1,-1
196,5,756.80,366.81,138.36,107.02,1,-1,-1,-1
196,6,726.33,348.84,134.70,123.45,1,-1,-1,-1
196,7,858.08,415.73,66.19,49.62,1,-1,-1,-1
197,1,811.22,295.52,72.37,76.60,1,-1,-1,-1
197,2,325.12,389.01,144.74,108.72,1,-1,-1,-1
197,4,745.37,297.22,169.02,132.64,1,-1,-1,-1
197,5,756.80,367.33,137.57,106.49,1,-1,-1,-1
197,6,726.02,348.25,135.56,124.23,1,-1,-1,-1
197,7,858.23,415.78,66.12,49.43,1,-1,-1,-1
198,1,812.33,295.77,71.66,75.80,1,-1,-1,-1
198,2,326.36,389.23,143.66,108.44,1,-1,-1,-1
198,4,745.40,297.23,169.78,133.18,1,-1,-1,-1
198,5,756.80,367.86,136.78,105.96,1,-1,-1,-1
198,6,725.30,344.62,137.56,127.00,1,-1,-1,-1
198,7,858.38,415.82,66.04,49.23,1,-1,-1,-1
199,1,813.43,296.01,70.94,74.99,1,-1,-1,-1
199,2,327.65,389.45,142.50,108.12,1,-1,-1,-1
199,4,745.43,297.24,170.53,133.73,1,-1,-1,-1
199,5,756.80,368.38,135.99,105.44,1,-1,-1,-1
199,6,724.22,339.50,140.41,131.23,1,-1,-1,-1
199,7,858.53,415.86,65.97,49.04,1,-1,-1,-1
200,1,814.54,296.25,70.22,74.18,1,-1,-1,-1
200,2,328.97,389.68,141.28,107.77,1,-1,-1,-1
200,4,745.46,297.25,171.28,134.26,1,-1,-1,-1
200,5,756.79,368.90,135.20,104.91,1,-1,-1,-1
200,6,722.85,333.56,143.86,136.52,1,-1,-1,-1
200,7,858.67,415.90,65.89,48.84,1,-1,-1,-1
201,1,815.65,296.49,69.51,73.38,1,-1,-1,-1
201,2,329.70,389.86,140.38,107.50,1,-1,-1,-1
201,4,745.49,297.26,172.04,134.80,1,-1,-1,-1
201,5,756.79,369.41,134.41,104.38,1,-1,-1,-1
201,6,721.29,327.14,147.73,142.58,1,-1,-1,-1
201,7,858.82,415.94,65.81,48.65,1,-1,-1,-1
202,1,816.76,296.73,68.79,72.57,1,-1,-1,-1
202,2,330.14,390.01,139.72,107.29,1,-1,-1,-1
202,4,745.52,297.27,172.79,135.35,1,-1,-1,-1
202,5,756.79,369.93,133.63,103.85,1,-1,-1,-1
202,6,719.59,320.40,151.88,149.21,1,-1,-1,-1
202,7,858.97,415.99,65.74,48.46,1,-1,-1,-1
203,1,817.87,296.98,68.07,71.76,1,-1,-1,-1
203,2,330.43,390.13,139.23,107.10,1,-1,-1,-1
203,4,745.54,297.27,173.54,135.88,1,-1,-1,-1
203,5,756.78,370.46,132.84,103.32,1,-1,-1,-1
203,6,717.80,313.46,156.21,156.24,1,-1,-1,-1
203,7,859.12,416.03,65.66,48.26,1,-1,-1,-1
204,1,818.97,297.22,67.36,70.95,1,-1,-1,-1
204,2,330.64,390.24,138.86,106.95,1,-1,-1,-1
204,4,745.58,297.28,174.30,136.42,1,-1,-1,-1
204,5,756.78,370.98,132.05,102.80,1,-1,-1,-1
204,6,715.95,306.38,160.66,163.56,1,-1,-1,-1
204,7,859.26,416.07,65.59,48.07,1,-1,-1,-1
205,1,820.09,297.46,66.64,70.14,1,-1,-1,-1
205,2,330.79,390.34,138.59,106.82,1,-1,-1,-1
205,4,745.61,297.29,175.05,136.97,1,-1,-1,-1
205,5,756.78,371.50,131.26,102.27,1,-1,-1,-1
205,6,713.37,304.30,162.41,167.38,1,-1,-1,-1
205,7,859.41,416.11,65.51,47.88,1,-1,-1,-1
206,1,821.20,297.71,65.92,69.34,1,-1,-1,-1
206,2,330.80,390.40,138.38,106.68,1,-1,-1,-1
206,4,745.64,297.30,175.81,137.50,1,-1,-1,-1
206,5,756.77,372.02,130.47,101.74,1,-1,-1,-1
206,6,710.89,304.71,162.39,168.72,1,-1,-1,-1
206,7,859.56,416.16,65.44,47.68,1,-1,-1,-1
207,1,822.30,297.95,65.20,68.53,1,-1,-1,-1
207,2,330.74,390.45,138.22,106.54,1,-1,-1,-1
207,4,745.67,297.31,176.56,138.04,1,-1,-1,-1
207,5,756.77,372.53,129.68,101.21,1,-1,-1,-1
207,6,708.71,306.47,161.17,168.29,1,-1,-1,-1
207,7,859.71,416.20,65.36,47.49,1,-1,-1,-1
208,1,823.41,298.19,64.49,67.72,1,-1,-1,-1
208,2,330.65,390.48,138.09,106.39,1,-1,-1,-1
208,4,745.70,297.32,177.31,138.58,1,-1,-1,-1
208,5,756.77,373.05,128.89,100.68,1,-1,-1,-1
208,6,706.85,309.05,159.10,166.55,1,-1,-1,-1
208,7,859.85,416.25,65.29,47.30,1,-1,-1,-1
209,1,824.52,298.43,63.77,66.91,1,-1,-1,-1
209,2,330.54,390.52,137.99,106.24,1,-1,-1,-1
209,4,742.61,297.83,175.78,137.31,1,-1,-1,-1
209,5,756.76,373.57,128.11,100.16,1,-1,-1,-1
209,6,705.27,312.15,156.43,163.88,1,-1,-1,-1
209,7,860.00,416.29,65.21,47.10,1,-1,-1,-1
210,1,825.63,298.67,63.05,66.10,1,-1,-1,-1
210,2,330.42,390.56,137.90,106.09,1,-1,-1,-1
210,4,738.72,298.84,172.62,134.74,1,-1,-1,-1
210,5,756.76,374.10,127.32,99.63,1,-1,-1,-1
210,6,703.90,315.61,153.33,160.51,1,-1,-1,-1
210,7,860.15,416.33,65.14,46.91,1,-1,-1,-1
211,1,826.73,298.92,62.33,65.29,1,-1,-1,-1
211,2,330.52,390.66,137.81,105.97,1,-1,-1,-1
211,4,734.82,300.26,168.30,131.25,1,-1,-1,-1
211,5,756.76,374.61,126.53,99.10,1,-1,-1,-1
211,6,702.69,319.33,149.90,156.63,1,-1,-1,-1
211,7,860.30,416.37,65.06,46.72,1,-1,-1,-1
212,1,827.84,299.16,61.61,64.48,1,-1,-1,-1
212,2,330.70,390.78,137.70,105.87,1,-1,-1,-1
212,4,731.13,301.99,163.12,127.08,1,-1,-1,-1
212,5,756.75,375.13,125.74,98.58,1,-1,-1,-1
212,6,701.61,323.22,146.23,152.39,1,-1,-1,-1
212,7,860.44,416.41,64.99,46.52,1,-1,-1,-1
213,1,828.96,299.41,60.89,63.67,1,-1,-1,-1
213,2,330.91,390.91,137.58,105.79,1,-1,-1,-1
213,4,727.68,303.97,157.32,122.41,1,-1,-1,-1
213,5,756.75,375.65,124.96,98.05,1,-1,-1,-1
213,6,700.63,327.25,142.38,147.86,1,-1,-1,-1
213,7,860.59,416.46,64.91,46.33,1,-1,-1,-1
214,1,830.06,299.65,60.17,62.86,1,-1,-1,-1
214,2,331.14,391.03,137.45,105.71,1,-1,-1,-1
214,4,724.46,306.13,151.05,117.37,1,-1,-1,-1
214,5,756.75,376.17,124.17,97.52,1,-1,-1,-1
214,6,699.73,331.36,138.41,143.13,1,-1,-1,-1
214,7,860.74,416.50,64.84,46.14,1,-1,-1,-1
215,1,831.17,299.90,59.45,62.05,1,-1,-1,-1
215,2,331.37,391.15,137.32,105.65,1,-1,-1,-1
215,4,721.43,308.43,144.44,112.06,1,-1,-1,-1
215,5,756.74,376.69,123.38,96.99,1,-1,-1,-1
215,6,698.88,335.55,134.33,138.25,1,-1,-1,-1
215,7,860.89,416.54,64.76,45.94,1,-1,-1,-1
216,1,832.28,300.14,58.73,61.24,1,-1,-1,-1
216,2,331.40,391.14,137.26,105.64,1,-1,-1,-1
216,4,718.54,310.83,137.57,106.55,1,-1,-1,-1
216,5,756.74,377.21,122.59,96.47,1,-1,-1,-1
216,6,698.07,339.78,130.17,133.26,1,-1,-1,-1
216,7,861.03,416.58,64.69,45.75,1,-1,-1,-1
217,1,833.39,300.38,58.00,60.43,1,-1,-1,-1
217,2,331.34,391.08,137.26,105.67,1,-1,-1,-1
217,4,715.76,313.31,130.51,100.88,1,-1,-1,-1
217,5,756.74,377.73,121.81,95.94,1,-1,-1,-1
217,6,697.30,344.05,125.97,128.18,1,-1,-1,-1
217,7,861.18,416.63,64.61,45.56,1,-1,-1,-1
218,1,834.50,300.63,57.28,59.62,1,-1,-1,-1
218,2,331.24,390.99,137.29,105.74,1,-1,-1,-1
218,4,713.07,315.85,123.31,95.10,1,-1,-1,-1
218,5,756.73,378.25,121.02,95.41,1,-1,-1,-1
218,6,696.56,348.34,121.72,123.05,1,-1,-1,-1
218,7,861.32,416.67,64.53,45.37,1,-1,-1,-1
218,8,881.75,219.65,106.77,105.59,1,-1,-1,-1
219,1,835.61,300.87,56.56,58.81,1,-1,-1,-1
219,2,331.11,390.88,137.35,105.82,1,-1,-1,-1
219,4,710.45,318.43,116.01,89.23,1,-1,-1,-1
219,5,756.72,378.76,120.23,94.89,1,-1,-1,-1
219,6,695.83,352.65,117.44,117.86,1,-1,-1,-1
219,7,861.47,416.71,64.46,45.17,1,-1,-1,-1
219,8,885.63,222.32,107.82,105.49,1,-1,-1,-1
220,1,836.73,301.12,55.84,57.99,1,-1,-1,-1
220,2,330.97,390.76,137.43,105.93,1,-1,-1,-1
220,4,707.88,321.04,108.63,83.30,1,-1,-1,-1
220,5,756.72,379.29,119.45,94.36,1,-1,-1,-1
220,6,695.13,356.96,113.13,112.65,1,-1,-1,-1
220,7,861.62,416.76,64.38,44.98,1,-1,-1,-1
220,8,889.47,225.02,108.91,105.33,1,-1,-1,-1
221,1,837.83,301.36,55.12,57.18,1,-1,-1,-1
221,2,330.95,390.69,137.47,105.99,1,-1,-1,-1
221,4,708.69,323.19,102.97,78.70,1,-1,-1,-1
221,5,756.72,379.81,118.66,93.83,1,-1,-1,-1
221,6,694.43,361.30,108.82,107.40,1,-1,-1,-1
221,7,861.77,416.80,64.31,44.79,1,-1,-1,-1
221,8,893.29,227.75,110.06,105.10,1,-1,-1,-1
222,1,838.94,301.61,54.39,56.37,1,-1,-1,-1
222,2,330.98,390.64,137.47,106.03,1,-1,-1,-1
222,4,710.41,324.87,98.70,75.17,1,-1,-1,-1
222,5,756.71,380.33,117.87,93.30,1,-1,-1,-1
222,6,693.74,365.63,104.48,102.14,1,-1,-1,-1
222,7,861.91,416.84,64.23,44.59,1,-1,-1,-1
222,8,897.08,230.51,111.27,104.81,1,-1,-1,-1
223,1,840.06,301.85,53.67,55.56,1,-1,-1,-1
223,2,331.04,390.61,137.45,106.04,1,-1,-1,-1
223,4,712.19,326.16,95.53,72.49,1,-1,-1,-1
223,5,756.71,380.85,117.09,92.78,1,-1,-1,-1
223,6,693.07,369.97,100.14,96.86,1,-1,-1,-1
223,7,862.06,416.88,64.16,44.40,1,-1,-1,-1
223,8,900.85,233.31,112.53,104.47,1,-1,-1,-1
224,1,841.17,302.09,52.94,54.74,1,-1,-1,-1
224,2,331.11,390.59,137.41,106.04,1,-1,-1,-1
224,4,713.75,327.12,93.22,70.47,1,-1,-1,-1
224,5,756.70,381.36,116.30,92.25,1,-1,-1,-1
224,6,692.39,374.31,95.80,91.57,1,-1,-1,-1
224,7,862.21,416.92,64.08,44.21,1,-1,-1,-1
224,8,904.59,236.12,113.85,104.08,1,-1,-1,-1
225,2,331.20,390.57,137.36,106.02,1,-1,-1,-1
225,4,715.05,327.83,91.58,68.96,1,-1,-1,-1
225,5,756.70,381.88,115.51,91.73,1,-1,-1,-1
225,6,691.72,378.66,91.45,86.27,1,-1,-1,-1
225,7,862.36,416.96,64.01,44.02,1,-1,-1,-1
225,8,908.31,238.96,115.19,103.66,1,-1,-1,-1
226,2,331.29,390.57,137.28,106.00,1,-1,-1,-1
226,4,716.12,328.35,90.44,67.83,1,-1,-1,-1
226,5,756.70,382.40,114.73,91.20,1,-1,-1,-1
226,6,691.06,383.00,87.10,80.96,1,-1,-1,-1
226,7,862.50,417.00,63.94,43.82,1,-1,-1,-1
226,8,912.03,241.81,116.57,103.20,1,-1,-1,-1
227,2,331.40,390.57,137.18,105.98,1,-1,-1,-1
227,4,716.99,328.73,89.68,67.00,1,-1,-1,-1
227,5,756.69,382.92,113.94,90.67,1,-1,-1,-1
227,7,862.65,417.05,63.86,43.63,1,-1,-1,-1
227,8,915.73,244.67,117.97,102.72,1,-1,-1,-1
228,2,331.51,390.58,137.06,105.95,1,-1,-1,-1
228,4,717.72,329.00,89.21,66.38,1,-1,-1,-1
228,5,756.69,383.44,113.16,90.15,1,-1,-1,-1
228,7,862.80,417.09,63.79,43.44,1,-1,-1,-1
228,8,919.41,247.54,119.38,102.23,1,-1,-1,-1
228,9,239.19,397.42,119.26,101.59,1,-1,-1,-1
229,2,331.63,390.59,136.93,105.92,1,-1,-1,-1
229,4,718.32,329.18,88.95,65.92,1,-1,-1,-1
229,5,756.69,383.96,112.37,89.62,1,-1,-1,-1
229,7,862.95,417.14,63.71,43.25,1,-1,-1,-1
229,8,923.10,250.41,120.81,101.73,1,-1,-1,-1
229,9,239.16,397.23,119.51,101.79,1,-1,-1,-1
230,2,331.76,390.60,136.79,105.89,1,-1,-1,-1
230,4,718.84,329.31,88.84,65.58,1,-1,-1,-1
230,5,756.68,384.48,111.59,89.09,1,-1,-1,-1
230,7,863.09,417.18,63.64,43.06,1,-1,-1,-1
230,8,926.77,253.29,122.26,101.21,1,-1,-1,-1
230,9,239.14,397.02,119.76,101.98,1,-1,-1,-1
231,2,331.72,390.66,136.70,105.84,1,-1,-1,-1
231,4,719.28,329.40,88.85,65.32,1,-1,-1,-1
231,5,756.68,385.00,110.80,88.57,1,-1,-1,-1
231,7,864.90,416.58,63.35,43.11,1,-1,-1,-1
231,8,930.44,256.18,123.70,100.70,1,-1,-1,-1
231,9,239.10,396.83,120.01,102.18,1,-1,-1,-1
232,2,331.61,390.74,136.63,105.77,1,-1,-1,-1
232,4,719.67,329.45,88.95,65.13,1,-1,-1,-1
232,5,756.67,385.52,110.01,88.04,1,-1,-1,-1
232,7,867.37,415.69,62.90,43.34,1,-1,-1,-1
232,8,934.11,259.06,125.16,100.17,1,-1,-1,-1
232,9,239.07,396.64,120.25,102.37,1,-1,-1,-1
233,2,331.48,390.83,136.59,105.69,1,-1,-1,-1
233,4,721.47,329.67,88.46,64.90,1,-1,-1,-1
233,5,756.67,386.04,109.23,87.52,1,-1,-1,-1
233,8,937.78,261.94,126.61,99.65,1,-1,-1,-1
233,9,239.04,396.45,120.50,102.57,1,-1,-1,-1
234,2,331.32,390.93,136.56,105.61,1,-1,-1,-1
234,4,723.88,329.96,87.54,64.63,1,-1,-1,-1
234,5,756.66,386.56,108.44,86.99,1,-1,-1,-1
234,8,941.45,264.82,128.07,99.12,1,-1,-1,-1
234,9,239.01,396.25,120.76,102.76,1,-1,-1,-1
235,2,331.15,391.03,136.55,105.51,1,-1,-1,-1
235,4,726.60,330.28,86.30,64.33,1,-1,-1,-1
235,5,756.66,387.07,107.66,86.46,1,-1,-1,-1
235,8,945.12,267.71,129.54,98.59,1,-1,-1,-1
235,9,238.98,396.06,121.01,102.96,1,-1,-1,-1
236,2,331.12,391.08,136.57,105.46,1,-1,-1,-1
236,4,729.48,330.62,84.84,64.02,1,-1,-1,-1
236,5,756.65,387.59,106.87,85.94,1,-1,-1,-1
236,8,948.79,270.59,131.00,98.06,1,-1,-1,-1
236,9,238.94,395.87,121.26,103.15,1,-1,-1,-1
237,2,331.13,391.10,136.61,105.44,1,-1,-1,-1
237,4,732.46,330.96,83.21,63.69,1,-1,-1,-1
237,5,756.65,388.12,106.09,85.41,1,-1,-1,-1
237,8,952.45,273.48,132.46,97.53,1,-1,-1,-1
237,9,238.91,395.67,121.51,103.35,1,-1,-1,-1
238,2,331.15,391.10,136.68,105.44,1,-1,-1,-1
238,4,735.49,331.32,81.46,63.34,1,-1,-1,-1
238,5,756.65,388.63,105.30,84.89,1,-1,-1,-1
238,8,956.11,276.37,133.93,97.00,1,-1,-1,-1
238,9,238.87,395.48,121.76,103.54,1,-1,-1,-1
239,2,331.17,391.10,136.75,105.46,1,-1,-1,-1
239,4,738.34,331.68,79.96,63.09,1,-1,-1,-1
239,5,756.64,389.15,104.52,84.36,1,-1,-1,-1
239,8,959.78,279.26,135.40,96.47,1,-1,-1,-1
239,9,238.84,395.29,122.01,103.73,1,-1,-1,-1
240,2,331.19,391.09,136.84,105.48,1,-1,-1,-1
240,4,741.06,332.02,78.66,62.90,1,-1,-1,-1
240,5,756.64,389.67,103.73,83.83,1,-1,-1,-1
240,8,959.02,279.27,136.76,96.32,1,-1,-1,-1
240,9,238.81,395.09,122.26,103.92,1,-1,-1,-1
241,2,330.95,391.03,137.00,105.50,1,-1,-1,-1
241,4,743.70,332.34,77.49,62.75,1,-1,-1,-1
241,5,756.63,390.19,102.95,83.31,1,-1,-1,-1
241,8,956.61,278.14,138.05,96.43,1,-1,-1,-1
241,9,238.77,394.90,122.52,104.12,1,-1,-1,-1
242,2,330.61,390.95,137.21,105.52,1,-1,-1,-1
242,4,746.29,332.66,76.43,62.65,1,-1,-1,-1
242,5,756.63,390.71,102.17,82.78,1,-1,-1,-1
242,8,953.61,276.54,139.28,96.73,1,-1,-1,-1
242,9,238.74,394.71,122.77,104.31,1,-1,-1,-1
243,2,330.22,390.88,137.46,105.53,1,-1,-1,-1
243,4,748.83,332.95,75.44,62.57,1,-1,-1,-1
243,5,756.62,391.23,101.38,82.26,1,-1,-1,-1
243,8,950.41,274.74,140.47,97.17,1,-1,-1,-1
243,9,238.70,394.52,123.02,104.50,1,-1,-1,-1
244,2,329.80,390.80,137.74,105.54,1,-1,-1,-1
244,4,750.13,332.99,74.82,62.48,1,-1,-1,-1
244,5,756.62,391.75,100.60,81.73,1,-1,-1,-1
244,8,947.16,272.84,141.62,97.70,1,-1,-1,-1
244,9,238.67,394.32,123.27,104.69,1,-1,-1,-1
245,2,329.36,390.72,138.05,105.55,1,-1,-1,-1
245,4,750.89,332.92,74.48,62.38,1,-1,-1,-1
245,5,756.62,392.27,99.81,81.20,1,-1,-1,-1
245,8,943.92,270.91,142.75,98.30,1,-1,-1,-1
245,9,238.64,394.13,123.53,104.88,1,-1,-1,-1
246,2,329.26,390.69,138.23,105.56,1,-1,-1,-1
246,4,751.39,332.82,74.34,62.28,1,-1,-1,-1
246,5,756.61,392.78,99.03,80.68,1,-1,-1,-1
246,8,940.70,268.97,143.86,98.95,1,-1,-1,-1
246,9,238.60,393.94,123.78,105.08,1,-1,-1,-1
247,2,329.30,390.68,138.32,105.57,1,-1,-1,-1
247,4,751.77,332.71,74.35,62.17,1,-1,-1,-1
247,5,756.60,393.30,98.24,80.15,1,-1,-1,-1
247,8,937.50,267.01,144.96,99.64,1,-1,-1,-1
247,9,238.57,393.74,124.03,105.27,1,-1,-1,-1
248,2,329.42,390.67,138.35,105.58,1,-1,-1,-1
248,4,752.07,332.60,74.46,62.07,1,-1,-1,-1
248,5,756.60,393.82,97.46,79.63,1,-1,-1,-1
248,8,934.33,265.06,146.03,100.35,1,-1,-1,-1
248,9,238.53,393.55,124.28,105.46,1,-1,-1,-1
249,2,329.57,390.67,138.34,105.59,1,-1,-1,-1
249,4,752.07,332.58,74.54,62.05,1,-1,-1,-1
249,5,756.59,394.34,96.68,79.10,1,-1,-1,-1
249,8,931.18,263.11,147.10,101.07,1,-1,-1,-1
249,9,238.50,393.36,124.54,105.65,1,-1,-1,-1
250,2,329.74,390.66,138.29,105.60,1,-1,-1,-1
250,4,751.95,332.58,74.59,62.10,1,-1,-1,-1
250,5,756.59,394.86,95.89,78.58,1,-1,-1,-1
250,8,928.05,261.16,148.17,101.81,1,-1,-1,-1
250,9,238.47,393.16,124.79,105.84,1,-1,-1,-1
251,2,329.96,390.69,138.06,105.56,1,-1,-1,-1
251,4,751.81,332.59,74.64,62.20,1,-1,-1,-1
251,5,756.59,395.38,95.11,78.05,1,-1,-1,-1
251,8,924.94,259.22,149.22,102.56,1,-1,-1,-1
251,9,238.44,392.97,125.04,106.03,1,-1,-1,-1
252,2,330.21,390.74,137.72,105.47,1,-1,-1,-1
252,4,751.66,332.58,74.67,62.33,1,-1,-1,-1
252,5,756.58,395.90,94.32,77.52,1,-1,-1,-1
252,8,921.85,257.29,150.27,103.32,1,-1,-1,-1
252,9,238.40,392.78,125.29,106.23,1,-1,-1,-1
253,2,330.51,390.81,137.28,105.35,1,-1,-1,-1
253,4,751.50,332.56,74.69,62.48,1,-1,-1,-1
253,5,756.57,396.42,93.54,77.00,1,-1,-1,-1
253,8,918.77,255.35,151.32,104.08,1,-1,-1,-1
253,9,238.36,392.59,125.54,106.42,1,-1,-1,-1
254,2,330.84,390.89,136.77,105.20,1,-1,-1,-1
254,4,751.49,332.55,74.67,62.60,1,-1,-1,-1
254,5,756.57,396.94,92.76,76.47,1,-1,-1,-1
254,8,915.71,253.43,152.36,104.84,1,-1,-1,-1
254,9,238.33,392.39,125.80,106.61,1,-1,-1,-1
255,2,331.19,390.98,136.22,105.05,1,-1,-1,-1
255,4,751.55,332.54,74.62,62.68,1,-1,-1,-1
255,5,756.56,397.46,91.97,75.94,1,-1,-1,-1
255,8,912.65,251.50,153.39,105.60,1,-1,-1,-1
255,9,238.30,392.20,126.05,106.80,1,-1,-1,-1
256,2,331.43,391.05,135.66,104.90,1,-1,-1,-1
256,4,751.65,332.55,74.56,62.75,1,-1,-1,-1
256,5,756.56,397.98,91.19,75.42,1,-1,-1,-1
256,8,909.61,249.58,154.43,106.37,1,-1,-1,-1
256,9,238.27,392.01,126.30,106.99,1,-1,-1,-1
257,2,331.63,391.10,135.10,104.76,1,-1,-1,-1
257,4,751.75,332.56,74.47,62.80,1,-1,-1,-1
257,5,756.56,398.49,90.40,74.89,1,-1,-1,-1
257,8,906.57,247.67,155.46,107.13,1,-1,-1,-1
257,9,238.23,391.81,126.55,107.19,1,-1,-1,-1
258,2,331.82,391.15,134.53,104.62,1,-1,-1,-1
258,4,751.86,332.58,74.38,62.83,1,-1,-1,-1
258,5,756.55,399.01,89.62,74.36,1,-1,-1,-1
258,8,903.55,245.76,156.49,107.90,1,-1,-1,-1
258,9,238.20,391.62,126.81,107.38,1,-1,-1,-1
259,2,332.00,391.20,133.96,104.49,1,-1,-1,-1
259,4,752.18,332.57,74.36,62.77,1,-1,-1,-1
259,5,756.54,399.53,88.84,73.84,1,-1,-1,-1
259,8,900.53,243.86,157.52,108.66,1,-1,-1,-1
259,9,238.16,391.43,127.06,107.57,1,-1,-1,-1
260,2,332.17,391.25,133.38,104.37,1,-1,-1,-1
260,4,752.55,332.56,74.40,62.62,1,-1,-1,-1
260,5,756.54,400.05,88.05,73.31,1,-1,-1,-1
260,8,897.52,241.96,158.55,109.43,1,-1,-1,-1
260,9,238.13,391.23,127.31,107.76,1,-1,-1,-1
261,2,332.33,391.32,133.05,104.27,1,-1,-1,-1
261,4,752.93,332.56,74.48,62.42,1,-1,-1,-1
261,5,756.53,400.57,87.27,72.79,1,-1,-1,-1
261,8,894.52,240.06,159.58,110.19,1,-1,-1,-1
261,9,238.10,391.04,127.57,107.95,1,-1,-1,-1
262,2,332.43,391.38,132.90,104.18,1,-1,-1,-1
262,4,753.31,332.59,74.59,62.18,1,-1,-1,-1
262,5,756.53,401.09,86.49,72.26,1,-1,-1,-1
262,8,891.52,238.17,160.60,110.96,1,-1,-1,-1
262,9,238.07,390.85,127.82,108.15,1,-1,-1,-1
263,2,332.48,391.45,132.87,104.11,1,-1,-1,-1
263,4,753.69,332.63,74.73,61.90,1,-1,-1,-1
263,5,756.52,401.61,85.70,71.74,1,-1,-1,-1
263,8,888.52,236.28,161.63,111.72,1,-1,-1,-1
263,9,238.03,390.66,128.07,108.34,1,-1,-1,-1
264,2,332.48,391.51,132.94,104.04,1,-1,-1,-1
264,4,751.58,332.83,76.19,61.89,1,-1,-1,-1
264,5,756.52,402.13,84.92,71.21,1,-1,-1,-1
264,8,885.54,234.40,162.65,112.48,1,-1,-1,-1
264,9,238.00,390.47,128.32,108.53,1,-1,-1,-1
265,2,332.45,391.57,133.08,103.99,1,-1,-1,-1
265,4,748.31,333.05,78.61,62.07,1,-1,-1,-1
265,5,756.51,402.65,84.13,70.68,1,-1,-1,-1
265,8,882.56,232.50,163.67,113.25,1,-1,-1,-1
265,9,237.97,390.27,128.58,108.72,1,-1,-1,-1
266,2,332.33,391.56,133.34,103.99,1,-1,-1,-1
266,4,744.43,333.23,81.74,62.39,1,-1,-1,-1
266,5,756.51,403.17,83.35,70.15,1,-1,-1,-1
266,8,879.57,230.62,164.69,114.01,1,-1,-1,-1
266,9,237.93,390.08,128.83,108.92,1,-1,-1,-1
267,2,332.16,391.52,133.69,104.03,1,-1,-1,-1
267,4,740.20,333.38,85.38,62.82,1,-1,-1,-1
267,5,756.50,403.69,82.57,69.63,1,-1,-1,-1
267,8,874.85,229.90,162.71,114.18,1,-1,-1,-1
267,9,237.90,389.89,129.08,109.11,1,-1,-1,-1
268,2,331.94,391.45,134.11,104.10,1,-1,-1,-1
268,4,735.75,333.51,89.40,63.30,1,-1,-1,-1
268,5,756.50,404.20,81.78,69.10,1,-1,-1,-1
268,8,869.99,229.72,158.55,113.96,1,-1,-1,-1
268,9,237.86,389.69,129.33,109.30,1,-1,-1,-1
269,2,331.70,391.38,134.58,104.19,1,-1,-1,-1
269,4,731.17,333.61,93.69,63.83,1,-1,-1,-1
269,5,756.49,404.72,81.00,68.58,1,-1,-1,-1
269,8,865.46,229.79,152.80,113.46,1,-1,-1,-1
269,9,240.76,389.60,129.63,109.39,1,-1,-1,-1
270,2,331.45,391.29,135.08,104.30,1,-1,-1,-1
270,4,726.49,333.70,98.17,64.38,1,-1,-1,-1
270,5,756.48,405.24,80.22,68.05,1,-1,-1,-1
270,8,861.35,230.01,145.91,112.75,1,-1,-1,-1
270,9,244.78,389.55,129.95,109.39,1,-1,-1,-1
271,2,331.41,391.29,135.41,104.38,1,-1,-1,-1
271,4,721.74,333.78,102.81,64.96,1,-1,-1,-1
271,5,756.48,405.76,79.43,67.52,1,-1,-1,-1
271,8,857.62,230.31,138.18,111.90,1,-1,-1,-1
271,9,249.18,389.54,130.29,109.34,1,-1,-1,-1
272,2,331.49,391.33,135.63,104.43,1,-1,-1,-1
272,4,722.12,334.03,104.01,65.10,1,-1,-1,-1
272,5,756.48,406.28,78.65,66.99,1,-1,-1,-1
272,8,856.39,230.49,132.34,111.15,1,-1,-1,-1
272,9,253.74,389.55,130.65,109.25,1,-1,-1,-1
273,2,331.64,391.39,135.76,104.48,1,-1,-1,-1
273,4,725.05,334.38,102.71,64.99,1,-1,-1,-1
273,5,756.47,406.80,77.87,66.47,1,-1,-1,-1
273,8,855.81,230.58,127.88,110.50,1,-1,-1,-1
273,9,258.32,389.58,131.02,109.13,1,-1,-1,-1
274,2,331.82,391.46,135.82,104.51,1,-1,-1,-1
274,4,729.36,334.81,99.59,64.70,1,-1,-1,-1
274,5,756.46,407.32,77.08,65.94,1,-1,-1,-1
274,8,855.21,230.62,124.42,109.93,1,-1,-1,-1
274,9,262.91,389.62,131.40,108.98,1,-1,-1,-1
275,2,332.04,391.54,135.83,104.53,1,-1,-1,-1
275,4,734.51,335.30,95.13,64.29,1,-1,-1,-1
275,5,756.46,407.84,76.30,65.41,1,-1,-1,-1
275,8,854.44,230.63,121.70,109.43,1,-1,-1,-1
275,9,267.50,389.67,131.79,108.83,1,-1,-1,-1
276,2,331.98,391.53,135.90,104.55,1,-1,-1,-1
276,4,740.21,335.84,89.72,63.79,1,-1,-1,-1
276,5,756.45,408.36,75.51,64.89,1,-1,-1,-1
276,8,853.46,230.61,119.52,108.98,1,-1,-1,-1
276,9,272.06,389.72,132.18,108.65,1,-1,-1,-1
277,2,331.82,391.49,136.02,104.56,1,-1,-1,-1
277,4,742.95,335.87,85.85,63.39,1,-1,-1,-1
277,5,756.45,408.88,74.73,64.36,1,-1,-1,-1
277,8,852.70,232.23,117.05,107.68,1,-1,-1,-1
277,9,276.61,389.77,132.57,108.48,1,-1,-1,-1
278,2,331.59,391.44,136.17,104.57,1,-1,-1,-1
278,4,744.28,335.67,83.13,63.09,1,-1,-1,-1
278,5,756.45,409.40,73.95,63.83,1,-1,-1,-1
278,8,852.06,234.64,114.39,105.74,1,-1,-1,-1
278,9,281.15,389.83,132.97,108.29,1,-1,-1,-1
279,2,331.34,391.39,136.35,104.57,1,-1,-1,-1
279,4,744.88,335.38,81.23,62.87,1,-1,-1,-1
279,5,756.44,409.92,73.16,63.30,1,-1,-1,-1
279,8,851.50,237.45,111.58,103.35,1,-1,-1,-1
279,9,285.67,389.89,133.36,108.10,1,-1,-1,-1
280,2,331.09,391.34,136.54,104.58,1,-1,-1,-1
280,4,745.05,335.03,79.94,62.71,1,-1,-1,-1
280,5,756.43,410.44,72.38,62.77,1,-1,-1,-1
280,8,851.00,240.49,108.67,100.61,1,-1,-1,-1
280,9,290.19,389.95,133.76,107.91,1,-1,-1,-1
281,2,330.87,391.32,136.70,104.61,1,-1,-1,-1
281,4,744.96,334.64,79.10,62.59,1,-1,-1,-1
281,5,756.43,410.96,71.60,62.25,1,-1,-1,-1
281,8,850.53,243.68,105.67,97.61,1,-1,-1,-1
281,9,294.70,390.01,134.16,107.72,1,-1,-1,-1
282,2,330.68,391.31,136.85,104.66,1,-1,-1,-1
282,4,745.04,334.70,78.60,62.77,1,-1,-1,-1
282,5,756.43,411.48,70.81,61.72,1,-1,-1,-1
282,8,849.82,244.13,103.59,95.36,1,-1,-1,-1
282,9,299.20,390.08,134.56,107.52,1,-1,-1,-1
283,2,330.50,391.28,136.99,104.72,1,-1,-1,-1
283,4,745.13,334.87,78.36,63.16,1,-1,-1,-1
283,5,756.42,412.00,70.03,61.19,1,-1,-1,-1
283,8,848.85,243.41,102.21,93.69,1,-1,-1,-1
283,9,303.68,390.14,134.97,107.32,1,-1,-1,-1
284,2,330.33,391.26,137.11,104.79,1,-1,-1,-1
284,4,745.18,335.05,78.30,63.72,1,-1,-1,-1
284,5,756.42,412.52,69.24,60.66,1,-1,-1,-1
284,8,847.64,242.12,101.36,92.45,1,-1,-1,-1
284,9,308.17,390.21,135.37,107.13,1,-1,-1,-1
285,2,330.16,391.24,137.23,104.87,1,-1,-1,-1
285,4,745.18,335.20,78.38,64.38,1,-1,-1,-1
285,5,756.41,413.04,68.46,60.13,1,-1,-1,-1
285,8,846.24,240.54,100.90,91.54,1,-1,-1,-1
285,9,312.64,390.27,135.77,106.93,1,-1,-1,-1
286,4,745.14,335.31,78.56,65.14,1,-1,-1,-1
286,5,756.41,413.56,67.67,59.60,1,-1,-1,-1
286,8,844.70,238.80,100.73,90.87,1,-1,-1,-1
286,9,317.12,390.33,136.18,106.73,1,-1,-1,-1
287,4,742.06,335.65,80.62,66.17,1,-1,-1,-1
287,5,756.40,414.08,66.89,59.08,1,-1,-1,-1
287,8,843.46,236.61,101.60,91.16,1,-1,-1,-1
287,9,321.59,390.40,136.58,106.53,1,-1,-1,-1
288,4,737.48,336.02,84.06,67.40,1,-1,-1,-1
288,5,756.40,414.61,66.11,58.55,1,-1,-1,-1
288,8,842.14,234.08,103.25,92.18,1,-1,-1,-1
288,9,326.04,390.46,136.99,106.34,1,-1,-1,-1
289,2,330.70,391.12,137.49,104.98,1,-1,-1,-1
289,4,732.11,336.38,88.49,68.75,1,-1,-1,-1
289,5,756.39,415.12,65.32,58.02,1,-1,-1,-1
289,8,840.65,231.29,105.46,93.72,1,-1,-1,-1
290,2,330.65,391.13,137.63,105.05,1,-1,-1,-1
290,4,726.27,336.73,93.65,70.17,1,-1,-1,-1
290,5,756.39,415.64,64.54,57.49,1,-1,-1,-1
290,8,838.99,228.32,108.09,95.62,1,-1,-1,-1
291,2,330.56,391.18,137.70,105.08,1,-1,-1,-1
291,4,720.13,337.06,99.34,71.62,1,-1,-1,-1
291,5,756.56,415.78,64.18,57.41,1,-1,-1,-1
291,8,837.19,225.23,111.00,97.80,1,-1,-1,-1
292,2,330.47,391.24,137.72,105.09,1,-1,-1,-1
292,4,721.81,335.80,104.07,74.80,1,-1,-1,-1
292,5,756.72,415.70,64.15,57.68,1,-1,-1,-1
292,8,834.55,223.59,113.34,99.69,1,-1,-1,-1
293,2,330.38,391.32,137.73,105.09,1,-1,-1,-1
293,4,726.63,333.72,108.08,79.11,1,-1,-1,-1
293,5,756.82,415.47,64.35,58.19,1,-1,-1,-1
293,8,831.67,222.55,115.27,101.38,1,-1,-1,-1
294,2,330.30,391.39,137.71,105.09,1,-1,-1,-1
294,4,732.77,331.12,111.52,84.21,1,-1,-1,-1
294,8,828.79,221.77,116.89,102.93,1,-1,-1,-1
295,2,330.21,391.38,137.77,105.14,1,-1,-1,-1
295,4,739.52,328.19,114.48,89.91,1,-1,-1,-1
295,8,825.95,221.10,118.30,104.39,1,-1,-1,-1
296,2,330.11,391.33,137.87,105.25,1,-1,-1,-1
296,4,746.58,325.02,117.05,96.07,1,-1,-1,-1
296,8,823.17,220.49,119.56,105.78,1,-1,-1,-1
297,2,330.00,391.25,138.00,105.40,1,-1,-1,-1
297,4,753.83,321.67,119.30,102.58,1,-1,-1,-1
297,8,820.44,219.92,120.69,107.12,1,-1,-1,-1
298,2,329.88,391.15,138.16,105.56,1,-1,-1,-1
298,4,761.20,318.17,121.29,109.38,1,-1,-1,-1
299,2,329.75,391.05,138.34,105.75,1,-1,-1,-1
299,4,768.64,314.57,123.09,116.40,1,-1,-1,-1
300,2,329.80,390.92,138.50,105.88,1,-1,-1,-1
300,4,776.14,310.88,124.73,123.59,1,-1,-1,-1
