2,1,708.88,298.46,159.82,159.13,1,-1,-1,-1
2,2,324.56,390.65,144.39,106.10,1,-1,-1,-1
2,3,490.45,173.80,111.97,96.14,1,-1,-1,-1
3,1,708.67,298.22,159.25,158.99,1,-1,-1,-1
3,2,323.08,390.37,145.79,106.56,1,-1,-1,-1
3,3,488.08,174.09,111.67,96.13,1,-1,-1,-1
4,1,708.32,297.90,159.19,159.41,1,-1,-1,-1
4,2,324.75,390.65,144.88,106.26,1,-1,-1,-1
4,3,485.57,173.72,110.84,95.49,1,-1,-1,-1
5,1,708.14,297.72,159.53,159.65,1,-1,-1,-1
5,2,324.66,390.52,144.93,106.39,1,-1,-1,-1
5,3,481.39,174.23,112.29,96.70,1,-1,-1,-1
6,1,708.29,298.07,159.57,159.47,1,-1,-1,-1
6,2,326.67,390.92,143.40,105.88,1,-1,-1,-1
6,3,478.88,174.70,111.93,97.16,1,-1,-1,-1
7,1,708.29,299.13,159.58,158.81,1,-1,-1,-1
7,3,476.10,175.07,111.61,97.65,1,-1,-1,-1
8,1,708.32,299.73,159.71,158.26,1,-1,-1,-1
8,2,324.79,390.38,144.58,106.43,1,-1,-1,-1
8,3,471.17,175.74,112.64,98.17,1,-1,-1,-1
9,1,708.21,299.93,159.78,157.98,1,-1,-1,-1
9,2,325.09,390.44,144.44,106.38,1,-1,-1,-1
9,3,467.20,176.70,112.21,97.63,1,-1,-1,-1
10,1,708.34,300.03,159.69,157.72,1,-1,-1,-1
10,2,325.62,390.67,144.07,106.20,1,-1,-1,-1
10,3,463.34,177.95,112.17,98.04,1,-1,-1,-1
11,1,708.59,300.01,160.00,157.66,1,-1,-1,-1
11,2,325.22,390.69,144.30,106.22,1,-1,-1,-1
11,3,459.56,178.36,112.33,98.03,1,-1,-1,-1
12,1,708.58,300.14,159.96,157.65,1,-1,-1,-1
12,2,325.30,390.78,144.26,106.15,1,-1,-1,-1
12,3,455.03,178.65,111.78,97.51,1,-1,-1,-1
13,1,708.34,300.66,159.64,157.43,1,-1,-1,-1
13,2,327.04,390.92,143.08,105.85,1,-1,-1,-1
13,3,449.98,179.58,112.71,98.11,1,-1,-1,-1
14,1,708.69,300.79,159.29,157.22,1,-1,-1,-1
14,2,328.53,391.15,141.80,105.54,1,-1,-1,-1
14,3,446.26,180.44,112.99,98.34,1,-1,-1,-1
15,1,711.42,300.97,162.76,159.43,1,-1,-1,-1
15,3,442.13,181.12,112.70,98.38,1,-1,-1,-1
16,1,713.59,301.37,159.25,161.17,1,-1,-1,-1
16,2,328.49,391.19,141.37,105.45,1,-1,-1,-1
16,3,437.97,182.00,112.62,97.76,1,-1,-1,-1
17,1,710.79,299.52,159.43,160.22,1,-1,-1,-1
17,2,327.48,391.09,141.91,105.63,1,-1,-1,-1
17,3,432.66,183.35,112.77,97.52,1,-1,-1,-1
18,1,711.02,299.38,161.44,160.88,1,-1,-1,-1
18,2,327.06,391.00,142.25,105.77,1,-1,-1,-1
18,3,427.91,184.15,112.90,97.01,1,-1,-1,-1
19,1,710.93,299.18,163.85,161.50,1,-1,-1,-1
19,2,327.60,391.02,142.01,105.79,1,-1,-1,-1
19,3,423.63,184.85,112.72,97.23,1,-1,-1,-1
20,1,705.26,323.45,158.99,143.77,1,-1,-1,-1
20,2,327.34,390.97,142.15,105.87,1,-1,-1,-1
20,3,418.66,185.04,112.27,97.47,1,-1,-1,-1
21,1,710.02,336.60,162.63,132.42,1,-1,-1,-1
21,2,327.66,391.03,142.00,105.96,1,-1,-1,-1
21,3,414.49,185.31,112.36,97.27,1,-1,-1,-1
21,4,767.79,297.65,101.59,88.12,1,-1,-1,-1
22,2,328.19,391.14,141.67,105.98,1,-1,-1,-1
22,3,408.43,185.73,112.97,97.36,1,-1,-1,-1
22,4,767.42,298.68,101.90,88.26,1,-1,-1,-1
22,5,817.91,404.18,71.96,67.70,1,-1,-1,-1
23,2,328.24,391.12,141.53,106.08,1,-1,-1,-1
23,3,404.49,185.99,113.54,97.10,1,-1,-1,-1
23,5,818.58,404.51,71.81,67.26,1,-1,-1,-1
24,2,328.19,391.12,141.49,106.12,1,-1,-1,-1
24,3,403.04,186.10,113.99,96.90,1,-1,-1,-1
24,5,818.68,404.47,71.82,67.15,1,-1,-1,-1
25,2,328.16,391.20,141.50,106.07,1,-1,-1,-1
25,3,399.82,186.29,113.78,97.07,1,-1,-1,-1
25,5,818.36,404.17,72.11,67.32,1,-1,-1,-1
26,1,706.76,345.57,149.15,116.31,1,-1,-1,-1
26,2,326.63,391.08,142.41,106.09,1,-1,-1,-1
26,3,393.72,186.72,114.53,97.01,1,-1,-1,-1
26,4,768.80,297.12,101.12,87.98,1,-1,-1,-1
26,5,818.07,404.04,72.17,67.43,1,-1,-1,-1
27,1,707.92,347.74,145.22,110.97,1,-1,-1,-1
27,2,325.97,391.04,143.03,106.11,1,-1,-1,-1
27,3,388.57,186.84,115.52,97.11,1,-1,-1,-1
27,4,768.74,296.79,100.98,88.12,1,-1,-1,-1
27,5,817.90,403.99,72.22,67.52,1,-1,-1,-1
28,1,708.73,349.45,142.46,107.76,1,-1,-1,-1
28,2,327.10,391.15,142.58,105.99,1,-1,-1,-1
28,3,384.08,186.61,116.37,97.05,1,-1,-1,-1
28,4,767.94,295.01,101.40,88.04,1,-1,-1,-1
28,5,817.63,403.89,72.26,67.62,1,-1,-1,-1
29,1,709.63,350.48,140.50,105.70,1,-1,-1,-1
29,2,326.23,391.19,143.11,105.98,1,-1,-1,-1
29,3,380.71,186.83,116.80,97.05,1,-1,-1,-1
29,4,768.01,295.33,101.34,88.15,1,-1,-1,-1
29,5,817.47,404.03,72.37,67.56,1,-1,-1,-1
30,1,710.23,351.22,139.24,104.33,1,-1,-1,-1
30,2,326.71,391.22,142.93,105.95,1,-1,-1,-1
30,3,378.73,186.54,116.01,96.92,1,-1,-1,-1
30,4,767.99,295.51,101.29,88.40,1,-1,-1,-1
30,5,817.41,404.17,72.41,67.45,1,-1,-1,-1
31,1,710.68,351.62,138.55,103.38,1,-1,-1,-1
31,2,326.27,391.21,143.15,105.97,1,-1,-1,-1
31,3,378.79,186.57,113.75,96.22,1,-1,-1,-1
31,4,767.71,295.98,101.51,88.68,1,-1,-1,-1
31,5,817.23,404.23,72.45,67.45,1,-1,-1,-1
32,1,710.94,351.86,138.15,102.74,1,-1,-1,-1
32,2,324.62,391.04,144.19,106.11,1,-1,-1,-1
32,3,376.63,186.65,112.78,95.95,1,-1,-1,-1
32,4,767.54,296.09,101.60,88.72,1,-1,-1,-1
32,5,817.33,404.28,72.50,67.37,1,-1,-1,-1
33,1,711.23,351.86,137.58,102.07,1,-1,-1,-1
33,2,325.34,391.14,144.01,106.01,1,-1,-1,-1
33,3,375.17,186.47,111.41,95.70,1,-1,-1,-1
33,4,767.70,295.57,102.25,88.46,1,-1,-1,-1
33,5,818.41,404.93,71.94,66.84,1,-1,-1,-1
34,1,711.65,351.85,136.97,101.46,1,-1,-1,-1
34,2,323.45,390.72,145.23,106.23,1,-1,-1,-1
34,3,370.32,186.05,112.42,95.32,1,-1,-1,-1
34,4,766.65,295.49,102.27,87.31,1,-1,-1,-1
34,5,819.25,405.28,71.46,66.38,1,-1,-1,-1
35,1,712.07,352.00,136.72,101.03,1,-1,-1,-1
35,2,323.53,390.78,145.50,106.23,1,-1,-1,-1
35,3,367.05,185.63,112.93,94.81,1,-1,-1,-1
35,4,767.31,295.66,101.94,86.51,1,-1,-1,-1
35,5,819.68,405.63,70.98,66.03,1,-1,-1,-1
36,1,712.20,352.20,136.75,100.83,1,-1,-1,-1
36,2,323.47,390.77,145.73,106.23,1,-1,-1,-1
36,3,361.69,185.59,114.96,94.71,1,-1,-1,-1
36,4,767.57,296.63,101.83,85.88,1,-1,-1,-1
36,5,819.70,405.79,70.85,65.84,1,-1,-1,-1
37,1,712.01,352.30,136.67,100.79,1,-1,-1,-1
37,2,323.97,390.81,145.57,106.19,1,-1,-1,-1
37,3,357.17,185.46,116.80,94.84,1,-1,-1,-1
37,4,767.64,296.98,101.52,84.32,1,-1,-1,-1
37,5,819.27,405.65,71.04,65.87,1,-1,-1,-1
38,1,711.73,352.52,136.63,100.81,1,-1,-1,-1
38,2,324.55,390.84,145.23,106.14,1,-1,-1,-1
38,3,354.65,185.04,117.68,94.71,1,-1,-1,-1
38,4,767.49,297.28,101.55,84.10,1,-1,-1,-1
38,5,818.87,405.63,71.18,65.92,1,-1,-1,-1
39,1,711.56,352.51,136.76,100.99,1,-1,-1,-1
39,2,322.53,390.68,146.38,106.22,1,-1,-1,-1
39,3,351.61,184.45,118.10,94.65,1,-1,-1,-1
39,4,766.78,297.85,101.32,84.66,1,-1,-1,-1
39,5,818.64,405.61,71.31,65.98,1,-1,-1,-1
40,1,711.38,352.27,136.91,101.30,1,-1,-1,-1
40,2,321.99,390.67,146.97,106.19,1,-1,-1,-1
40,3,347.19,184.61,119.50,94.92,1,-1,-1,-1
40,4,766.81,297.66,101.10,85.15,1,-1,-1,-1
40,5,818.46,405.52,71.36,66.06,1,-1,-1,-1
41,1,711.31,352.43,136.92,101.43,1,-1,-1,-1
41,2,322.15,390.65,147.12,106.16,1,-1,-1,-1
41,3,344.46,184.43,120.00,95.31,1,-1,-1,-1
41,4,766.72,298.49,101.14,86.22,1,-1,-1,-1
41,5,818.40,405.58,71.35,66.05,1,-1,-1,-1
42,1,711.33,352.43,137.00,101.47,1,-1,-1,-1
42,2,321.00,390.51,147.95,106.25,1,-1,-1,-1
42,3,343.11,184.01,121.02,95.19,1,-1,-1,-1
42,4,767.03,298.55,100.92,87.03,1,-1,-1,-1
42,5,818.42,405.51,71.36,66.10,1,-1,-1,-1
43,1,711.33,352.43,137.09,101.46,1,-1,-1,-1
43,2,320.30,390.39,148.62,106.35,1,-1,-1,-1
43,3,341.20,184.36,121.70,95.02,1,-1,-1,-1
43,4,767.41,298.12,100.80,87.80,1,-1,-1,-1
43,5,818.45,405.54,71.38,66.11,1,-1,-1,-1
44,1,711.36,352.41,137.16,101.37,1,-1,-1,-1
44,2,322.04,390.54,147.83,106.28,1,-1,-1,-1
44,3,340.18,184.67,122.40,94.81,1,-1,-1,-1
44,4,767.64,297.84,100.69,88.37,1,-1,-1,-1
44,5,818.40,405.49,71.38,66.16,1,-1,-1,-1
45,1,711.35,352.52,137.19,101.33,1,-1,-1,-1
45,2,322.93,390.61,147.20,106.23,1,-1,-1,-1
45,3,339.74,184.94,122.88,94.67,1,-1,-1,-1
45,4,767.62,297.51,100.74,88.84,1,-1,-1,-1
45,5,818.43,405.48,71.37,66.19,1,-1,-1,-1
46,1,711.22,352.54,137.26,101.34,1,-1,-1,-1
46,2,323.45,390.58,146.70,106.22,1,-1,-1,-1
46,3,340.31,184.98,123.10,94.90,1,-1,-1,-1
46,4,767.49,297.39,100.85,89.22,1,-1,-1,-1
46,5,818.54,405.45,71.39,66.23,1,-1,-1,-1
47,1,711.22,352.59,137.35,101.38,1,-1,-1,-1
47,2,323.58,390.57,146.43,106.21,1,-1,-1,-1
47,3,341.00,185.02,123.03,95.20,1,-1,-1,-1
47,4,767.28,297.46,101.03,89.55,1,-1,-1,-1
47,5,818.64,405.39,71.36,66.29,1,-1,-1,-1
48,1,711.17,352.63,137.40,101.45,1,-1,-1,-1
48,2,323.60,390.55,146.27,106.22,1,-1,-1,-1
48,3,341.85,185.23,122.63,95.29,1,-1,-1,-1
48,4,767.11,297.31,100.98,89.52,1,-1,-1,-1
48,5,818.50,405.24,71.46,66.36,1,-1,-1,-1
49,1,711.05,352.57,137.34,101.44,1,-1,-1,-1
49,2,324.04,390.55,145.91,106.21,1,-1,-1,-1
49,3,342.57,185.39,122.40,95.44,1,-1,-1,-1
49,4,767.04,297.23,100.94,89.46,1,-1,-1,-1
49,5,818.34,405.00,71.61,66.56,1,-1,-1,-1
50,1,711.35,352.38,136.44,101.22,1,-1,-1,-1
50,2,327.36,390.80,143.58,106.02,1,-1,-1,-1
50,3,343.56,185.46,122.81,95.64,1,-1,-1,-1
50,4,767.31,296.71,101.82,88.69,1,-1,-1,-1
50,5,818.83,405.34,71.57,66.29,1,-1,-1,-1
51,1,712.19,352.26,136.01,101.16,1,-1,-1,-1
51,2,328.96,390.97,141.87,105.85,1,-1,-1,-1
51,3,344.49,185.74,123.65,96.09,1,-1,-1,-1
51,5,819.26,405.55,71.51,66.05,1,-1,-1,-1
52,1,712.48,352.37,135.54,101.01,1,-1,-1,-1
52,2,329.68,391.09,140.84,105.79,1,-1,-1,-1
52,3,344.77,185.75,124.14,96.31,1,-1,-1,-1
52,5,819.53,405.72,71.42,65.86,1,-1,-1,-1
53,1,712.61,352.18,135.44,101.07,1,-1,-1,-1
53,2,330.30,391.18,139.99,105.74,1,-1,-1,-1
53,3,345.78,186.10,125.09,96.33,1,-1,-1,-1
53,5,819.38,405.70,71.34,65.81,1,-1,-1,-1
54,1,712.47,352.27,135.69,101.32,1,-1,-1,-1
54,2,330.71,391.21,139.45,105.82,1,-1,-1,-1
54,3,348.92,187.22,125.18,96.57,1,-1,-1,-1
54,5,818.90,405.58,71.38,65.95,1,-1,-1,-1
55,2,330.37,391.14,139.41,105.83,1,-1,-1,-1
55,3,353.17,188.50,124.39,97.45,1,-1,-1,-1
55,5,818.42,405.26,71.64,66.22,1,-1,-1,-1
56,2,330.02,391.03,139.49,105.87,1,-1,-1,-1
56,3,355.10,188.83,123.65,98.08,1,-1,-1,-1
56,5,818.21,405.18,71.76,66.41,1,-1,-1,-1
57,1,712.33,352.51,136.13,101.15,1,-1,-1,-1
57,2,329.85,390.79,139.53,105.96,1,-1,-1,-1
57,3,357.07,190.17,123.55,99.52,1,-1,-1,-1
57,5,817.15,404.26,72.32,66.99,1,-1,-1,-1
58,1,711.28,352.47,137.22,101.88,1,-1,-1,-1
58,2,329.49,390.70,139.71,105.99,1,-1,-1,-1
58,3,360.48,193.02,124.17,101.50,1,-1,-1,-1
58,4,767.19,295.28,100.41,86.56,1,-1,-1,-1
58,5,816.23,404.25,72.43,67.20,1,-1,-1,-1
59,1,710.76,352.39,137.91,102.30,1,-1,-1,-1
59,2,329.69,390.58,139.64,106.02,1,-1,-1,-1
59,3,361.39,194.52,124.63,103.32,1,-1,-1,-1
59,4,767.34,295.32,100.04,86.09,1,-1,-1,-1
59,5,815.84,404.12,72.54,67.41,1,-1,-1,-1
60,1,710.54,352.27,138.07,102.51,1,-1,-1,-1
60,2,330.29,390.78,139.23,105.94,1,-1,-1,-1
60,3,363.59,195.25,126.01,104.61,1,-1,-1,-1
60,4,767.29,295.45,99.86,85.85,1,-1,-1,-1
60,5,815.70,404.21,72.61,67.46,1,-1,-1,-1
61,1,710.43,352.19,138.15,102.64,1,-1,-1,-1
61,2,330.65,390.82,138.80,105.80,1,-1,-1,-1
61,3,364.15,195.33,127.01,105.51,1,-1,-1,-1
61,4,767.33,295.63,99.68,85.78,1,-1,-1,-1
61,5,815.70,404.36,72.64,67.42,1,-1,-1,-1
62,1,710.38,352.22,138.20,102.71,1,-1,-1,-1
62,2,330.55,390.80,138.76,105.80,1,-1,-1,-1
62,3,364.91,195.55,128.25,106.36,1,-1,-1,-1
62,4,768.02,295.39,99.37,85.74,1,-1,-1,-1
62,5,815.68,404.26,72.68,67.51,1,-1,-1,-1
63,1,710.19,352.07,138.32,102.80,1,-1,-1,-1
63,2,329.77,390.81,139.18,105.95,1,-1,-1,-1
63,3,367.56,196.63,129.30,106.86,1,-1,-1,-1
63,4,768.54,295.83,99.19,85.76,1,-1,-1,-1
63,5,815.52,404.02,72.63,67.76,1,-1,-1,-1
64,1,710.11,351.91,138.79,102.94,1,-1,-1,-1
64,2,329.06,390.87,139.67,106.04,1,-1,-1,-1
64,3,369.05,197.69,130.25,107.06,1,-1,-1,-1
64,4,768.44,295.86,99.35,85.47,1,-1,-1,-1
64,5,815.49,403.41,72.49,68.21,1,-1,-1,-1
65,1,710.26,351.86,139.59,103.01,1,-1,-1,-1
65,2,329.25,390.88,139.69,106.17,1,-1,-1,-1
65,3,371.47,198.80,131.13,107.31,1,-1,-1,-1
65,4,769.08,295.39,99.32,85.04,1,-1,-1,-1
65,5,815.12,403.11,72.24,68.64,1,-1,-1,-1
66,1,709.94,352.04,140.38,103.33,1,-1,-1,-1
66,2,330.07,390.98,139.30,106.24,1,-1,-1,-1
66,3,373.20,200.02,132.15,107.63,1,-1,-1,-1
66,4,769.54,296.53,98.91,84.84,1,-1,-1,-1
66,5,814.72,402.56,72.21,69.17,1,-1,-1,-1
67,1,709.41,352.50,141.45,103.90,1,-1,-1,-1
67,2,331.12,391.03,138.64,106.36,1,-1,-1,-1
67,3,375.89,200.70,132.70,107.82,1,-1,-1,-1
67,4,769.82,297.22,98.53,84.85,1,-1,-1,-1
67,5,814.07,403.17,72.23,69.29,1,-1,-1,-1
68,1,719.50,356.77,148.28,107.11,1,-1,-1,-1
68,2,331.66,391.00,138.13,106.46,1,-1,-1,-1
68,3,379.30,202.20,133.16,107.99,1,-1,-1,-1
68,4,770.20,297.27,98.14,84.66,1,-1,-1,-1
69,1,716.26,353.91,152.29,108.73,1,-1,-1,-1
69,2,331.82,391.00,137.87,106.56,1,-1,-1,-1
69,3,383.43,203.11,133.33,108.30,1,-1,-1,-1
69,4,770.32,298.41,98.11,85.06,1,-1,-1,-1
70,1,713.18,329.81,156.02,121.19,1,-1,-1,-1
70,2,331.80,391.01,137.75,106.60,1,-1,-1,-1
70,3,388.93,204.09,132.12,108.88,1,-1,-1,-1
71,2,331.71,391.06,137.65,106.60,1,-1,-1,-1
71,3,392.34,204.62,131.52,109.57,1,-1,-1,-1
72,2,331.81,391.24,137.48,106.46,1,-1,-1,-1
72,3,394.41,206.03,131.88,110.01,1,-1,-1,-1
73,2,331.66,391.40,137.48,106.40,1,-1,-1,-1
73,3,396.33,206.97,132.53,110.72,1,-1,-1,-1
74,2,331.83,391.38,137.32,106.37,1,-1,-1,-1
74,3,397.60,207.32,132.72,111.56,1,-1,-1,-1
74,4,759.65,299.03,83.57,76.70,1,-1,-1,-1
75,2,331.91,391.34,137.32,106.43,1,-1,-1,-1
75,3,398.98,207.85,134.57,112.21,1,-1,-1,-1
75,4,760.12,299.77,77.07,72.03,1,-1,-1,-1
76,2,331.48,391.35,137.47,106.45,1,-1,-1,-1
76,3,402.42,208.51,136.18,112.94,1,-1,-1,-1
76,4,760.66,300.77,74.69,70.23,1,-1,-1,-1
77,2,331.12,390.98,137.49,106.29,1,-1,-1,-1
77,3,405.42,209.13,137.15,113.60,1,-1,-1,-1
77,4,761.25,299.78,73.84,68.97,1,-1,-1,-1
78,2,330.64,390.87,137.90,106.38,1,-1,-1,-1
78,3,408.07,209.70,138.50,114.22,1,-1,-1,-1
78,4,762.40,299.36,75.24,68.28,1,-1,-1,-1
78,5,782.10,411.02,74.84,69.00,1,-1,-1,-1
79,2,330.05,390.71,138.39,106.40,1,-1,-1,-1
79,3,409.61,210.40,140.04,115.04,1,-1,-1,-1
79,4,761.92,299.41,76.89,68.69,1,-1,-1,-1
79,5,777.24,410.59,76.61,69.18,1,-1,-1,-1
80,2,330.12,390.53,138.53,106.38,1,-1,-1,-1
80,3,412.90,211.10,140.87,115.05,1,-1,-1,-1
80,4,760.22,298.89,78.49,69.41,1,-1,-1,-1
81,2,330.25,390.86,138.47,106.34,1,-1,-1,-1
81,3,416.69,212.62,142.51,115.22,1,-1,-1,-1
81,4,757.53,297.93,80.02,70.31,1,-1,-1,-1
81,5,764.05,409.42,78.52,69.39,1,-1,-1,-1
82,2,330.44,390.61,138.48,106.20,1,-1,-1,-1
82,3,419.45,213.43,143.88,115.53,1,-1,-1,-1
82,4,753.87,296.14,81.48,70.53,1,-1,-1,-1
82,5,727.24,380.24,101.63,90.82,1,-1,-1,-1
83,2,330.52,391.07,138.22,105.89,1,-1,-1,-1
83,3,423.18,213.95,144.68,116.66,1,-1,-1,-1
83,4,748.64,295.86,81.65,70.52,1,-1,-1,-1
84,2,330.54,390.92,138.28,105.95,1,-1,-1,-1
84,3,426.24,214.72,144.90,117.35,1,-1,-1,-1
84,4,744.10,296.16,82.40,70.89,1,-1,-1,-1
84,5,732.74,393.84,94.05,83.99,1,-1,-1,-1
85,2,330.56,391.02,138.30,105.96,1,-1,-1,-1
85,3,428.76,215.36,144.88,118.04,1,-1,-1,-1
85,4,740.59,296.01,83.75,71.51,1,-1,-1,-1
85,5,734.99,401.71,88.71,77.21,1,-1,-1,-1
86,2,330.53,391.11,138.36,105.95,1,-1,-1,-1
86,3,433.26,215.56,145.25,118.48,1,-1,-1,-1
86,4,739.03,295.52,86.81,72.28,1,-1,-1,-1
86,5,735.27,403.40,83.92,73.78,1,-1,-1,-1
86,6,698.51,354.96,109.55,76.60,1,-1,-1,-1
87,2,330.53,391.09,138.47,105.89,1,-1,-1,-1
87,3,437.60,215.36,145.90,118.89,1,-1,-1,-1
87,4,738.94,294.58,89.81,73.61,1,-1,-1,-1
87,5,735.44,404.42,79.99,71.02,1,-1,-1,-1
88,2,330.53,391.08,138.55,105.84,1,-1,-1,-1
88,3,441.49,216.12,145.92,119.46,1,-1,-1,-1
88,4,738.05,293.61,91.07,74.62,1,-1,-1,-1
88,6,693.39,353.44,110.23,76.69,1,-1,-1,-1
89,2,330.15,391.07,138.79,105.79,1,-1,-1,-1
89,3,444.82,216.90,145.77,119.60,1,-1,-1,-1
89,6,691.24,352.83,111.68,77.64,1,-1,-1,-1
90,2,329.94,391.07,138.96,105.74,1,-1,-1,-1
90,3,446.03,217.12,145.67,119.70,1,-1,-1,-1
90,6,690.49,352.70,112.21,77.99,1,-1,-1,-1
91,2,330.29,391.25,138.85,105.70,1,-1,-1,-1
91,3,448.04,218.02,145.19,119.68,1,-1,-1,-1
92,2,329.92,391.13,139.11,105.83,1,-1,-1,-1
92,3,455.00,216.96,145.85,119.71,1,-1,-1,-1
92,5,739.81,402.39,73.31,67.99,1,-1,-1,-1
92,6,693.70,342.78,115.44,83.58,1,-1,-1,-1
93,2,330.13,391.21,139.08,105.88,1,-1,-1,-1
93,3,460.62,217.63,146.03,120.39,1,-1,-1,-1
93,5,741.37,402.20,70.69,66.83,1,-1,-1,-1
94,2,330.07,391.13,139.14,105.95,1,-1,-1,-1
94,3,465.13,218.18,146.01,120.77,1,-1,-1,-1
94,5,740.55,402.33,70.30,65.54,1,-1,-1,-1
94,6,702.51,332.87,113.47,89.99,1,-1,-1,-1
95,2,330.34,390.99,138.96,105.98,1,-1,-1,-1
95,3,467.95,218.32,145.51,120.85,1,-1,-1,-1
95,5,743.06,404.37,68.53,63.64,1,-1,-1,-1
96,2,330.68,391.03,138.72,105.93,1,-1,-1,-1
96,3,471.97,217.12,146.40,121.02,1,-1,-1,-1
96,5,745.64,405.67,67.33,62.07,1,-1,-1,-1
96,6,709.26,341.00,108.85,88.16,1,-1,-1,-1
97,2,330.36,390.92,138.86,106.06,1,-1,-1,-1
97,3,477.14,215.84,146.62,120.62,1,-1,-1,-1
97,5,747.91,406.69,65.95,60.88,1,-1,-1,-1
98,2,330.71,390.92,138.63,106.11,1,-1,-1,-1
98,3,481.80,215.11,146.42,121.23,1,-1,-1,-1
98,5,747.76,407.08,65.55,59.88,1,-1,-1,-1
99,2,330.98,390.85,138.47,106.24,1,-1,-1,-1
99,3,485.70,214.37,146.43,121.36,1,-1,-1,-1
100,2,331.46,390.98,138.10,106.20,1,-1,-1,-1
100,3,489.01,214.03,146.07,121.29,1,-1,-1,-1
100,6,725.28,329.77,99.73,89.75,1,-1,-1,-1
101,2,330.94,390.85,138.38,106.32,1,-1,-1,-1
101,3,493.40,213.36,145.93,120.63,1,-1,-1,-1
101,5,747.22,407.91,64.49,58.10,1,-1,-1,-1
102,2,330.39,390.62,138.76,106.43,1,-1,-1,-1
102,3,497.92,212.51,146.13,119.76,1,-1,-1,-1
102,5,748.27,409.08,63.93,56.11,1,-1,-1,-1
103,2,330.39,390.63,138.83,106.44,1,-1,-1,-1
103,3,502.37,211.62,145.34,119.29,1,-1,-1,-1
104,2,330.14,390.60,138.94,106.40,1,-1,-1,-1
104,3,507.15,210.41,144.84,118.64,1,-1,-1,-1
105,2,330.33,390.78,138.87,106.35,1,-1,-1,-1
105,3,510.95,209.11,144.38,118.30,1,-1,-1,-1
106,2,329.99,390.75,139.09,106.39,1,-1,-1,-1
106,3,514.25,207.69,144.02,118.05,1,-1,-1,-1
106,5,754.94,399.14,62.79,59.20,1,-1,-1,-1
107,2,329.60,390.70,139.40,106.39,1,-1,-1,-1
107,3,518.73,207.09,143.48,117.96,1,-1,-1,-1
107,5,755.22,398.14,62.00,59.86,1,-1,-1,-1
108,2,329.32,390.61,139.68,106.43,1,-1,-1,-1
108,3,523.71,206.32,143.06,117.84,1,-1,-1,-1
108,5,753.44,399.01,61.39,58.84,1,-1,-1,-1
109,2,329.75,390.80,139.59,106.26,1,-1,-1,-1
109,3,528.35,205.91,142.68,117.21,1,-1,-1,-1
109,6,747.70,329.26,108.17,117.69,1,-1,-1,-1
109,7,895.13,430.43,65.43,43.34,1,-1,-1,-1
110,2,329.44,390.15,139.80,106.38,1,-1,-1,-1
110,3,532.20,205.28,142.45,116.45,1,-1,-1,-1
110,7,892.91,431.77,62.99,42.25,1,-1,-1,-1
111,2,330.67,390.97,139.07,106.12,1,-1,-1,-1
111,3,535.57,204.15,141.70,116.30,1,-1,-1,-1
111,7,884.43,429.89,67.07,44.94,1,-1,-1,-1
112,2,330.22,390.03,139.23,106.12,1,-1,-1,-1
112,3,540.09,202.45,140.52,114.82,1,-1,-1,-1
112,7,877.98,425.84,69.84,48.99,1,-1,-1,-1
113,2,329.50,390.33,139.37,105.90,1,-1,-1,-1
113,3,544.08,202.10,140.39,113.51,1,-1,-1,-1
113,7,873.11,422.26,71.53,52.55,1,-1,-1,-1
114,2,329.02,390.48,139.65,106.08,1,-1,-1,-1
114,3,548.39,202.74,139.95,112.81,1,-1,-1,-1
114,7,869.67,425.55,68.90,51.33,1,-1,-1,-1
115,2,327.76,389.67,140.51,106.25,1,-1,-1,-1
115,3,552.45,201.07,139.89,112.79,1,-1,-1,-1
115,7,867.06,426.74,67.37,50.09,1,-1,-1,-1
116,2,328.22,390.26,140.46,106.43,1,-1,-1,-1
116,3,555.67,200.20,139.49,112.75,1,-1,-1,-1
116,7,864.42,423.67,68.16,52.04,1,-1,-1,-1
117,2,328.14,390.47,140.56,106.54,1,-1,-1,-1
117,3,556.85,199.92,139.20,112.72,1,-1,-1,-1
117,7,863.65,422.30,68.51,53.31,1,-1,-1,-1
118,2,327.11,389.18,141.32,106.89,1,-1,-1,-1
118,3,560.04,199.05,138.02,112.22,1,-1,-1,-1
118,7,863.55,420.55,68.14,54.17,1,-1,-1,-1
119,2,327.52,389.47,141.29,106.96,1,-1,-1,-1
119,3,566.47,197.84,137.10,111.35,1,-1,-1,-1
119,7,865.81,420.80,66.89,53.76,1,-1,-1,-1
120,2,326.90,388.96,141.76,107.13,1,-1,-1,-1
120,3,571.55,197.67,136.89,110.43,1,-1,-1,-1
120,6,733.55,334.06,114.25,116.57,1,-1,-1,-1
120,7,867.57,422.82,65.01,52.04,1,-1,-1,-1
121,2,328.27,389.86,141.06,106.79,1,-1,-1,-1
121,3,574.88,197.52,136.87,110.02,1,-1,-1,-1
121,6,731.18,335.94,111.77,114.50,1,-1,-1,-1
121,7,869.16,424.00,63.72,50.79,1,-1,-1,-1
122,2,328.89,389.46,140.55,106.74,1,-1,-1,-1
122,3,578.27,197.01,136.39,109.84,1,-1,-1,-1
122,6,730.02,336.16,110.26,114.01,1,-1,-1,-1
122,7,870.24,424.29,63.12,49.94,1,-1,-1,-1
123,2,328.70,389.87,140.35,106.47,1,-1,-1,-1
123,3,581.15,197.04,135.80,109.60,1,-1,-1,-1
123,6,728.66,336.65,108.65,113.99,1,-1,-1,-1
123,7,870.01,425.00,62.86,49.10,1,-1,-1,-1
124,2,327.45,389.61,141.05,106.69,1,-1,-1,-1
124,3,583.87,196.63,134.90,109.70,1,-1,-1,-1
124,7,870.27,425.23,62.62,48.51,1,-1,-1,-1
125,2,327.45,389.71,141.22,106.69,1,-1,-1,-1
125,3,586.76,197.32,133.47,109.35,1,-1,-1,-1
125,7,870.43,425.41,62.57,48.03,1,-1,-1,-1
126,2,324.84,389.61,142.76,107.03,1,-1,-1,-1
126,3,590.08,197.97,133.11,109.32,1,-1,-1,-1
126,7,869.80,425.87,63.14,47.56,1,-1,-1,-1
127,2,323.55,388.90,143.97,107.47,1,-1,-1,-1
127,3,592.50,199.36,133.19,108.80,1,-1,-1,-1
127,7,869.96,424.70,63.63,47.95,1,-1,-1,-1
128,2,323.60,389.22,144.29,107.52,1,-1,-1,-1
128,3,593.87,200.98,133.06,109.11,1,-1,-1,-1
128,7,870.21,424.94,63.52,47.87,1,-1,-1,-1
129,2,322.30,389.02,145.27,107.74,1,-1,-1,-1
129,3,595.29,202.24,133.20,109.18,1,-1,-1,-1
129,7,869.55,424.34,63.79,48.22,1,-1,-1,-1
130,2,322.61,389.13,145.41,107.75,1,-1,-1,-1
130,3,596.46,203.36,133.69,109.40,1,-1,-1,-1
130,7,867.18,420.47,65.37,50.76,1,-1,-1,-1
131,2,322.45,389.10,145.76,107.84,1,-1,-1,-1
131,3,596.08,203.97,133.31,108.57,1,-1,-1,-1
131,7,863.64,417.01,68.03,53.89,1,-1,-1,-1
132,2,322.51,389.08,145.90,107.82,1,-1,-1,-1
132,3,599.56,211.66,131.84,105.77,1,-1,-1,-1
133,2,320.45,388.72,147.24,108.03,1,-1,-1,-1
133,3,598.43,209.70,132.39,107.37,1,-1,-1,-1
133,7,858.06,412.04,70.52,58.61,1,-1,-1,-1
134,2,320.74,388.69,147.48,108.07,1,-1,-1,-1
134,3,597.74,208.53,132.74,108.60,1,-1,-1,-1
134,7,851.54,413.05,70.82,59.56,1,-1,-1,-1
135,2,320.25,388.53,148.03,108.18,1,-1,-1,-1
135,3,597.25,207.75,132.96,109.62,1,-1,-1,-1
135,7,850.62,417.70,69.74,57.79,1,-1,-1,-1
136,2,319.69,388.12,148.60,108.51,1,-1,-1,-1
136,3,596.89,207.36,133.03,110.42,1,-1,-1,-1
136,7,850.30,418.89,69.69,57.55,1,-1,-1,-1
137,3,596.63,207.06,132.89,111.07,1,-1,-1,-1
138,3,596.50,206.99,132.65,111.61,1,-1,-1,-1
138,7,840.72,421.86,70.44,56.71,1,-1,-1,-1
139,2,318.72,387.95,149.43,108.78,1,-1,-1,-1
139,3,596.62,207.08,132.32,111.80,1,-1,-1,-1
140,2,318.75,388.19,149.59,108.62,1,-1,-1,-1
140,3,597.71,207.16,131.43,111.82,1,-1,-1,-1
141,2,317.87,388.24,150.21,108.65,1,-1,-1,-1
141,3,599.42,207.10,130.22,111.70,1,-1,-1,-1
142,2,317.58,388.25,150.50,108.71,1,-1,-1,-1
142,3,601.18,206.74,128.92,111.29,1,-1,-1,-1
143,2,316.28,388.05,151.45,108.95,1,-1,-1,-1
143,3,602.91,206.76,127.55,111.00,1,-1,-1,-1
144,2,317.54,388.22,151.04,108.94,1,-1,-1,-1
144,3,604.24,205.97,126.54,110.76,1,-1,-1,-1
145,2,315.74,387.43,152.14,109.41,1,-1,-1,-1
145,3,606.43,205.45,125.03,110.31,1,-1,-1,-1
145,8,767.89,294.04,97.24,83.79,1,-1,-1,-1
146,2,315.29,387.37,152.73,109.56,1,-1,-1,-1
146,3,608.62,205.75,123.78,109.88,1,-1,-1,-1
146,8,770.90,291.80,93.79,84.77,1,-1,-1,-1
147,2,314.46,387.28,153.47,109.76,1,-1,-1,-1
147,3,611.43,204.93,123.22,109.44,1,-1,-1,-1
147,8,769.16,291.41,92.02,83.49,1,-1,-1,-1
148,2,314.00,386.99,154.10,110.11,1,-1,-1,-1
148,3,615.08,204.01,122.03,108.81,1,-1,-1,-1
148,8,769.11,290.69,90.92,82.50,1,-1,-1,-1
149,2,314.65,387.38,153.99,110.06,1,-1,-1,-1
149,3,617.57,203.58,121.46,108.42,1,-1,-1,-1
149,8,771.12,290.58,88.52,81.13,1,-1,-1,-1
150,2,315.74,387.66,153.45,109.94,1,-1,-1,-1
150,3,618.54,203.50,121.04,108.17,1,-1,-1,-1
150,8,772.38,290.61,87.00,80.40,1,-1,-1,-1
151,2,317.15,387.86,152.51,109.72,1,-1,-1,-1
151,3,621.49,203.66,120.00,108.12,1,-1,-1,-1
151,8,773.50,290.00,86.26,79.49,1,-1,-1,-1
152,2,318.26,388.01,151.60,109.53,1,-1,-1,-1
152,3,626.25,202.51,120.28,107.55,1,-1,-1,-1
152,8,771.66,289.67,86.58,79.25,1,-1,-1,-1
153,2,317.55,387.94,151.59,109.45,1,-1,-1,-1
153,3,629.91,202.70,120.42,106.99,1,-1,-1,-1
154,2,317.87,388.02,151.26,109.29,1,-1,-1,-1
154,3,633.64,200.75,119.92,105.76,1,-1,-1,-1
154,8,767.05,293.31,91.97,88.00,1,-1,-1,-1
154,9,751.06,343.79,180.30,129.24,1,-1,-1,-1
155,2,317.64,387.99,151.21,109.21,1,-1,-1,-1
155,3,636.88,201.06,119.61,104.38,1,-1,-1,-1
155,8,765.95,292.39,95.12,94.92,1,-1,-1,-1
156,2,317.72,388.13,151.10,109.04,1,-1,-1,-1
156,3,641.47,200.72,119.22,103.76,1,-1,-1,-1
156,8,766.30,290.31,98.48,100.38,1,-1,-1,-1
157,2,317.40,387.88,151.30,109.25,1,-1,-1,-1
157,3,645.95,200.88,119.84,103.59,1,-1,-1,-1
157,8,766.44,288.07,99.47,104.07,1,-1,-1,-1
158,2,316.96,387.83,151.68,109.31,1,-1,-1,-1
158,3,649.88,199.35,120.13,104.53,1,-1,-1,-1
158,9,736.16,350.81,155.28,121.20,1,-1,-1,-1
159,2,316.91,387.88,151.87,109.31,1,-1,-1,-1
159,3,654.29,198.30,120.35,105.18,1,-1,-1,-1
160,2,316.26,387.89,152.26,109.30,1,-1,-1,-1
160,3,657.89,197.24,120.32,105.86,1,-1,-1,-1
161,2,316.67,387.99,152.11,109.24,1,-1,-1,-1
161,3,663.03,196.88,119.14,105.91,1,-1,-1,-1
162,2,316.22,388.08,152.42,109.23,1,-1,-1,-1
162,3,667.71,196.31,119.57,106.65,1,-1,-1,-1
163,2,317.10,388.34,151.87,109.06,1,-1,-1,-1
163,3,673.71,195.67,121.83,107.44,1,-1,-1,-1
164,2,318.29,388.53,151.02,108.89,1,-1,-1,-1
164,3,675.51,195.03,119.94,108.08,1,-1,-1,-1
165,2,318.64,388.57,150.58,108.78,1,-1,-1,-1
165,3,682.49,194.55,122.10,108.51,1,-1,-1,-1
166,2,317.80,388.15,150.80,108.93,1,-1,-1,-1
166,3,689.17,194.63,124.33,108.61,1,-1,-1,-1
167,2,317.72,388.18,150.80,108.92,1,-1,-1,-1
167,3,691.19,194.65,125.99,108.71,1,-1,-1,-1
168,2,318.06,388.28,150.61,108.93,1,-1,-1,-1
168,3,692.97,194.65,126.14,108.90,1,-1,-1,-1
169,2,320.55,388.72,149.30,108.65,1,-1,-1,-1
169,3,697.40,193.04,124.78,107.89,1,-1,-1,-1
170,2,322.37,389.18,147.96,108.26,1,-1,-1,-1
170,3,705.02,191.32,123.39,105.08,1,-1,-1,-1
171,2,323.36,389.46,146.94,107.92,1,-1,-1,-1
171,3,709.82,191.95,123.23,104.58,1,-1,-1,-1
172,2,323.04,389.62,146.68,107.79,1,-1,-1,-1
172,3,714.58,190.79,122.25,102.06,1,-1,-1,-1
173,2,323.16,389.76,146.36,107.61,1,-1,-1,-1
173,3,718.94,191.06,121.19,100.56,1,-1,-1,-1
174,2,322.98,389.84,146.30,107.49,1,-1,-1,-1
174,3,723.27,190.64,119.23,98.69,1,-1,-1,-1
175,2,322.01,389.79,146.73,107.42,1,-1,-1,-1
175,3,728.26,190.10,118.04,97.37,1,-1,-1,-1
176,2,320.55,389.68,147.66,107.46,1,-1,-1,-1
176,3,733.08,191.95,118.33,97.31,1,-1,-1,-1
177,2,318.93,389.29,148.91,107.77,1,-1,-1,-1
177,3,737.48,194.30,117.72,97.96,1,-1,-1,-1
178,2,317.51,389.06,150.10,108.04,1,-1,-1,-1
178,3,741.04,194.91,117.08,98.14,1,-1,-1,-1
179,2,316.39,388.67,151.20,108.40,1,-1,-1,-1
180,2,316.35,388.22,151.66,108.78,1,-1,-1,-1
180,3,747.70,192.61,114.65,97.49,1,-1,-1,-1
181,2,316.93,388.01,151.70,109.07,1,-1,-1,-1
181,3,750.41,192.86,113.41,97.09,1,-1,-1,-1
182,2,316.82,387.80,151.92,109.34,1,-1,-1,-1
182,3,752.90,193.24,112.90,97.32,1,-1,-1,-1
183,2,316.32,387.42,152.33,109.75,1,-1,-1,-1
183,3,756.32,193.73,111.76,97.52,1,-1,-1,-1
184,2,315.46,387.18,152.95,110.01,1,-1,-1,-1
185,2,316.49,387.24,152.50,110.17,1,-1,-1,-1
186,2,317.44,387.46,151.88,110.12,1,-1,-1,-1
187,2,315.90,387.07,152.64,110.48,1,-1,-1,-1
188,2,317.15,387.33,152.00,110.36,1,-1,-1,-1
189,2,317.62,387.46,151.60,110.28,1,-1,-1,-1
190,2,319.00,387.81,150.64,110.04,1,-1,-1,-1
191,2,319.75,388.00,149.90,109.85,1,-1,-1,-1
192,2,319.99,388.20,149.46,109.66,1,-1,-1,-1
193,2,321.44,388.42,148.37,109.46,1,-1,-1,-1
193,10,738.32,348.42,139.06,125.51,1,-1,-1,-1
194,2,321.41,388.43,148.03,109.38,1,-1,-1,-1
194,10,737.11,344.22,144.70,130.47,1,-1,-1,-1
195,2,322.49,388.61,147.17,109.24,1,-1,-1,-1
195,10,736.30,342.59,150.76,133.11,1,-1,-1,-1
196,2,322.77,388.61,146.71,109.19,1,-1,-1,-1
197,2,322.92,388.60,146.40,109.18,1,-1,-1,-1
197,10,722.62,342.70,149.00,133.22,1,-1,-1,-1
198,2,323.12,388.61,146.12,109.17,1,-1,-1,-1
199,2,323.21,388.62,145.93,109.16,1,-1,-1,-1
200,2,326.71,389.18,143.79,108.55,1,-1,-1,-1
200,10,755.06,300.70,124.05,113.09,1,-1,-1,-1
201,2,328.57,389.58,142.11,108.06,1,-1,-1,-1
201,10,735.13,330.07,150.78,125.10,1,-1,-1,-1
202,2,329.77,389.98,140.88,107.69,1,-1,-1,-1
202,10,724.68,340.84,162.16,129.36,1,-1,-1,-1
203,2,330.45,389.97,139.98,107.59,1,-1,-1,-1
203,10,717.07,344.67,166.79,131.09,1,-1,-1,-1
204,2,330.55,389.97,139.46,107.45,1,-1,-1,-1
204,10,710.65,321.11,173.88,147.57,1,-1,-1,-1
205,2,330.67,390.15,139.02,107.18,1,-1,-1,-1
205,10,709.22,309.71,172.21,158.71,1,-1,-1,-1
206,2,330.57,390.18,138.83,107.01,1,-1,-1,-1
206,10,706.90,328.19,166.52,152.75,1,-1,-1,-1
207,2,330.28,390.19,138.87,106.88,1,-1,-1,-1
208,2,329.43,390.24,139.12,106.71,1,-1,-1,-1
208,10,736.92,299.43,173.90,151.05,1,-1,-1,-1
209,2,329.56,390.45,138.91,106.39,1,-1,-1,-1
209,10,740.07,291.72,178.79,151.06,1,-1,-1,-1
210,2,329.91,390.51,138.58,106.20,1,-1,-1,-1
211,2,330.06,390.64,138.33,106.00,1,-1,-1,-1
212,2,330.36,390.82,138.16,105.90,1,-1,-1,-1
213,2,330.76,390.99,137.92,105.87,1,-1,-1,-1
214,2,330.73,390.99,137.88,105.77,1,-1,-1,-1
215,2,331.16,391.13,137.63,105.68,1,-1,-1,-1
216,2,330.99,391.01,137.66,105.65,1,-1,-1,-1
217,2,330.79,390.75,137.72,105.80,1,-1,-1,-1
218,2,330.50,390.44,137.87,105.96,1,-1,-1,-1
218,11,881.35,217.38,102.42,103.90,1,-1,-1,-1
218,12,716.53,331.34,89.36,67.39,1,-1,-1,-1
219,2,330.61,390.49,137.74,105.96,1,-1,-1,-1
219,12,717.43,330.36,88.43,66.33,1,-1,-1,-1
220,2,330.73,390.59,137.72,106.02,1,-1,-1,-1
220,12,716.52,329.13,88.53,66.71,1,-1,-1,-1
221,2,330.19,390.47,138.09,106.19,1,-1,-1,-1
221,12,717.20,329.03,90.24,67.82,1,-1,-1,-1
222,2,330.12,390.42,138.14,106.25,1,-1,-1,-1
222,12,717.04,329.30,90.54,67.40,1,-1,-1,-1
223,2,330.42,390.48,138.03,106.19,1,-1,-1,-1
224,2,330.53,390.43,138.09,106.24,1,-1,-1,-1
224,13,841.08,301.98,53.12,54.98,1,-1,-1,-1
225,2,330.86,390.48,137.85,106.17,1,-1,-1,-1
225,14,697.96,390.31,72.62,66.53,1,-1,-1,-1
226,2,331.46,390.41,137.35,106.14,1,-1,-1,-1
226,14,697.85,390.58,73.17,66.40,1,-1,-1,-1
227,2,331.84,390.40,136.86,106.05,1,-1,-1,-1
228,2,332.25,390.53,136.52,105.97,1,-1,-1,-1
229,2,332.43,390.64,136.16,105.84,1,-1,-1,-1
229,11,930.80,248.85,97.03,78.79,1,-1,-1,-1
230,2,332.20,390.64,136.23,105.83,1,-1,-1,-1
230,12,719.42,328.29,89.16,65.03,1,-1,-1,-1
230,16,864.23,416.56,61.36,44.29,1,-1,-1,-1
231,2,330.73,390.39,132.76,105.80,1,-1,-1,-1
231,11,933.08,251.38,91.97,77.67,1,-1,-1,-1
231,12,719.50,328.70,89.87,65.42,1,-1,-1,-1
232,2,331.13,390.32,130.38,105.82,1,-1,-1,-1
232,11,935.51,252.40,89.92,77.04,1,-1,-1,-1
232,12,719.73,328.92,90.32,65.65,1,-1,-1,-1
232,16,869.27,415.32,61.00,43.80,1,-1,-1,-1
233,2,331.27,390.37,128.10,105.77,1,-1,-1,-1
233,12,719.02,329.59,91.17,65.78,1,-1,-1,-1
234,2,332.90,390.86,130.29,105.62,1,-1,-1,-1
235,2,332.89,391.01,131.97,105.52,1,-1,-1,-1
235,12,721.03,329.36,91.73,65.41,1,-1,-1,-1
236,2,332.48,391.07,133.24,105.46,1,-1,-1,-1
236,12,727.40,329.84,88.47,65.12,1,-1,-1,-1
237,2,331.83,391.08,134.53,105.49,1,-1,-1,-1
237,12,732.65,330.38,85.76,64.80,1,-1,-1,-1
238,2,331.17,391.01,135.50,105.51,1,-1,-1,-1
238,12,735.32,330.80,83.49,64.34,1,-1,-1,-1
239,2,330.86,391.06,136.23,105.50,1,-1,-1,-1
239,11,967.08,281.30,117.86,89.28,1,-1,-1,-1
239,12,736.24,330.92,83.07,63.85,1,-1,-1,-1
240,2,331.19,391.07,136.46,105.51,1,-1,-1,-1
240,12,737.51,331.42,82.72,63.70,1,-1,-1,-1
241,2,330.89,391.02,136.96,105.57,1,-1,-1,-1
241,12,741.52,331.90,81.01,63.59,1,-1,-1,-1
242,2,330.69,390.99,137.39,105.60,1,-1,-1,-1
242,12,745.58,332.32,79.27,63.50,1,-1,-1,-1
243,2,329.68,390.88,137.98,105.61,1,-1,-1,-1
243,12,748.13,332.57,77.74,63.39,1,-1,-1,-1
244,2,329.43,390.81,138.22,105.57,1,-1,-1,-1
244,12,749.16,332.54,76.79,63.35,1,-1,-1,-1
245,2,329.16,390.72,138.39,105.57,1,-1,-1,-1
245,12,749.58,332.53,76.49,63.42,1,-1,-1,-1
246,2,329.14,390.69,138.61,105.57,1,-1,-1,-1
246,12,749.80,332.37,76.53,63.50,1,-1,-1,-1
247,2,329.52,390.62,138.62,105.62,1,-1,-1,-1
247,12,750.71,332.14,76.25,63.40,1,-1,-1,-1
248,2,329.32,390.56,138.85,105.67,1,-1,-1,-1
248,12,751.32,332.05,76.11,63.18,1,-1,-1,-1
249,2,329.47,390.53,138.71,105.69,1,-1,-1,-1
249,12,752.02,332.05,75.90,63.01,1,-1,-1,-1
250,2,329.65,390.60,138.56,105.67,1,-1,-1,-1
250,12,752.90,332.25,75.33,62.94,1,-1,-1,-1
251,2,330.19,390.70,138.06,105.56,1,-1,-1,-1
251,12,752.42,332.19,75.19,63.05,1,-1,-1,-1
252,2,328.02,390.52,131.08,105.17,1,-1,-1,-1
252,12,752.22,332.23,75.13,63.14,1,-1,-1,-1
253,2,328.60,390.49,125.96,104.92,1,-1,-1,-1
253,12,751.56,332.17,75.30,63.31,1,-1,-1,-1
254,2,332.04,390.89,128.49,104.87,1,-1,-1,-1
254,12,751.30,332.14,75.39,63.42,1,-1,-1,-1
254,17,936.14,268.10,102.44,80.56,1,-1,-1,-1
255,2,333.14,391.04,130.17,104.80,1,-1,-1,-1
255,12,751.19,332.29,75.23,63.39,1,-1,-1,-1
256,2,333.07,390.97,131.67,104.82,1,-1,-1,-1
256,12,751.07,332.22,75.28,63.47,1,-1,-1,-1
257,2,332.79,390.90,132.56,104.83,1,-1,-1,-1
257,12,750.85,332.25,75.40,63.52,1,-1,-1,-1
258,2,332.95,391.02,133.13,104.82,1,-1,-1,-1
258,12,751.27,332.22,75.32,63.59,1,-1,-1,-1
258,17,919.43,267.81,103.89,78.47,1,-1,-1,-1
259,2,332.79,391.16,133.02,104.69,1,-1,-1,-1
259,12,751.94,332.09,75.13,63.59,1,-1,-1,-1
259,17,913.15,268.10,96.36,73.85,1,-1,-1,-1
260,2,332.68,391.21,132.70,104.51,1,-1,-1,-1
260,12,753.06,331.93,74.87,63.42,1,-1,-1,-1
261,2,333.20,391.50,132.77,104.39,1,-1,-1,-1
261,12,748.92,331.70,77.50,63.34,1,-1,-1,-1
262,2,333.38,391.56,132.89,104.33,1,-1,-1,-1
262,12,751.30,331.92,76.77,62.90,1,-1,-1,-1
263,2,333.41,391.56,133.07,104.33,1,-1,-1,-1
263,12,752.45,332.14,76.57,62.64,1,-1,-1,-1
264,2,332.86,391.49,133.41,104.27,1,-1,-1,-1
264,12,752.08,332.30,76.95,62.54,1,-1,-1,-1
265,2,332.53,391.53,133.42,104.15,1,-1,-1,-1
265,12,749.80,332.40,78.26,62.59,1,-1,-1,-1
265,18,237.95,390.55,128.08,108.60,1,-1,-1,-1
266,2,332.48,391.53,133.36,104.10,1,-1,-1,-1
266,12,734.80,332.71,88.10,63.58,1,-1,-1,-1
266,17,883.73,232.39,152.89,111.12,1,-1,-1,-1
266,18,237.71,389.69,129.45,109.53,1,-1,-1,-1
267,2,333.07,391.65,133.31,104.15,1,-1,-1,-1
267,17,871.07,229.42,164.50,113.93,1,-1,-1,-1
267,18,237.47,389.53,130.10,109.91,1,-1,-1,-1
268,2,333.19,391.64,133.58,104.21,1,-1,-1,-1
268,17,859.13,229.10,148.57,112.91,1,-1,-1,-1
268,18,237.37,389.12,130.56,110.29,1,-1,-1,-1
269,2,333.04,391.59,134.00,104.29,1,-1,-1,-1
269,17,856.37,228.89,139.44,112.86,1,-1,-1,-1
269,18,237.42,388.86,130.91,110.56,1,-1,-1,-1
269,19,763.47,421.44,51.80,47.75,1,-1,-1,-1
270,2,332.05,391.35,134.66,104.37,1,-1,-1,-1
270,12,727.75,333.26,97.03,64.88,1,-1,-1,-1
270,17,865.49,228.57,149.99,115.25,1,-1,-1,-1
271,2,332.27,391.35,134.77,104.39,1,-1,-1,-1
271,12,721.53,333.33,103.68,65.74,1,-1,-1,-1
271,17,858.40,228.95,141.45,114.21,1,-1,-1,-1
272,2,331.42,391.15,135.38,104.56,1,-1,-1,-1
272,12,723.23,333.74,104.55,66.18,1,-1,-1,-1
272,17,855.63,229.29,135.58,113.30,1,-1,-1,-1
273,2,331.63,391.32,135.60,104.62,1,-1,-1,-1
273,12,726.29,333.52,102.73,65.60,1,-1,-1,-1
273,17,853.70,229.10,131.99,112.77,1,-1,-1,-1
274,2,331.23,391.28,136.03,104.76,1,-1,-1,-1
274,12,718.74,334.13,105.74,67.24,1,-1,-1,-1
274,17,853.19,228.68,129.25,111.76,1,-1,-1,-1
275,2,331.77,391.42,135.99,104.71,1,-1,-1,-1
275,12,718.57,333.82,105.60,66.91,1,-1,-1,-1
275,17,851.98,229.32,125.62,111.39,1,-1,-1,-1
276,12,732.30,334.66,97.53,66.02,1,-1,-1,-1
276,17,851.65,229.46,122.86,110.88,1,-1,-1,-1
276,18,252.62,383.68,197.12,120.60,1,-1,-1,-1
277,2,332.13,391.56,135.98,104.60,1,-1,-1,-1
277,12,738.29,335.04,91.97,65.33,1,-1,-1,-1
277,17,851.80,229.99,121.19,109.54,1,-1,-1,-1
278,2,331.46,391.43,136.41,104.60,1,-1,-1,-1
278,12,741.63,335.52,87.77,64.65,1,-1,-1,-1
278,17,852.80,229.34,121.34,109.46,1,-1,-1,-1
278,20,932.87,282.95,70.91,79.48,1,-1,-1,-1
279,2,331.50,391.45,136.35,104.55,1,-1,-1,-1
279,12,743.61,335.85,84.65,64.10,1,-1,-1,-1
279,17,851.00,231.68,118.69,108.40,1,-1,-1,-1
279,20,932.94,280.55,72.55,81.29,1,-1,-1,-1
280,2,331.14,391.37,136.54,104.56,1,-1,-1,-1
280,12,743.48,334.67,82.73,63.80,1,-1,-1,-1
280,17,848.35,238.72,113.30,103.80,1,-1,-1,-1
280,20,932.32,278.49,75.76,83.42,1,-1,-1,-1
281,2,331.01,391.32,136.71,104.60,1,-1,-1,-1
281,12,743.82,334.21,81.37,63.59,1,-1,-1,-1
281,17,848.62,242.33,109.26,100.15,1,-1,-1,-1
281,20,931.80,277.85,77.45,84.32,1,-1,-1,-1
282,2,330.87,391.37,137.00,104.73,1,-1,-1,-1
282,12,744.32,334.04,80.35,63.51,1,-1,-1,-1
282,17,851.23,234.51,109.43,102.26,1,-1,-1,-1
283,2,330.17,391.25,137.44,104.88,1,-1,-1,-1
283,12,744.76,333.92,79.67,63.41,1,-1,-1,-1
283,17,851.69,231.26,109.78,104.28,1,-1,-1,-1
284,12,745.18,333.92,79.07,63.37,1,-1,-1,-1
284,17,849.79,228.81,111.59,105.60,1,-1,-1,-1
284,18,242.81,384.49,224.14,118.75,1,-1,-1,-1
285,2,330.02,391.22,137.47,104.93,1,-1,-1,-1
285,12,745.57,334.24,78.69,63.63,1,-1,-1,-1
285,17,844.84,234.76,110.00,100.96,1,-1,-1,-1
286,12,745.15,334.99,79.03,64.78,1,-1,-1,-1
286,17,842.38,234.90,107.67,97.95,1,-1,-1,-1
286,18,240.04,385.95,228.92,115.95,1,-1,-1,-1
287,12,734.93,334.54,85.78,65.23,1,-1,-1,-1
287,17,843.63,232.68,109.62,98.40,1,-1,-1,-1
287,18,238.92,386.76,230.61,114.46,1,-1,-1,-1
288,12,737.03,335.14,86.38,65.84,1,-1,-1,-1
288,17,842.90,226.84,112.29,98.92,1,-1,-1,-1
288,18,238.21,387.22,231.97,113.75,1,-1,-1,-1
289,2,330.62,391.10,137.64,105.03,1,-1,-1,-1
289,12,740.78,335.43,85.57,66.14,1,-1,-1,-1
289,17,840.44,224.22,113.94,99.75,1,-1,-1,-1
290,12,732.20,336.23,90.65,68.02,1,-1,-1,-1
290,17,838.02,223.06,115.68,100.61,1,-1,-1,-1
290,18,237.11,387.18,234.20,113.83,1,-1,-1,-1
291,2,331.40,391.42,136.93,104.92,1,-1,-1,-1
291,12,722.73,337.10,97.52,70.39,1,-1,-1,-1
291,17,835.30,222.31,116.80,101.63,1,-1,-1,-1
291,21,755.70,415.47,65.73,58.39,1,-1,-1,-1
292,2,331.36,391.56,136.67,104.90,1,-1,-1,-1
292,12,730.36,337.04,93.77,70.02,1,-1,-1,-1
292,17,833.09,221.67,117.75,102.22,1,-1,-1,-1
292,21,755.83,414.46,66.79,60.07,1,-1,-1,-1
293,2,331.36,391.52,136.75,104.96,1,-1,-1,-1
293,12,733.94,337.05,91.02,69.75,1,-1,-1,-1
293,17,832.16,221.34,118.45,102.69,1,-1,-1,-1
293,21,755.86,414.13,66.96,60.64,1,-1,-1,-1
294,2,330.82,391.49,137.02,104.99,1,-1,-1,-1
294,12,735.82,337.06,88.85,69.58,1,-1,-1,-1
294,17,830.21,219.92,119.22,103.09,1,-1,-1,-1
295,2,330.52,391.42,137.28,105.03,1,-1,-1,-1
296,2,330.63,391.42,137.39,105.11,1,-1,-1,-1
297,2,330.20,391.28,137.79,105.40,1,-1,-1,-1
297,17,820.42,219.75,121.75,106.59,1,-1,-1,-1
298,18,234.58,387.17,238.28,114.46,1,-1,-1,-1
299,2,329.88,391.10,138.11,105.67,1,-1,-1,-1
300,2,329.88,390.94,138.36,105.84,1,-1,-1,-1
