2,1,1010.95,523.79,215.78,204.80,1,-1,-1,-1
2,2,1619.44,460.04,226.47,197.92,1,-1,-1,-1
2,3,558.86,395.71,174.61,191.59,1,-1,-1,-1
2,4,306.96,117.61,100.06,84.35,1,-1,-1,-1
2,5,1517.12,114.85,100.51,83.43,1,-1,-1,-1
2,6,183.53,121.97,92.09,71.31,1,-1,-1,-1
2,7,1640.87,118.96,97.78,72.59,1,-1,-1,-1
3,1,1009.67,516.10,230.64,216.97,1,-1,-1,-1
3,2,1633.72,459.25,208.70,189.97,1,-1,-1,-1
3,3,574.02,394.64,159.17,185.82,1,-1,-1,-1
3,4,305.73,119.19,99.25,80.89,1,-1,-1,-1
3,5,1518.18,117.88,99.01,77.88,1,-1,-1,-1
3,6,165.68,123.10,121.57,68.33,1,-1,-1,-1
3,7,1647.00,118.49,87.51,74.40,1,-1,-1,-1
4,1,1009.99,513.55,252.57,217.90,1,-1,-1,-1
4,2,1608.15,449.12,264.10,193.13,1,-1,-1,-1
4,3,590.43,390.59,158.01,179.48,1,-1,-1,-1
4,4,306.09,118.77,94.45,81.11,1,-1,-1,-1
4,5,1517.22,119.38,101.25,74.24,1,-1,-1,-1
4,6,155.11,122.55,129.95,68.81,1,-1,-1,-1
4,7,1649.42,119.63,87.09,72.75,1,-1,-1,-1
5,1,1018.84,524.26,258.35,203.56,1,-1,-1,-1
5,2,1636.87,437.65,230.03,197.11,1,-1,-1,-1
5,3,608.43,383.04,152.33,176.49,1,-1,-1,-1
5,4,305.02,118.63,93.77,79.71,1,-1,-1,-1
5,5,1517.90,119.20,99.80,73.41,1,-1,-1,-1
5,6,142.10,119.52,140.05,80.94,1,-1,-1,-1
5,7,1646.08,120.57,93.24,70.68,1,-1,-1,-1
6,1,1025.66,529.93,259.74,203.49,1,-1,-1,-1
6,2,1690.13,428.51,179.29,200.24,1,-1,-1,-1
6,3,629.17,376.76,146.37,176.44,1,-1,-1,-1
6,4,304.77,116.95,93.43,84.23,1,-1,-1,-1
6,5,1519.31,118.60,97.86,72.96,1,-1,-1,-1
6,7,1639.12,121.64,99.56,68.81,1,-1,-1,-1
7,1,1035.25,533.01,261.95,212.18,1,-1,-1,-1
7,2,1673.85,422.63,231.98,203.27,1,-1,-1,-1
7,3,647.99,372.66,138.60,174.63,1,-1,-1,-1
7,4,305.27,117.59,93.85,85.42,1,-1,-1,-1
7,5,1518.21,118.46,99.66,72.65,1,-1,-1,-1
7,7,1642.05,120.21,92.28,70.80,1,-1,-1,-1
8,1,1036.05,538.59,262.03,209.77,1,-1,-1,-1
8,2,1722.14,419.79,187.74,205.47,1,-1,-1,-1
8,3,655.17,369.49,141.56,172.79,1,-1,-1,-1
8,4,305.76,118.58,93.83,83.76,1,-1,-1,-1
8,5,1516.27,118.45,102.18,72.82,1,-1,-1,-1
8,7,1644.79,119.78,88.05,71.22,1,-1,-1,-1
9,1,1035.34,540.54,262.06,209.36,1,-1,-1,-1
9,2,1735.08,419.78,188.02,205.35,1,-1,-1,-1
9,3,659.45,368.08,139.85,172.56,1,-1,-1,-1
9,4,306.29,118.65,93.59,83.63,1,-1,-1,-1
9,5,1515.74,118.65,102.44,72.82,1,-1,-1,-1
9,7,1645.10,119.68,88.28,71.22,1,-1,-1,-1
10,1,1048.64,548.04,229.94,191.24,1,-1,-1,-1
10,2,1688.41,421.18,253.41,205.43,1,-1,-1,-1
10,3,666.46,369.41,145.33,169.32,1,-1,-1,-1
10,4,306.00,119.06,94.87,81.24,1,-1,-1,-1
10,5,1515.48,118.51,102.77,73.45,1,-1,-1,-1
10,7,1636.66,119.17,99.33,72.82,1,-1,-1,-1
11,1,1046.38,546.21,229.80,193.40,1,-1,-1,-1
11,2,1677.88,422.57,253.59,205.23,1,-1,-1,-1
11,3,672.99,370.00,142.74,169.19,1,-1,-1,-1
11,4,306.23,118.64,94.81,81.02,1,-1,-1,-1
11,5,1515.49,118.61,102.84,73.51,1,-1,-1,-1
11,7,1634.98,119.37,99.36,72.86,1,-1,-1,-1
12,1,1061.93,546.73,206.88,195.71,1,-1,-1,-1
12,2,1730.59,424.43,178.21,203.25,1,-1,-1,-1
12,3,692.37,372.06,117.06,167.67,1,-1,-1,-1
12,4,305.36,118.18,96.22,81.21,1,-1,-1,-1
12,5,1514.75,118.22,103.92,74.50,1,-1,-1,-1
12,7,1634.89,119.34,99.24,74.37,1,-1,-1,-1
13,1,1065.92,545.78,210.06,218.39,1,-1,-1,-1
13,2,1694.49,425.69,234.90,203.40,1,-1,-1,-1
13,3,699.79,401.61,124.58,131.47,1,-1,-1,-1
13,4,304.15,118.51,97.57,79.32,1,-1,-1,-1
13,5,1514.63,118.54,104.05,73.62,1,-1,-1,-1
13,6,169.85,122.81,105.91,68.75,1,-1,-1,-1
13,7,1637.49,119.16,96.61,77.26,1,-1,-1,-1
14,1,1005.19,548.42,291.39,232.37,1,-1,-1,-1
14,2,1696.42,425.36,225.87,204.88,1,-1,-1,-1
14,3,708.00,398.97,124.05,143.70,1,-1,-1,-1
14,4,303.74,117.86,97.71,80.85,1,-1,-1,-1
14,5,1514.58,118.34,103.68,74.09,1,-1,-1,-1
14,7,1636.16,121.26,99.13,71.76,1,-1,-1,-1
15,1,997.34,552.34,288.86,237.16,1,-1,-1,-1
15,2,1696.60,425.04,223.66,205.46,1,-1,-1,-1
15,3,716.19,374.99,112.79,177.09,1,-1,-1,-1
15,4,303.68,117.96,97.62,81.35,1,-1,-1,-1
15,5,1514.02,118.33,104.39,74.38,1,-1,-1,-1
15,7,1636.20,121.14,98.99,71.14,1,-1,-1,-1
16,2,1701.84,422.47,216.45,207.86,1,-1,-1,-1
16,3,720.12,368.81,105.81,174.06,1,-1,-1,-1
16,4,303.42,116.96,98.14,86.47,1,-1,-1,-1
16,5,1511.47,117.76,107.88,75.68,1,-1,-1,-1
16,7,1636.19,122.03,98.61,69.44,1,-1,-1,-1
17,2,1709.26,421.72,208.34,208.21,1,-1,-1,-1
17,3,724.43,387.52,101.78,144.26,1,-1,-1,-1
17,4,304.28,117.78,96.94,86.84,1,-1,-1,-1
17,5,1511.85,117.91,106.99,75.31,1,-1,-1,-1
17,7,1636.35,122.09,97.95,68.38,1,-1,-1,-1
18,2,1711.64,418.81,207.75,211.12,1,-1,-1,-1
18,3,732.70,384.37,93.53,148.65,1,-1,-1,-1
18,4,305.14,118.38,95.87,86.36,1,-1,-1,-1
18,5,1512.08,117.93,107.04,75.35,1,-1,-1,-1
18,7,1636.42,121.95,97.88,68.45,1,-1,-1,-1
19,2,1712.37,417.79,208.11,211.48,1,-1,-1,-1
19,3,734.38,383.72,93.81,149.20,1,-1,-1,-1
19,4,305.25,118.53,95.86,86.06,1,-1,-1,-1
19,5,1512.07,117.88,107.28,75.71,1,-1,-1,-1
19,7,1636.51,121.91,97.75,68.58,1,-1,-1,-1
20,2,1722.40,418.85,195.27,211.15,1,-1,-1,-1
20,3,736.64,383.19,95.14,149.21,1,-1,-1,-1
20,4,305.53,118.55,95.34,86.45,1,-1,-1,-1
20,5,1510.95,117.96,108.97,75.48,1,-1,-1,-1
20,7,1636.24,121.74,98.41,68.63,1,-1,-1,-1
21,2,1721.36,421.38,198.81,204.82,1,-1,-1,-1
21,3,740.43,380.09,93.16,151.57,1,-1,-1,-1
21,4,305.96,119.14,93.72,84.26,1,-1,-1,-1
21,5,1513.81,118.22,104.63,74.78,1,-1,-1,-1
21,7,1646.77,121.35,84.04,69.60,1,-1,-1,-1
22,3,745.56,379.20,90.43,150.53,1,-1,-1,-1
22,4,305.52,118.48,94.45,85.28,1,-1,-1,-1
22,5,1514.43,118.11,104.28,75.24,1,-1,-1,-1
22,7,1648.23,120.97,85.18,70.29,1,-1,-1,-1
23,2,1739.87,431.62,177.76,189.58,1,-1,-1,-1
23,3,747.67,376.01,93.03,155.26,1,-1,-1,-1
23,4,306.46,118.97,93.01,80.20,1,-1,-1,-1
23,5,1513.88,118.37,105.55,75.15,1,-1,-1,-1
23,7,1645.96,121.14,88.94,70.38,1,-1,-1,-1
24,2,1741.98,432.35,177.89,190.08,1,-1,-1,-1
24,3,749.35,378.10,92.81,152.03,1,-1,-1,-1
24,4,306.56,117.76,93.09,80.25,1,-1,-1,-1
24,5,1513.76,118.39,105.73,75.23,1,-1,-1,-1
24,7,1645.58,121.28,88.90,70.32,1,-1,-1,-1
25,2,1755.52,444.64,161.93,170.55,1,-1,-1,-1
25,3,750.87,373.05,98.61,150.61,1,-1,-1,-1
25,4,307.88,117.51,91.60,79.19,1,-1,-1,-1
25,5,1515.48,118.41,104.13,75.57,1,-1,-1,-1
25,7,1646.97,121.38,87.97,70.36,1,-1,-1,-1
26,3,761.32,338.22,100.54,177.12,1,-1,-1,-1
26,4,305.54,116.60,97.68,81.73,1,-1,-1,-1
26,5,1516.14,119.41,103.18,72.75,1,-1,-1,-1
26,7,1643.88,120.48,93.57,71.10,1,-1,-1,-1
27,3,766.57,338.85,111.96,157.12,1,-1,-1,-1
27,4,303.26,118.16,102.94,78.25,1,-1,-1,-1
27,5,1517.43,118.66,101.83,73.90,1,-1,-1,-1
27,7,1632.60,120.84,106.92,71.11,1,-1,-1,-1
28,2,1800.38,453.99,117.10,156.67,1,-1,-1,-1
28,3,775.59,319.28,114.71,172.06,1,-1,-1,-1
28,4,306.72,118.99,99.25,75.39,1,-1,-1,-1
28,5,1516.61,118.87,103.02,73.39,1,-1,-1,-1
28,7,1633.07,120.96,103.25,71.68,1,-1,-1,-1
28,9,172.60,125.32,110.50,73.49,1,-1,-1,-1
29,2,1804.22,452.82,117.15,158.42,1,-1,-1,-1
29,3,780.88,315.51,112.78,165.87,1,-1,-1,-1
29,4,307.65,118.79,98.99,75.04,1,-1,-1,-1
29,5,1516.38,118.86,103.09,73.37,1,-1,-1,-1
29,7,1632.63,121.18,103.12,71.74,1,-1,-1,-1
29,9,171.28,124.54,110.23,73.45,1,-1,-1,-1
30,3,791.35,320.39,109.54,157.37,1,-1,-1,-1
30,4,309.90,118.48,94.31,74.62,1,-1,-1,-1
30,5,1517.87,119.00,101.31,73.50,1,-1,-1,-1
30,7,1634.80,121.44,101.96,70.96,1,-1,-1,-1
30,9,169.19,122.83,109.83,73.94,1,-1,-1,-1
31,3,796.75,295.68,123.72,192.93,1,-1,-1,-1
31,4,308.34,118.99,94.78,73.14,1,-1,-1,-1
31,5,1516.89,119.57,103.00,72.58,1,-1,-1,-1
31,7,1637.10,121.59,100.05,69.85,1,-1,-1,-1
31,9,171.94,119.81,103.25,75.53,1,-1,-1,-1
32,3,806.89,291.88,125.33,197.89,1,-1,-1,-1
32,4,307.24,117.84,96.61,74.92,1,-1,-1,-1
32,5,1518.20,118.31,98.87,74.95,1,-1,-1,-1
32,7,1647.70,121.26,86.69,68.79,1,-1,-1,-1
32,9,177.68,120.19,95.95,72.81,1,-1,-1,-1
33,3,811.58,290.26,125.61,200.12,1,-1,-1,-1
33,4,307.09,117.76,96.68,74.83,1,-1,-1,-1
33,5,1517.65,118.00,98.98,75.24,1,-1,-1,-1
33,7,1649.78,120.82,86.68,68.78,1,-1,-1,-1
33,9,179.19,119.84,95.88,72.79,1,-1,-1,-1
33,11,1795.31,53.23,125.24,132.84,1,-1,-1,-1
34,3,811.06,286.83,137.94,206.90,1,-1,-1,-1
34,4,306.12,117.90,98.66,74.57,1,-1,-1,-1
34,5,1517.53,118.35,101.45,74.40,1,-1,-1,-1
34,7,1641.77,119.87,96.79,71.70,1,-1,-1,-1
34,9,183.00,120.42,92.25,71.91,1,-1,-1,-1
35,3,824.57,280.91,132.30,216.64,1,-1,-1,-1
35,4,305.07,117.89,102.15,74.10,1,-1,-1,-1
35,5,1516.79,118.06,102.52,75.13,1,-1,-1,-1
35,7,1642.78,120.41,94.46,70.75,1,-1,-1,-1
35,9,183.82,120.99,92.55,72.00,1,-1,-1,-1
36,3,830.59,280.75,130.91,216.55,1,-1,-1,-1
36,4,305.51,117.77,102.06,74.09,1,-1,-1,-1
36,5,1516.20,118.13,103.05,75.38,1,-1,-1,-1
36,7,1637.63,121.54,99.27,68.58,1,-1,-1,-1
36,9,184.19,121.46,92.53,71.99,1,-1,-1,-1
37,3,833.69,301.82,135.99,190.71,1,-1,-1,-1
37,4,304.71,117.39,106.70,75.10,1,-1,-1,-1
37,5,1514.60,118.82,105.53,74.39,1,-1,-1,-1
37,7,1636.10,121.67,103.20,69.16,1,-1,-1,-1
37,9,177.40,121.29,101.87,72.78,1,-1,-1,-1
38,3,835.46,282.32,162.26,220.14,1,-1,-1,-1
38,4,308.18,117.34,93.47,74.88,1,-1,-1,-1
38,5,1517.34,117.85,100.95,77.38,1,-1,-1,-1
38,7,1646.03,121.05,89.32,69.76,1,-1,-1,-1
39,3,846.96,317.00,168.23,171.67,1,-1,-1,-1
39,4,306.70,116.75,93.23,75.98,1,-1,-1,-1
39,5,1515.75,118.38,104.22,76.64,1,-1,-1,-1
39,7,1637.30,122.02,104.19,68.68,1,-1,-1,-1
39,12,1355.32,322.33,139.58,117.75,1,-1,-1,-1
40,3,860.23,289.87,168.20,212.98,1,-1,-1,-1
40,4,305.69,116.78,94.43,76.10,1,-1,-1,-1
40,5,1516.37,119.08,102.86,74.22,1,-1,-1,-1
40,7,1637.32,122.54,103.43,67.51,1,-1,-1,-1
40,9,183.33,123.22,90.80,66.85,1,-1,-1,-1
40,12,1356.74,320.55,152.56,119.17,1,-1,-1,-1
41,3,866.04,284.28,168.26,214.70,1,-1,-1,-1
41,4,305.40,116.82,94.71,76.19,1,-1,-1,-1
41,5,1517.54,118.38,100.29,75.48,1,-1,-1,-1
41,7,1637.18,122.46,103.70,67.55,1,-1,-1,-1
41,9,183.49,122.98,90.76,66.77,1,-1,-1,-1
41,12,1369.26,318.10,152.85,120.25,1,-1,-1,-1
42,3,874.18,316.63,171.22,162.84,1,-1,-1,-1
42,4,303.80,117.52,96.07,74.98,1,-1,-1,-1
42,5,1518.42,119.19,98.65,71.26,1,-1,-1,-1
42,7,1648.56,122.43,83.27,66.29,1,-1,-1,-1
42,12,1384.40,307.62,177.37,125.31,1,-1,-1,-1
43,3,877.90,320.16,171.59,163.37,1,-1,-1,-1
43,4,303.44,117.51,96.06,75.25,1,-1,-1,-1
43,5,1518.55,118.36,98.46,71.58,1,-1,-1,-1
43,7,1649.64,122.04,82.73,66.27,1,-1,-1,-1
43,12,1401.69,302.81,177.44,124.86,1,-1,-1,-1
44,3,878.34,317.33,175.50,160.10,1,-1,-1,-1
44,4,304.15,117.17,95.17,76.17,1,-1,-1,-1
44,5,1518.78,118.35,98.19,70.68,1,-1,-1,-1
44,7,1643.18,121.60,91.91,67.38,1,-1,-1,-1
44,12,1422.18,293.34,183.78,125.80,1,-1,-1,-1
45,3,878.48,315.14,175.69,158.93,1,-1,-1,-1
45,4,304.33,117.18,95.30,76.34,1,-1,-1,-1
45,5,1518.88,118.17,98.07,70.67,1,-1,-1,-1
45,7,1638.50,122.24,97.85,66.65,1,-1,-1,-1
45,12,1433.48,289.28,183.92,124.82,1,-1,-1,-1
46,3,874.90,297.27,180.58,175.23,1,-1,-1,-1
46,4,306.21,117.03,91.92,76.51,1,-1,-1,-1
46,5,1517.79,117.19,99.77,75.31,1,-1,-1,-1
46,7,1638.08,122.39,97.14,66.86,1,-1,-1,-1
46,12,1453.62,282.34,182.00,123.81,1,-1,-1,-1
47,3,873.87,291.87,180.31,175.23,1,-1,-1,-1
47,4,306.29,117.00,92.02,76.44,1,-1,-1,-1
47,5,1517.64,118.01,99.77,75.30,1,-1,-1,-1
47,7,1637.79,122.56,97.08,66.80,1,-1,-1,-1
47,12,1462.30,278.92,181.64,123.64,1,-1,-1,-1
48,3,868.79,284.69,186.76,180.05,1,-1,-1,-1
48,4,307.09,116.97,91.54,76.53,1,-1,-1,-1
48,5,1518.12,119.11,99.13,72.51,1,-1,-1,-1
48,7,1645.36,121.63,87.32,67.13,1,-1,-1,-1
48,12,1470.71,275.03,185.96,126.47,1,-1,-1,-1
49,3,862.35,282.94,194.55,176.00,1,-1,-1,-1
49,4,309.35,117.52,93.93,77.10,1,-1,-1,-1
49,5,1518.90,118.89,98.54,72.34,1,-1,-1,-1
49,7,1651.35,121.34,80.92,67.98,1,-1,-1,-1
49,12,1487.17,263.49,192.06,132.86,1,-1,-1,-1
50,3,854.38,280.97,202.52,175.18,1,-1,-1,-1
50,4,309.18,118.95,95.78,74.28,1,-1,-1,-1
50,5,1519.70,118.70,97.85,72.29,1,-1,-1,-1
50,7,1649.04,121.06,86.84,67.37,1,-1,-1,-1
50,12,1502.09,259.71,193.95,128.71,1,-1,-1,-1
51,3,846.34,263.12,211.12,191.33,1,-1,-1,-1
51,4,311.29,119.01,93.36,73.32,1,-1,-1,-1
51,5,1516.38,118.24,102.12,73.81,1,-1,-1,-1
51,7,1646.85,120.65,89.75,67.72,1,-1,-1,-1
51,9,182.14,122.51,112.59,72.74,1,-1,-1,-1
51,12,1513.97,254.99,195.30,131.34,1,-1,-1,-1
51,13,555.95,1042.06,175.83,37.29,1,-1,-1,-1
52,3,839.58,256.71,216.85,188.66,1,-1,-1,-1
52,4,312.32,118.76,90.58,72.26,1,-1,-1,-1
52,5,1515.68,115.90,102.35,85.23,1,-1,-1,-1
52,7,1651.41,120.75,81.74,68.41,1,-1,-1,-1
52,12,1524.89,253.10,192.59,130.32,1,-1,-1,-1
52,13,557.70,1042.13,174.08,37.42,1,-1,-1,-1
53,3,834.85,256.87,217.93,178.90,1,-1,-1,-1
53,4,307.79,117.77,95.21,73.60,1,-1,-1,-1
53,5,1509.61,118.62,110.72,80.02,1,-1,-1,-1
53,7,1652.40,121.20,80.88,68.23,1,-1,-1,-1
53,12,1534.42,250.13,192.83,130.55,1,-1,-1,-1
53,13,559.11,1042.81,174.69,36.74,1,-1,-1,-1
54,3,831.94,252.49,217.66,178.34,1,-1,-1,-1
54,4,307.40,117.68,92.96,73.90,1,-1,-1,-1
54,5,1514.67,119.71,102.53,75.38,1,-1,-1,-1
54,7,1650.89,121.35,83.33,69.43,1,-1,-1,-1
54,9,181.89,122.82,96.58,69.41,1,-1,-1,-1
54,12,1541.28,245.11,201.74,130.59,1,-1,-1,-1
54,13,558.66,1041.55,176.83,38.81,1,-1,-1,-1
55,3,830.68,250.71,217.67,178.24,1,-1,-1,-1
55,4,306.48,117.73,93.18,74.03,1,-1,-1,-1
55,5,1515.36,118.95,102.44,75.00,1,-1,-1,-1
55,7,1650.55,121.79,83.42,69.29,1,-1,-1,-1
55,9,179.77,122.47,96.73,69.30,1,-1,-1,-1
55,12,1545.95,242.90,201.61,130.43,1,-1,-1,-1
55,13,559.52,1040.33,175.45,40.13,1,-1,-1,-1
56,3,829.24,248.04,210.90,174.79,1,-1,-1,-1
56,4,305.53,117.14,95.20,76.82,1,-1,-1,-1
56,5,1516.93,118.71,100.91,73.47,1,-1,-1,-1
56,7,1651.66,121.72,81.97,69.63,1,-1,-1,-1
56,9,181.48,122.43,92.68,68.36,1,-1,-1,-1
56,12,1556.47,232.67,203.58,141.56,1,-1,-1,-1
57,3,826.68,246.16,211.69,174.93,1,-1,-1,-1
57,4,305.24,117.31,96.80,78.02,1,-1,-1,-1
57,5,1517.44,118.16,100.85,73.42,1,-1,-1,-1
57,7,1651.82,121.82,81.94,69.37,1,-1,-1,-1
57,9,181.53,122.18,92.76,68.39,1,-1,-1,-1
57,12,1561.64,230.38,203.82,141.74,1,-1,-1,-1
58,3,816.99,235.96,213.52,180.01,1,-1,-1,-1
58,4,304.02,116.37,100.23,84.79,1,-1,-1,-1
58,5,1517.15,118.20,101.41,72.38,1,-1,-1,-1
58,7,1655.34,122.34,77.59,66.67,1,-1,-1,-1
58,9,182.50,121.81,91.66,69.94,1,-1,-1,-1
58,12,1570.44,226.05,207.79,145.83,1,-1,-1,-1
59,3,812.34,231.46,214.36,181.14,1,-1,-1,-1
59,4,304.20,117.56,100.55,85.27,1,-1,-1,-1
59,7,1655.65,121.90,78.18,66.59,1,-1,-1,-1
59,9,182.97,122.13,91.74,69.89,1,-1,-1,-1
59,12,1575.45,225.22,207.74,145.93,1,-1,-1,-1
60,3,804.43,226.09,208.87,184.25,1,-1,-1,-1
60,4,304.82,119.41,97.61,78.28,1,-1,-1,-1
60,7,1636.64,120.38,104.34,70.63,1,-1,-1,-1
60,9,182.33,120.62,93.64,77.20,1,-1,-1,-1
60,12,1581.57,223.28,215.33,148.81,1,-1,-1,-1
61,7,1633.33,115.49,102.29,74.69,1,-1,-1,-1
61,12,1629.55,238.10,151.04,171.93,1,-1,-1,-1
62,7,1629.85,117.64,102.54,69.06,1,-1,-1,-1
62,12,1634.96,255.91,162.36,170.92,1,-1,-1,-1
62,14,978.75,371.10,215.48,197.60,1,-1,-1,-1
63,7,1628.36,117.34,102.49,68.99,1,-1,-1,-1
63,12,1638.15,255.40,179.47,184.31,1,-1,-1,-1
63,14,977.27,369.37,221.20,199.62,1,-1,-1,-1
63,15,154.44,1032.51,158.09,47.51,1,-1,-1,-1
64,7,1627.94,116.57,102.55,69.73,1,-1,-1,-1
64,12,1642.49,254.66,187.53,186.65,1,-1,-1,-1
64,14,978.57,367.39,224.88,200.62,1,-1,-1,-1
64,15,154.10,1032.49,158.48,47.54,1,-1,-1,-1
65,7,1628.74,111.62,102.91,76.72,1,-1,-1,-1
65,12,1642.94,251.04,204.81,191.81,1,-1,-1,-1
65,14,982.58,370.37,226.29,193.25,1,-1,-1,-1
65,15,153.75,1032.47,158.73,47.55,1,-1,-1,-1
66,7,1629.64,110.95,102.71,76.72,1,-1,-1,-1
66,12,1646.54,249.51,205.31,191.82,1,-1,-1,-1
66,14,985.42,370.21,226.23,193.06,1,-1,-1,-1
66,15,153.70,1032.49,158.58,47.50,1,-1,-1,-1
67,7,1629.99,110.81,102.78,76.66,1,-1,-1,-1
67,12,1664.65,243.28,201.88,201.98,1,-1,-1,-1
67,14,983.75,362.95,235.23,201.49,1,-1,-1,-1
67,15,153.41,1032.56,159.08,47.42,1,-1,-1,-1
68,7,1629.65,111.07,103.50,76.26,1,-1,-1,-1
68,12,1675.92,239.02,211.76,209.63,1,-1,-1,-1
68,14,985.78,363.50,234.83,197.54,1,-1,-1,-1
68,15,153.26,1032.56,159.07,47.43,1,-1,-1,-1
69,7,1629.64,110.53,103.50,77.06,1,-1,-1,-1
69,12,1683.85,238.39,211.48,209.95,1,-1,-1,-1
69,14,986.35,362.88,235.05,197.68,1,-1,-1,-1
69,15,153.04,1032.55,159.47,47.46,1,-1,-1,-1
70,7,1630.06,110.58,103.09,76.93,1,-1,-1,-1
70,12,1677.94,234.50,229.44,214.04,1,-1,-1,-1
70,14,993.01,363.36,223.60,194.66,1,-1,-1,-1
70,15,152.87,1032.57,159.50,47.43,1,-1,-1,-1
71,12,1716.81,234.84,193.20,215.60,1,-1,-1,-1
71,14,997.89,358.00,223.97,194.53,1,-1,-1,-1
71,15,153.08,1032.57,159.19,47.43,1,-1,-1,-1
72,12,1741.04,296.19,176.13,144.68,1,-1,-1,-1
72,14,1000.79,354.33,224.08,194.56,1,-1,-1,-1
72,15,153.28,1032.57,159.16,47.44,1,-1,-1,-1
73,12,1747.36,311.13,177.08,144.48,1,-1,-1,-1
73,14,1002.14,352.54,224.00,194.83,1,-1,-1,-1
73,15,153.35,1032.54,159.07,47.47,1,-1,-1,-1
74,12,1773.59,316.74,146.56,152.28,1,-1,-1,-1
74,14,1003.33,352.72,225.26,188.01,1,-1,-1,-1
74,15,153.56,1032.73,158.38,47.22,1,-1,-1,-1
75,12,1778.29,322.37,146.19,149.31,1,-1,-1,-1
75,14,1005.10,350.81,224.34,186.19,1,-1,-1,-1
75,15,153.00,1032.53,159.33,47.52,1,-1,-1,-1
76,12,1777.07,327.79,148.57,145.02,1,-1,-1,-1
76,14,1006.95,348.17,221.28,185.82,1,-1,-1,-1
76,15,153.35,1032.53,158.97,47.48,1,-1,-1,-1
77,14,1012.13,346.11,213.38,184.86,1,-1,-1,-1
77,15,153.36,1032.50,159.16,47.50,1,-1,-1,-1
78,14,1012.68,344.75,213.39,185.29,1,-1,-1,-1
78,15,153.51,1032.52,159.02,47.47,1,-1,-1,-1
79,12,1798.58,326.51,122.72,151.98,1,-1,-1,-1
79,14,1018.40,343.94,204.69,182.23,1,-1,-1,-1
79,15,153.34,1032.37,159.78,47.66,1,-1,-1,-1
80,7,1634.57,115.32,98.81,72.97,1,-1,-1,-1
80,12,1804.64,345.64,115.00,127.00,1,-1,-1,-1
80,14,1020.94,343.21,201.68,180.25,1,-1,-1,-1
80,15,153.51,1032.31,159.64,47.70,1,-1,-1,-1
81,12,1808.60,350.57,111.58,127.02,1,-1,-1,-1
81,14,1024.60,342.75,197.01,178.83,1,-1,-1,-1
81,15,153.02,1032.30,159.94,47.69,1,-1,-1,-1
82,12,1811.58,353.68,108.85,126.64,1,-1,-1,-1
82,14,1025.57,343.77,197.45,176.20,1,-1,-1,-1
82,15,152.73,1032.33,160.37,47.65,1,-1,-1,-1
83,12,1812.99,356.34,107.15,134.19,1,-1,-1,-1
83,14,1025.83,341.74,202.43,175.90,1,-1,-1,-1
83,15,152.68,1032.36,160.54,47.62,1,-1,-1,-1
84,12,1815.48,372.03,104.01,121.49,1,-1,-1,-1
84,14,1026.13,338.58,206.18,176.91,1,-1,-1,-1
84,15,153.07,1032.23,159.93,47.80,1,-1,-1,-1
85,12,1819.51,364.81,99.46,136.67,1,-1,-1,-1
85,14,1027.11,335.45,207.64,176.73,1,-1,-1,-1
85,15,154.27,1032.29,158.35,47.69,1,-1,-1,-1
86,12,1825.02,363.99,93.57,140.08,1,-1,-1,-1
86,14,1027.41,332.84,209.85,175.15,1,-1,-1,-1
86,15,154.66,1032.26,158.32,47.74,1,-1,-1,-1
87,12,1829.59,373.68,89.31,126.99,1,-1,-1,-1
87,14,1027.94,330.30,210.09,174.91,1,-1,-1,-1
87,15,154.89,1032.22,158.62,47.79,1,-1,-1,-1
88,7,1642.84,120.95,88.75,67.29,1,-1,-1,-1
88,12,1834.68,374.89,84.33,128.12,1,-1,-1,-1
88,14,1030.06,329.04,209.69,172.75,1,-1,-1,-1
88,15,154.70,1032.19,158.93,47.81,1,-1,-1,-1
89,7,1633.24,117.12,102.39,72.15,1,-1,-1,-1
89,12,1838.84,382.79,80.62,117.41,1,-1,-1,-1
89,14,1034.36,327.38,206.15,171.81,1,-1,-1,-1
89,15,154.75,1032.20,158.61,47.79,1,-1,-1,-1
90,7,1640.50,120.32,90.10,67.35,1,-1,-1,-1
90,12,1839.32,385.22,81.55,117.10,1,-1,-1,-1
90,14,1036.24,325.54,206.24,171.60,1,-1,-1,-1
90,15,154.81,1032.19,158.51,47.81,1,-1,-1,-1
91,7,1641.58,120.83,89.67,67.29,1,-1,-1,-1
91,12,1839.54,386.33,81.55,116.79,1,-1,-1,-1
91,14,1037.02,324.80,206.04,171.58,1,-1,-1,-1
91,15,154.85,1032.17,158.32,47.83,1,-1,-1,-1
92,7,1641.10,121.08,90.88,67.28,1,-1,-1,-1
92,12,1836.95,381.57,84.39,133.16,1,-1,-1,-1
92,14,1037.50,324.69,205.22,168.50,1,-1,-1,-1
92,15,154.56,1032.11,158.78,47.90,1,-1,-1,-1
93,7,1642.12,121.22,89.61,67.18,1,-1,-1,-1
93,12,1836.19,383.24,84.27,133.18,1,-1,-1,-1
93,14,1037.33,324.01,205.34,168.51,1,-1,-1,-1
93,15,154.65,1032.10,158.70,47.90,1,-1,-1,-1
94,7,1640.13,121.10,92.40,67.43,1,-1,-1,-1
94,12,1830.66,392.10,90.31,128.05,1,-1,-1,-1
94,14,1045.68,323.86,195.84,163.86,1,-1,-1,-1
94,15,154.45,1032.15,158.64,47.83,1,-1,-1,-1
95,7,1637.39,120.85,95.42,67.78,1,-1,-1,-1
95,12,1826.30,407.70,94.00,111.33,1,-1,-1,-1
95,14,1046.32,321.70,198.80,162.88,1,-1,-1,-1
95,15,155.09,1032.26,157.80,47.70,1,-1,-1,-1
96,7,1631.27,115.14,103.83,75.10,1,-1,-1,-1
96,12,1824.13,399.64,95.07,128.50,1,-1,-1,-1
96,14,1048.14,320.04,197.83,160.47,1,-1,-1,-1
96,15,154.69,1032.26,158.28,47.74,1,-1,-1,-1
97,7,1630.02,114.01,104.02,75.36,1,-1,-1,-1
97,12,1821.09,404.05,98.01,126.76,1,-1,-1,-1
97,14,1051.07,318.32,194.73,159.56,1,-1,-1,-1
97,15,154.78,1032.29,157.83,47.71,1,-1,-1,-1
98,7,1629.42,113.42,104.11,75.52,1,-1,-1,-1
98,12,1820.20,407.50,98.26,124.53,1,-1,-1,-1
98,14,1051.41,317.42,195.05,159.55,1,-1,-1,-1
98,15,154.61,1032.24,158.04,47.78,1,-1,-1,-1
99,7,1634.95,118.84,95.56,68.10,1,-1,-1,-1
99,12,1819.21,407.31,99.26,130.07,1,-1,-1,-1
99,14,1053.65,316.91,188.90,155.98,1,-1,-1,-1
99,15,154.81,1032.25,157.85,47.75,1,-1,-1,-1
100,7,1630.84,115.24,103.20,74.34,1,-1,-1,-1
100,12,1824.11,402.74,93.16,138.08,1,-1,-1,-1
100,14,1056.14,316.63,183.15,153.60,1,-1,-1,-1
100,15,154.94,1032.25,157.56,47.75,1,-1,-1,-1
101,7,1631.51,116.01,102.18,73.87,1,-1,-1,-1
101,14,1057.72,315.29,175.50,153.06,1,-1,-1,-1
101,15,154.79,1032.20,157.31,47.82,1,-1,-1,-1
102,7,1636.69,119.82,94.47,68.07,1,-1,-1,-1
102,14,1057.09,312.55,173.89,154.17,1,-1,-1,-1
102,15,154.21,1032.11,157.38,47.91,1,-1,-1,-1
103,7,1636.22,120.12,96.01,68.37,1,-1,-1,-1
103,14,1057.91,311.51,169.77,152.16,1,-1,-1,-1
104,7,1636.76,120.37,95.48,68.39,1,-1,-1,-1
104,14,1058.60,320.57,170.85,140.26,1,-1,-1,-1
104,15,153.81,1032.20,158.10,47.78,1,-1,-1,-1
105,7,1635.78,120.33,96.85,68.68,1,-1,-1,-1
105,14,1059.87,308.95,172.12,154.53,1,-1,-1,-1
105,17,311.29,118.18,85.80,76.08,1,-1,-1,-1
106,7,1636.19,120.27,96.14,68.79,1,-1,-1,-1
106,14,1060.86,305.48,172.27,153.65,1,-1,-1,-1
106,15,153.24,1032.22,159.68,47.77,1,-1,-1,-1
107,7,1635.45,119.99,97.15,69.57,1,-1,-1,-1
107,14,1061.57,303.53,172.00,153.62,1,-1,-1,-1
107,15,153.14,1032.18,159.96,47.83,1,-1,-1,-1
108,7,1635.18,119.95,97.34,69.69,1,-1,-1,-1
108,14,1061.61,302.78,173.77,152.40,1,-1,-1,-1
108,15,152.55,1032.22,160.86,47.77,1,-1,-1,-1
108,17,311.97,118.00,85.22,75.93,1,-1,-1,-1
109,7,1634.95,120.01,97.51,69.49,1,-1,-1,-1
109,14,1061.86,301.12,177.06,152.84,1,-1,-1,-1
110,7,1635.17,120.05,97.18,69.44,1,-1,-1,-1
110,14,1061.25,299.33,182.23,154.65,1,-1,-1,-1
110,15,156.46,1032.23,155.97,47.76,1,-1,-1,-1
110,17,311.59,117.98,85.86,76.10,1,-1,-1,-1
111,7,1634.99,120.10,97.46,69.40,1,-1,-1,-1
111,14,1063.45,299.79,182.37,152.34,1,-1,-1,-1
111,15,154.79,1032.22,158.58,47.79,1,-1,-1,-1
111,17,311.97,117.83,85.18,76.42,1,-1,-1,-1
112,7,1635.08,120.23,97.39,69.23,1,-1,-1,-1
112,14,1067.36,298.45,179.09,152.07,1,-1,-1,-1
112,15,154.32,1032.17,159.12,47.84,1,-1,-1,-1
113,7,1634.93,120.43,97.63,68.73,1,-1,-1,-1
113,14,1068.09,296.34,185.96,150.54,1,-1,-1,-1
113,15,154.63,1032.16,158.45,47.85,1,-1,-1,-1
113,17,311.55,117.85,85.68,75.99,1,-1,-1,-1
114,7,1635.93,120.44,96.39,68.62,1,-1,-1,-1
114,14,1070.34,293.66,191.59,149.71,1,-1,-1,-1
114,15,154.46,1032.12,159.00,47.88,1,-1,-1,-1
115,7,1636.19,120.45,96.38,68.55,1,-1,-1,-1
115,14,1081.90,294.42,186.41,145.98,1,-1,-1,-1
115,15,154.69,1032.12,158.62,47.88,1,-1,-1,-1
116,7,1636.35,120.39,96.32,68.60,1,-1,-1,-1
116,14,1092.32,294.05,180.00,143.85,1,-1,-1,-1
116,15,155.23,1032.17,157.96,47.81,1,-1,-1,-1
117,7,1635.76,120.21,97.08,68.92,1,-1,-1,-1
117,14,1098.30,293.43,178.80,143.74,1,-1,-1,-1
117,15,155.49,1032.24,158.09,47.74,1,-1,-1,-1
118,14,1105.02,293.57,173.55,141.95,1,-1,-1,-1
118,15,156.00,1032.29,157.72,47.69,1,-1,-1,-1
119,14,1106.58,293.35,173.39,141.97,1,-1,-1,-1
119,15,156.44,1032.36,157.51,47.63,1,-1,-1,-1
120,7,1629.99,115.36,104.91,76.46,1,-1,-1,-1
120,14,1113.06,292.03,169.45,141.78,1,-1,-1,-1
120,15,156.08,1032.53,157.21,47.43,1,-1,-1,-1
120,17,311.27,117.87,85.89,76.48,1,-1,-1,-1
121,7,1629.81,115.39,104.65,76.27,1,-1,-1,-1
121,14,1119.30,289.82,169.43,144.28,1,-1,-1,-1
121,15,155.37,1032.55,157.68,47.46,1,-1,-1,-1
121,17,311.14,117.95,86.10,76.33,1,-1,-1,-1
122,7,1629.85,115.41,104.43,76.10,1,-1,-1,-1
122,14,1127.13,290.50,175.44,142.72,1,-1,-1,-1
122,15,155.01,1032.53,157.49,47.50,1,-1,-1,-1
122,17,311.32,117.98,85.92,76.18,1,-1,-1,-1
122,18,1522.50,119.67,92.85,69.70,1,-1,-1,-1
123,7,1632.92,119.29,99.15,70.14,1,-1,-1,-1
123,14,1132.53,290.61,175.86,142.71,1,-1,-1,-1
123,15,154.94,1032.52,157.35,47.50,1,-1,-1,-1
123,17,309.74,117.34,87.54,77.47,1,-1,-1,-1
123,18,1522.10,119.36,93.15,69.75,1,-1,-1,-1
124,7,1633.34,119.87,98.97,70.06,1,-1,-1,-1
124,14,1144.88,289.83,172.31,143.04,1,-1,-1,-1
124,15,153.69,1032.44,158.78,47.59,1,-1,-1,-1
124,17,311.00,117.86,85.82,76.24,1,-1,-1,-1
124,18,1521.69,118.82,93.15,69.93,1,-1,-1,-1
125,7,1633.37,120.15,99.22,69.88,1,-1,-1,-1
125,14,1152.40,289.05,173.76,144.54,1,-1,-1,-1
125,15,146.64,1032.16,167.46,47.92,1,-1,-1,-1
125,17,311.21,117.74,85.77,76.14,1,-1,-1,-1
126,7,1633.55,120.26,99.04,69.77,1,-1,-1,-1
126,14,1159.02,290.25,177.71,141.35,1,-1,-1,-1
126,15,157.65,1032.47,152.75,47.45,1,-1,-1,-1
126,17,311.14,117.63,86.05,76.06,1,-1,-1,-1
127,7,1634.08,120.25,98.39,69.84,1,-1,-1,-1
127,14,1167.07,289.49,176.50,142.02,1,-1,-1,-1
127,15,155.02,1032.37,158.08,47.63,1,-1,-1,-1
127,17,311.06,117.65,86.10,75.86,1,-1,-1,-1
128,7,1634.39,120.22,98.11,69.89,1,-1,-1,-1
128,14,1175.73,289.79,171.24,140.78,1,-1,-1,-1
128,15,155.53,1032.44,157.41,47.54,1,-1,-1,-1
129,7,1634.41,120.13,98.12,70.16,1,-1,-1,-1
129,14,1182.11,287.99,176.48,144.46,1,-1,-1,-1
129,15,155.44,1032.44,157.31,47.55,1,-1,-1,-1
130,7,1634.63,120.27,97.79,69.79,1,-1,-1,-1
130,14,1191.67,288.34,168.98,143.84,1,-1,-1,-1
130,15,155.22,1032.47,157.32,47.53,1,-1,-1,-1
131,7,1634.74,120.23,97.66,69.82,1,-1,-1,-1
131,14,1201.02,289.23,159.66,143.33,1,-1,-1,-1
131,15,154.70,1032.46,157.65,47.54,1,-1,-1,-1
132,7,1634.53,120.34,98.00,69.44,1,-1,-1,-1
132,14,1210.44,289.19,151.75,142.52,1,-1,-1,-1
132,15,154.89,1032.45,157.10,47.56,1,-1,-1,-1
132,17,311.23,117.70,85.52,75.70,1,-1,-1,-1
133,7,1634.34,120.22,98.20,69.51,1,-1,-1,-1
133,14,1219.21,287.92,141.68,144.90,1,-1,-1,-1
133,15,154.57,1032.39,157.61,47.63,1,-1,-1,-1
133,17,310.87,117.71,86.17,75.77,1,-1,-1,-1
134,7,1634.06,120.13,98.52,69.67,1,-1,-1,-1
134,14,1225.41,286.81,140.86,147.86,1,-1,-1,-1
134,15,154.65,1032.38,157.39,47.63,1,-1,-1,-1
134,17,311.11,117.73,85.84,75.79,1,-1,-1,-1
135,7,1633.71,120.11,98.92,69.62,1,-1,-1,-1
135,14,1227.74,286.91,141.24,147.79,1,-1,-1,-1
135,15,154.37,1032.35,157.46,47.65,1,-1,-1,-1
135,17,311.08,117.75,86.12,75.87,1,-1,-1,-1
136,7,1633.46,120.13,99.14,69.52,1,-1,-1,-1
136,14,1243.40,288.51,131.25,143.15,1,-1,-1,-1
136,15,154.32,1032.31,157.35,47.69,1,-1,-1,-1
136,17,311.40,117.78,85.82,75.83,1,-1,-1,-1
137,7,1633.25,120.12,99.30,69.46,1,-1,-1,-1
137,14,1248.82,288.29,131.39,142.96,1,-1,-1,-1
137,15,154.35,1032.31,157.26,47.69,1,-1,-1,-1
138,7,1633.31,120.11,99.13,69.43,1,-1,-1,-1
138,14,1261.23,285.38,128.98,152.20,1,-1,-1,-1
138,15,154.59,1032.32,156.87,47.67,1,-1,-1,-1
138,17,311.73,117.69,85.45,75.83,1,-1,-1,-1
139,7,1629.97,116.22,104.94,75.23,1,-1,-1,-1
139,14,1282.64,290.86,94.70,138.57,1,-1,-1,-1
139,15,154.79,1032.36,156.72,47.62,1,-1,-1,-1
139,17,311.82,117.70,85.17,75.58,1,-1,-1,-1
139,19,184.95,121.53,88.33,65.19,1,-1,-1,-1
140,7,1630.44,116.28,103.83,74.93,1,-1,-1,-1
140,17,312.33,117.55,84.74,75.78,1,-1,-1,-1
140,19,184.51,121.66,89.00,64.93,1,-1,-1,-1
141,7,1629.53,115.04,105.03,76.53,1,-1,-1,-1
141,17,312.43,117.50,84.70,75.90,1,-1,-1,-1
141,19,184.43,121.78,88.83,64.68,1,-1,-1,-1
141,20,1524.72,119.59,90.11,68.80,1,-1,-1,-1
142,7,1629.94,115.80,104.31,75.58,1,-1,-1,-1
142,14,1303.38,287.47,80.20,139.25,1,-1,-1,-1
142,17,312.43,117.57,84.65,75.62,1,-1,-1,-1
142,19,184.42,121.76,88.41,64.70,1,-1,-1,-1
142,20,1524.82,119.52,89.97,68.96,1,-1,-1,-1
143,14,1310.11,282.91,83.08,138.08,1,-1,-1,-1
143,17,312.50,117.59,84.34,75.42,1,-1,-1,-1
143,19,184.61,121.75,88.07,64.60,1,-1,-1,-1
144,17,311.01,116.89,85.80,77.10,1,-1,-1,-1
144,19,184.30,121.65,88.64,64.70,1,-1,-1,-1
145,17,310.46,116.95,85.97,77.27,1,-1,-1,-1
145,19,184.21,121.60,88.79,64.80,1,-1,-1,-1
146,17,310.35,117.04,85.84,77.26,1,-1,-1,-1
146,19,184.00,121.62,89.05,64.72,1,-1,-1,-1
146,21,1790.11,461.45,130.20,154.96,1,-1,-1,-1
147,17,311.88,117.75,84.06,75.63,1,-1,-1,-1
147,19,183.62,121.66,89.52,64.64,1,-1,-1,-1
148,17,310.76,117.01,85.74,77.28,1,-1,-1,-1
148,19,183.76,121.73,89.20,64.52,1,-1,-1,-1
149,17,310.54,117.12,85.77,77.06,1,-1,-1,-1
149,19,183.37,121.61,89.87,64.88,1,-1,-1,-1
149,21,1774.75,452.89,148.14,150.37,1,-1,-1,-1
150,17,310.55,117.10,85.60,77.03,1,-1,-1,-1
150,19,183.68,121.67,89.48,64.90,1,-1,-1,-1
150,21,1780.99,412.24,136.68,194.18,1,-1,-1,-1
151,17,310.65,117.04,85.41,77.18,1,-1,-1,-1
151,19,183.70,121.67,89.53,64.96,1,-1,-1,-1
151,21,1768.90,404.22,152.62,190.70,1,-1,-1,-1
152,17,311.37,117.78,85.39,75.26,1,-1,-1,-1
152,19,183.53,121.79,89.77,64.48,1,-1,-1,-1
152,21,1760.05,399.34,161.11,190.72,1,-1,-1,-1
153,17,311.54,117.84,86.27,74.61,1,-1,-1,-1
153,21,1744.90,414.30,177.42,171.39,1,-1,-1,-1
154,17,308.88,117.63,91.08,75.27,1,-1,-1,-1
155,17,307.36,117.25,93.09,77.81,1,-1,-1,-1
155,22,952.70,274.13,142.76,158.05,1,-1,-1,-1
156,17,306.99,117.84,93.58,77.49,1,-1,-1,-1
156,22,952.92,278.42,143.21,153.81,1,-1,-1,-1
157,17,306.45,118.10,94.74,77.35,1,-1,-1,-1
157,22,954.04,279.70,146.74,157.80,1,-1,-1,-1
157,23,625.23,382.68,195.63,160.67,1,-1,-1,-1
158,17,305.61,117.94,96.21,78.28,1,-1,-1,-1
158,22,959.70,309.03,152.50,126.38,1,-1,-1,-1
158,23,621.16,387.01,201.50,156.29,1,-1,-1,-1
158,24,330.14,529.04,255.39,245.24,1,-1,-1,-1
159,17,307.05,118.37,94.16,77.26,1,-1,-1,-1
159,22,966.49,316.43,157.31,131.05,1,-1,-1,-1
159,23,623.66,390.34,199.72,155.96,1,-1,-1,-1
159,24,297.22,528.58,306.95,245.83,1,-1,-1,-1
160,17,309.16,118.52,91.64,76.53,1,-1,-1,-1
160,22,973.50,321.55,157.01,132.41,1,-1,-1,-1
160,23,627.02,392.91,195.47,155.64,1,-1,-1,-1
160,24,326.25,539.29,246.42,210.60,1,-1,-1,-1
160,25,1285.34,610.68,111.65,111.56,1,-1,-1,-1
161,17,309.02,118.34,92.42,76.68,1,-1,-1,-1
161,22,979.94,323.94,158.93,133.46,1,-1,-1,-1
161,23,630.31,393.08,185.12,156.08,1,-1,-1,-1
161,24,285.62,526.01,297.12,236.12,1,-1,-1,-1
161,25,1285.28,610.79,111.75,111.58,1,-1,-1,-1
162,17,309.67,118.35,91.50,76.36,1,-1,-1,-1
162,22,989.41,325.62,157.28,134.22,1,-1,-1,-1
162,23,630.87,393.65,177.39,152.53,1,-1,-1,-1
162,24,276.97,527.50,291.73,231.35,1,-1,-1,-1
162,25,1285.38,611.17,111.62,110.92,1,-1,-1,-1
163,17,310.21,118.22,90.93,76.54,1,-1,-1,-1
163,22,994.22,326.75,161.51,135.65,1,-1,-1,-1
163,23,628.76,390.74,178.45,154.59,1,-1,-1,-1
163,24,278.43,526.69,279.93,230.97,1,-1,-1,-1
163,25,1285.28,610.58,111.82,113.45,1,-1,-1,-1
164,17,310.58,118.16,90.63,76.36,1,-1,-1,-1
164,22,999.28,326.82,165.23,139.29,1,-1,-1,-1
164,23,626.61,386.61,181.45,157.63,1,-1,-1,-1
164,24,288.14,526.08,260.53,230.59,1,-1,-1,-1
164,25,1285.37,611.17,111.72,112.72,1,-1,-1,-1
165,17,310.75,118.08,90.52,76.53,1,-1,-1,-1
165,22,1006.32,328.25,162.97,137.72,1,-1,-1,-1
165,23,625.80,386.25,184.51,155.04,1,-1,-1,-1
165,24,297.03,525.55,250.72,230.08,1,-1,-1,-1
165,25,1285.25,611.47,111.92,111.87,1,-1,-1,-1
166,17,310.68,118.03,90.67,76.64,1,-1,-1,-1
166,22,1010.87,329.61,164.15,136.17,1,-1,-1,-1
166,23,624.42,384.47,182.80,156.39,1,-1,-1,-1
166,24,311.51,524.61,247.18,233.57,1,-1,-1,-1
166,25,1285.19,611.18,112.00,112.63,1,-1,-1,-1
167,17,310.70,118.14,90.62,76.15,1,-1,-1,-1
167,22,1017.68,330.69,163.06,136.86,1,-1,-1,-1
167,23,621.68,384.10,183.52,155.71,1,-1,-1,-1
167,24,314.64,524.53,261.23,231.03,1,-1,-1,-1
167,25,1285.37,611.24,111.72,112.51,1,-1,-1,-1
168,17,309.86,117.96,91.70,76.72,1,-1,-1,-1
168,22,1024.35,332.08,162.47,136.02,1,-1,-1,-1
168,23,621.73,383.94,179.59,154.88,1,-1,-1,-1
168,24,313.52,523.17,281.30,231.84,1,-1,-1,-1
168,25,1285.43,611.35,111.61,111.86,1,-1,-1,-1
169,17,309.57,118.10,91.93,76.38,1,-1,-1,-1
169,22,1032.33,333.66,160.66,134.86,1,-1,-1,-1
169,23,621.66,383.24,174.70,154.52,1,-1,-1,-1
169,24,314.67,521.00,297.03,229.75,1,-1,-1,-1
169,25,1285.36,611.31,111.71,111.43,1,-1,-1,-1
170,17,309.14,117.89,92.32,77.20,1,-1,-1,-1
170,22,1038.45,334.13,165.96,136.66,1,-1,-1,-1
170,23,621.02,382.90,173.93,154.00,1,-1,-1,-1
170,24,321.00,519.49,301.48,224.82,1,-1,-1,-1
170,25,1285.28,610.98,111.72,112.31,1,-1,-1,-1
171,17,308.86,118.15,92.57,76.55,1,-1,-1,-1
171,22,1049.06,335.96,162.70,135.16,1,-1,-1,-1
171,23,620.68,382.85,175.01,153.25,1,-1,-1,-1
171,24,326.66,516.27,302.98,224.10,1,-1,-1,-1
171,25,1285.32,611.09,111.66,112.20,1,-1,-1,-1
172,17,308.61,117.98,92.89,76.90,1,-1,-1,-1
172,22,1055.84,338.84,167.03,134.09,1,-1,-1,-1
172,23,618.27,382.59,181.02,152.81,1,-1,-1,-1
172,24,371.59,515.67,254.50,221.61,1,-1,-1,-1
172,25,1285.32,611.17,111.63,111.96,1,-1,-1,-1
173,17,308.39,117.97,93.14,76.98,1,-1,-1,-1
173,22,1063.00,339.29,169.42,137.55,1,-1,-1,-1
173,23,617.64,382.28,185.08,152.88,1,-1,-1,-1
173,25,1285.19,611.17,111.81,111.87,1,-1,-1,-1
174,17,309.14,118.06,92.12,76.75,1,-1,-1,-1
174,22,1070.49,340.60,171.02,137.98,1,-1,-1,-1
174,23,618.03,382.26,187.33,152.41,1,-1,-1,-1
174,25,1285.28,611.37,111.69,110.76,1,-1,-1,-1
175,17,310.02,118.07,91.24,76.87,1,-1,-1,-1
175,22,1075.09,341.27,175.50,138.85,1,-1,-1,-1
175,23,617.58,382.12,189.89,151.94,1,-1,-1,-1
175,24,363.86,509.85,298.47,219.37,1,-1,-1,-1
175,25,1285.24,611.23,111.80,110.50,1,-1,-1,-1
176,17,310.45,118.10,91.01,76.81,1,-1,-1,-1
176,22,1085.21,342.28,172.75,139.60,1,-1,-1,-1
176,23,618.08,382.05,188.91,151.46,1,-1,-1,-1
176,24,381.10,508.21,285.79,220.12,1,-1,-1,-1
176,25,1285.23,611.03,111.83,110.87,1,-1,-1,-1
177,17,310.29,118.10,91.34,76.81,1,-1,-1,-1
177,22,1095.38,343.16,173.58,141.04,1,-1,-1,-1
177,23,617.67,381.76,185.01,153.36,1,-1,-1,-1
177,24,393.85,508.11,279.64,213.93,1,-1,-1,-1
177,25,1285.28,610.98,111.76,111.23,1,-1,-1,-1
178,17,310.31,118.12,91.31,76.74,1,-1,-1,-1
178,22,1102.59,327.27,177.16,163.14,1,-1,-1,-1
178,23,616.63,381.85,183.12,153.63,1,-1,-1,-1
178,24,416.82,507.22,256.49,213.41,1,-1,-1,-1
178,25,1285.46,611.19,111.45,110.76,1,-1,-1,-1
179,17,309.97,118.20,91.62,76.39,1,-1,-1,-1
179,22,1109.65,297.89,177.70,198.45,1,-1,-1,-1
179,23,616.71,380.77,178.59,153.04,1,-1,-1,-1
179,24,440.41,510.04,236.72,202.70,1,-1,-1,-1
179,25,1285.65,611.18,111.20,110.60,1,-1,-1,-1
180,17,310.24,118.27,91.15,76.03,1,-1,-1,-1
180,22,1118.35,284.32,181.57,208.85,1,-1,-1,-1
180,23,615.66,379.85,177.01,153.10,1,-1,-1,-1
180,24,455.41,506.39,236.68,203.57,1,-1,-1,-1
180,25,1285.39,610.73,111.54,112.66,1,-1,-1,-1
181,17,310.59,118.24,90.66,75.92,1,-1,-1,-1
181,22,1129.14,333.35,178.10,140.65,1,-1,-1,-1
181,23,615.51,379.17,176.56,152.94,1,-1,-1,-1
181,24,472.06,506.06,237.30,199.28,1,-1,-1,-1
181,25,1285.50,611.23,111.30,111.81,1,-1,-1,-1
182,17,310.48,118.10,90.84,76.32,1,-1,-1,-1
182,22,1136.78,343.63,180.56,140.46,1,-1,-1,-1
182,23,619.33,379.21,172.97,151.96,1,-1,-1,-1
182,24,478.24,501.71,252.92,200.48,1,-1,-1,-1
182,25,1285.48,611.45,111.36,110.79,1,-1,-1,-1
183,17,310.00,118.11,91.48,76.57,1,-1,-1,-1
183,22,1148.91,352.06,178.57,136.43,1,-1,-1,-1
183,23,614.23,378.61,181.16,152.92,1,-1,-1,-1
183,24,485.82,504.96,267.12,192.68,1,-1,-1,-1
183,25,1285.19,611.05,111.74,111.75,1,-1,-1,-1
184,17,310.81,118.41,90.16,75.56,1,-1,-1,-1
184,22,1159.99,351.70,171.63,140.84,1,-1,-1,-1
184,23,619.13,378.91,173.60,152.44,1,-1,-1,-1
184,24,491.63,505.17,279.47,193.48,1,-1,-1,-1
184,25,1285.07,611.08,111.87,111.74,1,-1,-1,-1
185,17,310.81,118.27,90.33,75.50,1,-1,-1,-1
185,22,1169.04,351.93,165.88,140.57,1,-1,-1,-1
185,23,618.93,378.74,173.32,152.03,1,-1,-1,-1
185,24,503.24,491.77,277.59,213.01,1,-1,-1,-1
185,25,1285.19,611.16,111.67,111.40,1,-1,-1,-1
186,17,310.79,117.97,90.47,76.37,1,-1,-1,-1
186,22,1180.46,351.37,154.04,141.27,1,-1,-1,-1
186,23,617.76,378.76,174.72,150.49,1,-1,-1,-1
186,24,512.63,498.70,278.85,198.88,1,-1,-1,-1
186,25,1285.30,611.12,111.63,111.20,1,-1,-1,-1
187,17,310.22,118.08,91.30,76.21,1,-1,-1,-1
187,22,1183.29,352.82,160.59,138.83,1,-1,-1,-1
187,23,617.30,378.62,173.29,148.56,1,-1,-1,-1
187,24,522.05,491.58,275.67,205.45,1,-1,-1,-1
187,25,1285.55,611.06,111.37,111.42,1,-1,-1,-1
188,17,310.06,117.99,91.38,76.77,1,-1,-1,-1
188,22,1187.43,352.92,161.76,136.92,1,-1,-1,-1
188,23,612.89,378.21,177.45,146.21,1,-1,-1,-1
188,24,535.91,493.08,262.52,198.42,1,-1,-1,-1
188,25,1285.75,610.91,111.17,111.83,1,-1,-1,-1
189,17,309.06,117.98,92.59,77.23,1,-1,-1,-1
189,22,1191.70,348.63,164.68,141.58,1,-1,-1,-1
189,23,611.46,377.75,176.90,142.94,1,-1,-1,-1
189,24,549.02,487.03,250.86,205.26,1,-1,-1,-1
189,25,1285.50,610.78,111.61,112.57,1,-1,-1,-1
190,17,309.18,117.98,92.24,77.61,1,-1,-1,-1
190,22,1198.31,347.61,163.80,141.44,1,-1,-1,-1
190,23,611.05,376.11,175.93,143.97,1,-1,-1,-1
190,24,562.37,495.79,233.01,190.50,1,-1,-1,-1
190,25,1285.53,610.90,111.56,112.49,1,-1,-1,-1
191,17,309.35,118.16,91.92,77.09,1,-1,-1,-1
191,22,1201.78,351.89,170.20,135.27,1,-1,-1,-1
191,23,610.67,375.71,176.44,143.72,1,-1,-1,-1
191,24,569.60,486.35,231.09,203.45,1,-1,-1,-1
191,25,1285.56,611.11,111.48,111.74,1,-1,-1,-1
192,17,309.10,118.12,92.29,76.97,1,-1,-1,-1
192,22,1210.70,354.43,165.04,133.56,1,-1,-1,-1
192,23,610.87,375.25,176.49,145.02,1,-1,-1,-1
192,24,577.66,494.15,229.98,190.79,1,-1,-1,-1
192,25,1285.56,610.78,111.45,112.86,1,-1,-1,-1
193,17,308.70,118.15,92.80,76.53,1,-1,-1,-1
193,22,1214.89,355.71,167.71,133.74,1,-1,-1,-1
193,23,610.72,375.56,178.94,144.34,1,-1,-1,-1
193,24,587.77,495.02,211.08,190.02,1,-1,-1,-1
193,25,1285.35,610.93,111.72,112.85,1,-1,-1,-1
194,17,308.78,118.03,92.63,76.55,1,-1,-1,-1
194,22,1217.61,354.39,174.70,139.86,1,-1,-1,-1
194,23,611.45,375.85,179.04,143.77,1,-1,-1,-1
194,24,586.17,487.32,226.53,199.39,1,-1,-1,-1
194,25,1285.31,611.19,111.72,111.97,1,-1,-1,-1
195,17,309.03,117.96,92.44,76.66,1,-1,-1,-1
195,22,1223.93,353.68,175.69,144.20,1,-1,-1,-1
195,23,612.89,375.73,175.51,143.80,1,-1,-1,-1
195,24,581.00,481.82,251.90,205.00,1,-1,-1,-1
195,25,1285.40,611.33,111.56,111.01,1,-1,-1,-1
196,17,309.42,118.09,91.96,76.11,1,-1,-1,-1
196,22,1229.61,347.02,173.75,153.43,1,-1,-1,-1
196,23,612.90,375.31,173.94,145.55,1,-1,-1,-1
196,24,583.46,480.13,256.19,205.29,1,-1,-1,-1
196,25,1285.34,610.96,111.60,111.96,1,-1,-1,-1
197,17,309.70,117.85,91.75,76.83,1,-1,-1,-1
197,22,1232.70,344.37,178.09,157.59,1,-1,-1,-1
197,23,612.10,375.83,174.95,145.25,1,-1,-1,-1
197,24,585.32,480.08,256.63,205.69,1,-1,-1,-1
197,25,1285.45,611.01,111.38,111.95,1,-1,-1,-1
198,22,1236.81,345.60,181.44,155.53,1,-1,-1,-1
198,23,612.14,376.26,175.02,144.44,1,-1,-1,-1
198,24,584.24,479.89,258.62,205.63,1,-1,-1,-1
198,25,1285.28,610.89,111.67,112.53,1,-1,-1,-1
199,17,309.89,118.02,91.67,77.02,1,-1,-1,-1
199,22,1239.99,341.41,184.75,162.66,1,-1,-1,-1
199,23,612.19,376.37,175.77,144.31,1,-1,-1,-1
199,24,584.20,478.35,257.60,208.87,1,-1,-1,-1
199,25,1285.38,611.03,111.53,112.31,1,-1,-1,-1
200,17,309.74,118.29,91.86,76.12,1,-1,-1,-1
200,22,1243.21,338.03,190.05,167.09,1,-1,-1,-1
200,23,612.59,376.22,175.64,144.03,1,-1,-1,-1
200,24,584.43,477.83,255.40,210.50,1,-1,-1,-1
200,25,1285.21,610.99,111.69,112.63,1,-1,-1,-1
201,17,310.35,118.25,90.99,76.10,1,-1,-1,-1
201,22,1243.62,334.69,193.12,170.58,1,-1,-1,-1
201,23,612.91,376.20,174.96,143.80,1,-1,-1,-1
201,24,583.77,478.39,254.97,210.13,1,-1,-1,-1
201,25,1285.34,611.44,111.44,111.05,1,-1,-1,-1
202,17,311.50,118.33,89.64,75.81,1,-1,-1,-1
202,22,1255.07,334.49,180.84,169.59,1,-1,-1,-1
202,23,612.40,376.33,176.30,143.38,1,-1,-1,-1
202,24,581.71,477.73,263.74,211.13,1,-1,-1,-1
202,25,1285.39,611.25,111.45,110.78,1,-1,-1,-1
203,17,310.81,118.24,90.90,75.97,1,-1,-1,-1
203,22,1262.64,329.39,177.63,175.29,1,-1,-1,-1
203,23,612.42,376.12,175.70,143.86,1,-1,-1,-1
203,24,583.24,480.75,259.53,206.45,1,-1,-1,-1
203,25,1285.09,610.74,111.91,112.20,1,-1,-1,-1
204,17,310.61,118.20,91.13,76.21,1,-1,-1,-1
204,22,1270.99,326.03,176.13,176.91,1,-1,-1,-1
204,23,612.64,376.01,175.08,144.93,1,-1,-1,-1
204,24,581.74,480.60,262.29,207.44,1,-1,-1,-1
204,25,1285.24,611.17,111.64,110.90,1,-1,-1,-1
205,17,310.04,117.99,91.82,77.33,1,-1,-1,-1
205,22,1278.46,327.01,172.02,171.73,1,-1,-1,-1
205,23,610.72,374.36,182.99,152.93,1,-1,-1,-1
205,24,604.61,484.21,233.72,202.51,1,-1,-1,-1
205,25,1285.18,611.06,111.67,111.19,1,-1,-1,-1
206,17,309.81,118.28,91.86,76.95,1,-1,-1,-1
206,22,1280.90,326.15,176.69,172.93,1,-1,-1,-1
206,23,613.60,377.24,175.81,146.35,1,-1,-1,-1
206,24,587.32,481.43,261.68,207.33,1,-1,-1,-1
206,25,1285.22,611.07,111.57,111.27,1,-1,-1,-1
207,17,310.44,118.41,90.89,76.72,1,-1,-1,-1
207,22,1282.39,326.25,183.20,174.47,1,-1,-1,-1
207,23,613.28,377.19,175.14,145.26,1,-1,-1,-1
207,24,581.52,479.48,275.55,210.07,1,-1,-1,-1
207,25,1285.15,611.23,111.75,110.82,1,-1,-1,-1
208,17,310.02,118.35,91.50,77.13,1,-1,-1,-1
208,23,612.00,376.18,179.71,147.85,1,-1,-1,-1
208,24,603.83,479.95,238.55,208.07,1,-1,-1,-1
208,25,1284.89,610.57,112.02,113.34,1,-1,-1,-1
209,17,309.85,118.47,91.57,76.79,1,-1,-1,-1
209,22,1291.80,326.57,179.23,176.77,1,-1,-1,-1
209,23,613.87,376.62,173.74,146.89,1,-1,-1,-1
209,24,588.25,484.69,260.69,201.91,1,-1,-1,-1
209,25,1284.96,611.02,111.84,112.72,1,-1,-1,-1
210,17,309.91,118.47,91.50,76.46,1,-1,-1,-1
210,22,1305.04,327.58,168.68,176.10,1,-1,-1,-1
210,23,612.82,377.10,175.90,144.10,1,-1,-1,-1
210,24,585.50,485.07,260.62,202.59,1,-1,-1,-1
210,25,1285.06,611.02,111.77,113.04,1,-1,-1,-1
211,17,309.43,118.31,92.18,76.77,1,-1,-1,-1
211,22,1311.28,327.86,165.24,178.14,1,-1,-1,-1
211,23,612.76,376.62,176.58,144.35,1,-1,-1,-1
211,24,583.53,487.86,261.12,199.73,1,-1,-1,-1
211,25,1285.05,611.13,111.87,112.77,1,-1,-1,-1
212,17,309.18,118.39,92.41,76.42,1,-1,-1,-1
212,22,1313.44,328.13,161.61,178.25,1,-1,-1,-1
212,23,611.49,375.77,181.22,147.36,1,-1,-1,-1
212,24,583.75,488.05,259.90,199.95,1,-1,-1,-1
212,25,1285.33,610.64,111.55,114.14,1,-1,-1,-1
213,17,309.44,118.18,91.93,76.78,1,-1,-1,-1
213,22,1312.42,328.10,162.78,178.89,1,-1,-1,-1
213,23,613.61,377.15,176.93,142.80,1,-1,-1,-1
213,24,585.17,481.12,258.27,208.21,1,-1,-1,-1
213,25,1284.85,610.82,112.35,114.88,1,-1,-1,-1
214,17,310.17,118.45,91.11,75.89,1,-1,-1,-1
214,22,1310.43,327.82,163.54,179.40,1,-1,-1,-1
214,23,613.29,376.91,177.68,142.30,1,-1,-1,-1
214,24,604.08,488.28,234.18,196.99,1,-1,-1,-1
214,25,1285.06,611.44,111.73,112.85,1,-1,-1,-1
215,17,309.72,118.47,91.87,75.05,1,-1,-1,-1
215,22,1310.08,328.54,162.76,177.87,1,-1,-1,-1
215,23,612.84,376.54,180.51,142.70,1,-1,-1,-1
215,24,615.30,485.71,225.28,201.02,1,-1,-1,-1
215,25,1284.65,610.99,112.55,113.65,1,-1,-1,-1
216,17,310.08,118.13,91.47,75.98,1,-1,-1,-1
216,22,1310.79,330.48,161.16,175.15,1,-1,-1,-1
216,23,612.78,376.39,182.67,143.19,1,-1,-1,-1
216,24,622.19,485.19,221.24,201.22,1,-1,-1,-1
216,25,1284.84,610.77,112.22,114.13,1,-1,-1,-1
217,17,309.95,118.03,91.92,76.75,1,-1,-1,-1
217,22,1311.74,333.02,161.51,172.57,1,-1,-1,-1
217,23,614.11,376.46,178.83,142.77,1,-1,-1,-1
217,24,630.49,484.55,213.43,201.73,1,-1,-1,-1
217,25,1285.10,611.03,111.82,113.34,1,-1,-1,-1
218,17,309.74,118.38,92.28,75.98,1,-1,-1,-1
218,22,1312.10,333.36,162.13,172.95,1,-1,-1,-1
218,23,613.67,376.30,178.37,143.01,1,-1,-1,-1
218,24,632.45,484.13,213.29,201.98,1,-1,-1,-1
218,25,1285.43,610.94,111.42,113.38,1,-1,-1,-1
219,17,310.19,118.39,91.54,75.82,1,-1,-1,-1
219,22,1311.94,332.56,167.30,173.73,1,-1,-1,-1
219,23,612.37,376.19,182.48,142.99,1,-1,-1,-1
219,24,632.34,483.41,214.31,202.30,1,-1,-1,-1
219,25,1285.32,611.02,111.61,113.12,1,-1,-1,-1
220,17,309.69,118.25,92.23,76.49,1,-1,-1,-1
220,22,1314.54,330.74,172.74,174.92,1,-1,-1,-1
220,23,613.84,376.51,177.78,141.95,1,-1,-1,-1
220,24,601.52,480.88,253.12,207.10,1,-1,-1,-1
220,25,1284.89,610.94,112.20,113.34,1,-1,-1,-1
221,17,309.62,118.47,92.04,75.90,1,-1,-1,-1
221,22,1316.20,331.19,174.95,171.40,1,-1,-1,-1
221,23,613.29,376.44,176.94,141.81,1,-1,-1,-1
221,24,625.76,481.25,213.59,205.06,1,-1,-1,-1
221,25,1285.06,611.14,111.77,112.74,1,-1,-1,-1
222,17,310.68,118.41,90.51,75.99,1,-1,-1,-1
222,22,1318.02,330.29,175.23,172.35,1,-1,-1,-1
222,23,612.51,376.44,180.44,141.97,1,-1,-1,-1
222,24,626.82,478.87,216.21,207.78,1,-1,-1,-1
222,25,1284.54,610.60,112.59,114.88,1,-1,-1,-1
223,17,311.03,118.45,90.33,75.54,1,-1,-1,-1
223,22,1323.78,332.98,153.95,166.57,1,-1,-1,-1
223,23,613.13,376.35,179.53,142.51,1,-1,-1,-1
223,24,631.85,482.13,211.29,202.43,1,-1,-1,-1
223,25,1285.20,611.10,111.48,113.22,1,-1,-1,-1
224,17,310.70,117.96,91.08,77.23,1,-1,-1,-1
224,22,1319.35,334.07,162.33,164.48,1,-1,-1,-1
224,23,613.36,376.58,179.83,141.91,1,-1,-1,-1
224,24,631.38,480.74,213.82,205.17,1,-1,-1,-1
224,25,1285.05,611.05,111.88,113.36,1,-1,-1,-1
225,17,311.45,118.50,89.86,75.86,1,-1,-1,-1
225,22,1320.86,331.21,156.69,167.87,1,-1,-1,-1
225,23,613.05,376.42,179.53,142.48,1,-1,-1,-1
225,24,628.84,483.62,217.02,201.34,1,-1,-1,-1
225,25,1285.15,611.06,111.54,112.79,1,-1,-1,-1
226,17,311.36,118.33,90.29,76.35,1,-1,-1,-1
226,22,1321.86,331.02,150.74,165.73,1,-1,-1,-1
226,23,613.34,376.77,178.52,141.68,1,-1,-1,-1
226,24,629.53,481.38,215.58,204.77,1,-1,-1,-1
226,25,1285.49,610.76,111.21,113.21,1,-1,-1,-1
227,17,310.69,118.37,91.21,76.24,1,-1,-1,-1
227,22,1320.94,330.10,152.66,164.49,1,-1,-1,-1
227,23,612.94,376.59,180.30,142.14,1,-1,-1,-1
227,24,629.27,482.22,215.83,203.24,1,-1,-1,-1
227,25,1285.57,610.85,111.45,113.00,1,-1,-1,-1
228,17,311.19,118.49,90.24,75.74,1,-1,-1,-1
228,22,1320.84,329.66,155.95,162.89,1,-1,-1,-1
228,23,613.36,376.70,177.65,141.91,1,-1,-1,-1
228,24,630.56,485.24,213.36,199.57,1,-1,-1,-1
228,25,1285.71,611.34,111.08,110.22,1,-1,-1,-1
229,17,311.63,118.35,89.64,76.16,1,-1,-1,-1
229,22,1319.34,330.49,158.77,160.16,1,-1,-1,-1
229,23,613.59,376.50,175.71,142.87,1,-1,-1,-1
229,24,628.73,484.93,216.19,201.12,1,-1,-1,-1
229,25,1285.60,610.21,111.49,113.55,1,-1,-1,-1
230,17,311.59,118.50,89.65,75.62,1,-1,-1,-1
230,23,612.85,376.77,177.14,142.19,1,-1,-1,-1
230,24,595.28,483.61,257.81,204.64,1,-1,-1,-1
230,25,1285.81,611.03,111.06,111.11,1,-1,-1,-1
231,17,311.37,118.21,89.98,76.55,1,-1,-1,-1
231,22,1316.47,332.73,153.72,151.56,1,-1,-1,-1
231,23,613.30,377.03,175.00,141.68,1,-1,-1,-1
231,24,621.64,484.58,215.68,202.06,1,-1,-1,-1
231,25,1285.24,610.82,111.77,111.47,1,-1,-1,-1
232,17,311.69,118.41,89.69,76.17,1,-1,-1,-1
232,22,1314.62,333.88,158.35,148.24,1,-1,-1,-1
232,23,612.14,376.72,179.48,142.43,1,-1,-1,-1
232,24,625.78,484.15,215.20,202.33,1,-1,-1,-1
232,25,1285.15,610.65,111.78,112.35,1,-1,-1,-1
233,17,311.94,118.40,89.53,76.23,1,-1,-1,-1
233,22,1315.31,333.63,158.29,148.36,1,-1,-1,-1
233,23,612.78,376.76,179.65,142.44,1,-1,-1,-1
233,24,627.85,483.45,215.67,203.01,1,-1,-1,-1
233,25,1284.92,610.82,112.01,112.70,1,-1,-1,-1
234,17,311.42,118.36,90.22,76.34,1,-1,-1,-1
234,22,1317.11,330.81,163.95,152.07,1,-1,-1,-1
234,23,613.40,376.97,177.46,142.09,1,-1,-1,-1
234,24,627.05,483.52,217.98,202.32,1,-1,-1,-1
234,25,1285.26,611.30,111.24,111.01,1,-1,-1,-1
235,17,311.43,118.33,90.10,76.44,1,-1,-1,-1
235,22,1323.17,330.54,163.40,153.06,1,-1,-1,-1
235,23,612.40,377.20,181.16,140.75,1,-1,-1,-1
235,24,593.35,476.41,259.89,211.99,1,-1,-1,-1
235,25,1285.15,611.36,111.50,109.96,1,-1,-1,-1
236,17,311.17,118.33,90.36,76.49,1,-1,-1,-1
236,22,1326.07,330.70,163.42,153.05,1,-1,-1,-1
236,23,613.01,376.94,180.34,140.76,1,-1,-1,-1
236,24,586.02,473.13,259.74,214.32,1,-1,-1,-1
236,25,1285.11,611.12,111.53,110.03,1,-1,-1,-1
237,17,311.98,118.30,89.29,76.72,1,-1,-1,-1
237,22,1330.06,330.70,160.53,152.49,1,-1,-1,-1
237,23,613.56,376.60,178.45,141.35,1,-1,-1,-1
237,24,625.49,477.23,204.03,200.85,1,-1,-1,-1
237,25,1285.05,610.89,111.68,110.68,1,-1,-1,-1
238,17,311.38,118.55,90.28,76.00,1,-1,-1,-1
238,22,1335.68,327.90,161.62,156.55,1,-1,-1,-1
238,23,613.33,376.45,178.40,141.49,1,-1,-1,-1
238,24,627.07,470.16,210.48,207.21,1,-1,-1,-1
238,25,1285.23,610.62,111.48,112.14,1,-1,-1,-1
239,17,310.79,118.48,91.04,76.00,1,-1,-1,-1
239,22,1339.76,331.79,164.14,150.09,1,-1,-1,-1
239,23,612.85,376.48,180.01,141.41,1,-1,-1,-1
239,24,620.45,471.34,222.52,203.20,1,-1,-1,-1
239,25,1285.24,610.90,111.68,112.39,1,-1,-1,-1
240,17,311.34,118.48,90.08,75.64,1,-1,-1,-1
240,22,1344.58,337.89,163.55,142.94,1,-1,-1,-1
240,23,612.41,376.67,181.86,140.87,1,-1,-1,-1
240,24,594.83,466.89,254.17,208.69,1,-1,-1,-1
240,25,1285.72,611.50,110.92,109.75,1,-1,-1,-1
241,17,311.44,118.25,89.99,76.11,1,-1,-1,-1
241,22,1348.20,331.75,167.19,152.60,1,-1,-1,-1
241,23,613.04,377.10,180.67,139.95,1,-1,-1,-1
241,24,589.15,464.32,254.42,212.32,1,-1,-1,-1
241,25,1285.08,610.46,111.99,113.17,1,-1,-1,-1
242,17,311.20,118.26,90.38,75.96,1,-1,-1,-1
242,22,1351.83,332.69,168.42,149.92,1,-1,-1,-1
242,23,613.18,376.58,179.30,141.06,1,-1,-1,-1
242,24,586.27,472.57,254.41,200.69,1,-1,-1,-1
242,25,1285.34,610.98,111.43,113.00,1,-1,-1,-1
243,17,310.68,118.04,90.99,76.83,1,-1,-1,-1
243,22,1356.23,336.78,166.43,143.83,1,-1,-1,-1
243,23,612.89,376.20,178.51,142.08,1,-1,-1,-1
243,24,585.72,473.68,252.32,202.57,1,-1,-1,-1
243,25,1285.23,611.09,111.53,113.55,1,-1,-1,-1
244,17,311.23,118.32,90.14,76.06,1,-1,-1,-1
244,22,1358.84,338.49,165.76,140.21,1,-1,-1,-1
244,23,612.49,376.19,178.75,142.23,1,-1,-1,-1
244,24,587.24,470.81,248.77,208.18,1,-1,-1,-1
244,25,1284.93,611.23,111.89,113.78,1,-1,-1,-1
245,17,310.66,118.18,90.91,76.45,1,-1,-1,-1
245,22,1362.67,346.07,157.99,126.82,1,-1,-1,-1
245,23,612.06,376.28,178.95,142.64,1,-1,-1,-1
245,24,588.83,472.40,246.52,203.75,1,-1,-1,-1
245,25,1284.97,611.56,111.65,112.46,1,-1,-1,-1
246,17,311.22,118.41,89.99,75.60,1,-1,-1,-1
246,22,1364.46,339.66,154.42,134.42,1,-1,-1,-1
246,24,591.79,397.07,241.90,298.36,1,-1,-1,-1
246,25,1284.77,611.12,111.95,113.67,1,-1,-1,-1
247,17,311.29,118.29,89.99,75.66,1,-1,-1,-1
247,22,1365.79,340.11,156.82,133.20,1,-1,-1,-1
247,23,611.86,375.93,178.93,146.88,1,-1,-1,-1
247,24,593.90,457.97,236.93,198.16,1,-1,-1,-1
247,25,1285.32,611.42,111.12,112.33,1,-1,-1,-1
248,17,311.14,118.22,90.26,75.65,1,-1,-1,-1
248,22,1373.29,347.33,138.50,120.61,1,-1,-1,-1
248,23,611.69,376.75,178.94,145.89,1,-1,-1,-1
248,24,592.89,463.63,236.51,198.04,1,-1,-1,-1
248,25,1284.95,611.29,111.74,112.37,1,-1,-1,-1
249,17,310.72,118.05,90.82,76.30,1,-1,-1,-1
249,22,1376.74,350.91,142.95,116.95,1,-1,-1,-1
249,23,611.47,375.83,177.43,150.89,1,-1,-1,-1
249,24,593.54,477.71,232.01,183.57,1,-1,-1,-1
249,25,1284.87,611.16,111.78,112.63,1,-1,-1,-1
250,17,311.49,118.07,89.77,76.73,1,-1,-1,-1
250,22,1380.24,352.54,145.98,117.05,1,-1,-1,-1
250,24,595.44,399.27,221.15,283.92,1,-1,-1,-1
250,25,1285.02,611.22,111.51,112.29,1,-1,-1,-1
251,17,312.04,118.36,89.20,75.96,1,-1,-1,-1
251,22,1383.00,353.31,156.97,119.07,1,-1,-1,-1
251,24,592.50,383.31,225.41,281.91,1,-1,-1,-1
251,25,1285.23,611.31,111.23,111.50,1,-1,-1,-1
252,17,311.90,118.17,89.76,76.57,1,-1,-1,-1
252,23,626.71,377.87,161.67,143.44,1,-1,-1,-1
252,24,592.81,451.52,225.28,183.47,1,-1,-1,-1
252,25,1285.27,611.08,111.24,111.72,1,-1,-1,-1
253,17,312.15,118.17,89.50,76.84,1,-1,-1,-1
253,24,595.66,388.60,221.12,277.42,1,-1,-1,-1
253,25,1285.37,610.66,111.18,113.08,1,-1,-1,-1
254,17,311.11,118.10,90.99,77.56,1,-1,-1,-1
254,24,595.49,379.99,220.67,275.58,1,-1,-1,-1
254,25,1285.46,610.84,111.08,112.89,1,-1,-1,-1
255,17,311.42,118.43,90.17,76.72,1,-1,-1,-1
255,24,596.80,376.48,218.37,269.86,1,-1,-1,-1
255,25,1285.41,610.83,111.16,113.23,1,-1,-1,-1
256,17,311.02,118.27,90.71,76.98,1,-1,-1,-1
256,24,596.85,374.30,217.85,267.83,1,-1,-1,-1
256,25,1285.36,610.95,111.25,113.28,1,-1,-1,-1
257,17,310.97,118.37,90.57,76.27,1,-1,-1,-1
257,24,594.86,372.90,218.24,268.99,1,-1,-1,-1
257,25,1285.37,610.95,111.19,113.63,1,-1,-1,-1
258,17,311.49,118.23,89.79,76.22,1,-1,-1,-1
258,24,593.37,373.61,219.26,267.60,1,-1,-1,-1
258,25,1285.26,611.01,111.34,113.78,1,-1,-1,-1
259,17,311.42,118.19,89.95,76.33,1,-1,-1,-1
259,22,1424.88,347.50,156.95,123.53,1,-1,-1,-1
259,24,593.13,374.26,217.69,267.37,1,-1,-1,-1
259,25,1285.24,610.97,111.36,114.07,1,-1,-1,-1
260,17,311.48,118.18,89.91,76.38,1,-1,-1,-1
260,22,1433.68,346.45,153.09,128.72,1,-1,-1,-1
260,24,592.47,374.86,218.46,267.72,1,-1,-1,-1
260,25,1285.33,611.03,111.21,113.98,1,-1,-1,-1
261,17,311.22,118.24,90.19,76.44,1,-1,-1,-1
261,22,1439.25,348.30,155.48,130.68,1,-1,-1,-1
261,24,592.21,375.43,219.51,267.99,1,-1,-1,-1
261,25,1285.66,611.20,110.81,113.18,1,-1,-1,-1
262,17,310.49,118.25,91.02,76.58,1,-1,-1,-1
262,24,593.66,376.28,218.33,266.08,1,-1,-1,-1
262,25,1285.70,611.09,110.87,112.43,1,-1,-1,-1
263,17,309.52,118.29,91.96,76.37,1,-1,-1,-1
263,24,594.36,376.07,218.21,266.35,1,-1,-1,-1
263,25,1285.89,611.02,110.62,111.08,1,-1,-1,-1
264,17,309.62,118.27,91.50,76.40,1,-1,-1,-1
264,24,593.40,375.87,220.03,266.74,1,-1,-1,-1
264,25,1285.75,610.55,110.83,111.37,1,-1,-1,-1
265,17,309.41,118.11,91.77,76.93,1,-1,-1,-1
265,24,592.75,375.96,221.04,266.58,1,-1,-1,-1
265,25,1285.54,610.24,111.02,112.09,1,-1,-1,-1
266,17,309.44,118.17,91.72,76.73,1,-1,-1,-1
266,22,1472.59,354.93,127.29,119.05,1,-1,-1,-1
266,24,592.46,375.84,221.40,266.98,1,-1,-1,-1
266,25,1285.37,610.37,111.20,111.81,1,-1,-1,-1
267,17,310.34,118.14,90.54,76.63,1,-1,-1,-1
267,24,591.82,430.85,222.30,197.39,1,-1,-1,-1
267,25,1285.27,610.29,111.23,112.32,1,-1,-1,-1
268,17,310.10,118.17,91.07,76.33,1,-1,-1,-1
268,24,591.04,387.55,223.46,267.06,1,-1,-1,-1
268,25,1285.03,610.25,111.48,113.20,1,-1,-1,-1
269,17,310.86,117.98,90.22,76.95,1,-1,-1,-1
269,24,590.91,436.83,223.89,196.50,1,-1,-1,-1
269,25,1285.00,610.63,111.40,112.53,1,-1,-1,-1
270,17,311.37,118.17,89.78,76.34,1,-1,-1,-1
270,24,590.50,389.32,225.02,267.18,1,-1,-1,-1
270,25,1284.90,610.54,111.49,112.98,1,-1,-1,-1
271,17,312.31,118.04,88.74,76.66,1,-1,-1,-1
271,24,590.20,381.60,225.73,267.00,1,-1,-1,-1
271,25,1285.04,610.60,111.33,113.10,1,-1,-1,-1
272,17,312.72,118.08,88.51,76.57,1,-1,-1,-1
272,24,589.59,377.24,226.71,267.00,1,-1,-1,-1
272,25,1285.12,610.71,111.23,112.87,1,-1,-1,-1
273,17,312.37,118.05,89.15,76.69,1,-1,-1,-1
273,24,589.51,375.27,226.73,266.35,1,-1,-1,-1
273,25,1285.02,610.68,111.38,112.95,1,-1,-1,-1
274,17,311.89,118.00,89.77,77.01,1,-1,-1,-1
274,22,1526.17,353.30,137.79,113.85,1,-1,-1,-1
274,24,589.20,374.25,227.39,267.62,1,-1,-1,-1
274,25,1285.19,610.79,111.16,112.69,1,-1,-1,-1
275,17,311.64,118.21,89.86,76.38,1,-1,-1,-1
275,24,589.54,374.52,226.90,267.48,1,-1,-1,-1
275,25,1285.27,610.91,111.06,112.21,1,-1,-1,-1
276,17,311.35,118.02,90.08,76.96,1,-1,-1,-1
276,24,589.65,452.70,226.92,169.17,1,-1,-1,-1
276,25,1285.40,610.90,110.85,111.94,1,-1,-1,-1
277,17,310.85,117.90,90.66,77.83,1,-1,-1,-1
277,24,589.13,470.92,227.89,168.36,1,-1,-1,-1
277,25,1285.20,610.62,111.15,112.86,1,-1,-1,-1
277,26,621.61,375.35,174.27,140.51,1,-1,-1,-1
278,17,310.79,118.22,90.56,77.19,1,-1,-1,-1
278,24,588.54,400.47,228.44,267.99,1,-1,-1,-1
278,25,1285.22,610.82,111.03,112.40,1,-1,-1,-1
279,17,310.71,118.19,90.58,77.26,1,-1,-1,-1
279,24,589.69,467.86,226.83,165.26,1,-1,-1,-1
279,25,1285.15,610.76,111.15,112.49,1,-1,-1,-1
279,26,627.43,375.99,163.13,139.68,1,-1,-1,-1
280,17,310.59,118.20,90.77,77.15,1,-1,-1,-1
280,24,589.78,477.26,227.02,164.75,1,-1,-1,-1
280,25,1285.22,610.84,111.16,112.04,1,-1,-1,-1
280,26,617.24,376.01,176.23,141.21,1,-1,-1,-1
281,17,310.63,118.14,90.66,77.33,1,-1,-1,-1
281,22,1549.59,364.28,177.71,133.72,1,-1,-1,-1
281,24,589.03,484.70,228.57,160.62,1,-1,-1,-1
281,25,1285.08,610.67,111.43,112.55,1,-1,-1,-1
281,26,613.47,376.36,178.96,141.55,1,-1,-1,-1
282,17,310.19,118.09,91.67,77.70,1,-1,-1,-1
282,24,588.83,484.76,228.75,164.03,1,-1,-1,-1
282,25,1285.26,611.04,111.16,110.70,1,-1,-1,-1
282,26,624.31,376.91,163.98,138.82,1,-1,-1,-1
283,17,310.33,118.53,90.75,75.96,1,-1,-1,-1
283,24,588.31,402.49,228.60,267.64,1,-1,-1,-1
283,25,1285.24,612.87,111.43,100.96,1,-1,-1,-1
284,17,310.85,118.72,89.20,73.99,1,-1,-1,-1
284,24,587.42,438.21,229.51,198.94,1,-1,-1,-1
285,17,310.81,118.61,88.64,72.56,1,-1,-1,-1
285,24,597.34,439.32,216.51,200.28,1,-1,-1,-1
285,27,404.99,468.93,150.75,139.67,1,-1,-1,-1
286,17,310.87,118.45,87.59,71.54,1,-1,-1,-1
286,24,594.26,441.86,222.14,199.61,1,-1,-1,-1
286,27,404.85,473.30,151.36,132.96,1,-1,-1,-1
287,17,310.61,118.36,87.28,70.93,1,-1,-1,-1
287,24,596.68,464.27,215.81,172.41,1,-1,-1,-1
287,27,404.17,475.99,152.49,131.60,1,-1,-1,-1
288,17,310.92,118.30,86.72,70.54,1,-1,-1,-1
288,27,403.44,444.09,153.62,176.39,1,-1,-1,-1
289,27,402.50,437.13,155.05,176.42,1,-1,-1,-1
290,27,402.21,485.13,155.22,110.62,1,-1,-1,-1
291,27,402.07,493.34,155.60,112.13,1,-1,-1,-1
291,28,1284.80,418.17,136.63,119.94,1,-1,-1,-1
291,29,425.62,433.95,117.81,94.63,1,-1,-1,-1
292,27,402.18,498.74,155.44,111.30,1,-1,-1,-1
292,28,1285.25,417.54,136.59,120.41,1,-1,-1,-1
292,29,425.65,434.20,117.69,94.17,1,-1,-1,-1
293,27,402.18,500.92,155.46,111.22,1,-1,-1,-1
293,28,1285.57,418.86,135.89,118.86,1,-1,-1,-1
293,29,425.85,434.50,117.41,93.25,1,-1,-1,-1
294,27,402.15,499.56,155.53,113.50,1,-1,-1,-1
294,28,1285.64,417.06,134.78,120.89,1,-1,-1,-1
294,29,425.99,434.16,116.98,93.94,1,-1,-1,-1
295,27,402.02,449.65,155.93,175.88,1,-1,-1,-1
295,28,1285.68,416.92,134.27,120.49,1,-1,-1,-1
296,27,401.39,488.74,156.44,112.45,1,-1,-1,-1
296,28,1285.77,417.63,134.62,118.78,1,-1,-1,-1
296,29,427.86,434.27,114.89,93.80,1,-1,-1,-1
297,27,401.12,495.54,156.43,110.46,1,-1,-1,-1
297,28,1284.36,418.45,138.78,118.52,1,-1,-1,-1
297,29,427.85,434.24,115.19,93.71,1,-1,-1,-1
298,27,400.91,498.82,156.42,110.65,1,-1,-1,-1
298,28,1285.47,419.10,135.64,118.10,1,-1,-1,-1
298,29,428.66,434.27,114.36,93.89,1,-1,-1,-1
299,27,399.60,497.90,159.48,113.86,1,-1,-1,-1
299,28,1284.83,421.49,136.44,114.11,1,-1,-1,-1
299,29,429.59,434.26,113.51,93.99,1,-1,-1,-1
300,27,399.52,496.91,159.76,115.22,1,-1,-1,-1
300,28,1284.55,422.25,136.80,113.43,1,-1,-1,-1
300,29,428.91,434.25,114.76,93.92,1,-1,-1,-1
