2,1,1030.73,520.88,215.78,204.80,1,-1,-1,-1
2,2,1611.73,447.70,226.47,197.92,1,-1,-1,-1
2,3,576.51,386.56,174.61,191.59,1,-1,-1,-1
2,4,304.32,119.07,100.06,84.35,1,-1,-1,-1
2,5,1517.74,118.62,100.51,83.43,1,-1,-1,-1
2,6,184.25,121.86,92.09,71.31,1,-1,-1,-1
2,7,1638.89,119.77,97.78,72.59,1,-1,-1,-1
3,1,1030.79,510.58,230.64,216.97,1,-1,-1,-1
3,2,1652.23,442.87,208.70,189.97,1,-1,-1,-1
3,3,599.59,381.02,159.17,185.82,1,-1,-1,-1
3,4,300.13,118.67,99.25,80.89,1,-1,-1,-1
3,5,1519.26,118.74,99.01,77.88,1,-1,-1,-1
3,6,155.01,121.86,121.57,68.33,1,-1,-1,-1
3,7,1650.42,119.98,87.51,74.40,1,-1,-1,-1
4,1,1023.64,511.27,252.57,217.90,1,-1,-1,-1
4,2,1608.57,438.84,264.10,193.13,1,-1,-1,-1
4,3,610.16,381.90,158.01,179.48,1,-1,-1,-1
4,4,303.89,118.38,94.45,81.11,1,-1,-1,-1
4,5,1517.29,118.78,101.25,74.24,1,-1,-1,-1
4,6,147.21,122.27,129.95,68.81,1,-1,-1,-1
4,7,1652.20,119.87,87.09,72.75,1,-1,-1,-1
5,1,1024.38,528.65,258.35,203.56,1,-1,-1,-1
5,2,1645.93,432.92,230.03,197.11,1,-1,-1,-1
5,3,615.21,378.06,152.33,176.49,1,-1,-1,-1
5,4,304.78,118.00,93.77,79.71,1,-1,-1,-1
5,5,1517.73,118.71,99.80,73.41,1,-1,-1,-1
5,6,137.66,122.53,140.05,80.94,1,-1,-1,-1
5,7,1644.83,120.29,93.24,70.68,1,-1,-1,-1
6,1,1025.24,533.84,259.74,203.49,1,-1,-1,-1
6,2,1707.48,427.56,179.29,200.24,1,-1,-1,-1
6,3,634.71,376.34,146.37,176.44,1,-1,-1,-1
6,4,305.41,117.73,93.43,84.23,1,-1,-1,-1
6,5,1519.61,118.18,97.86,72.96,1,-1,-1,-1
6,7,1635.70,121.67,99.56,68.81,1,-1,-1,-1
7,1,1037.36,536.72,261.95,212.18,1,-1,-1,-1
7,2,1671.10,424.44,231.98,203.27,1,-1,-1,-1
7,3,649.26,373.37,138.60,174.63,1,-1,-1,-1
7,4,306.51,118.55,93.85,85.42,1,-1,-1,-1
7,5,1517.90,118.59,99.66,72.65,1,-1,-1,-1
7,7,1642.28,119.80,92.28,70.80,1,-1,-1,-1
8,1,1030.12,538.70,262.03,209.77,1,-1,-1,-1
8,2,1732.26,422.88,187.74,205.47,1,-1,-1,-1
8,3,651.35,370.61,141.56,172.79,1,-1,-1,-1
8,4,306.38,118.40,93.83,83.76,1,-1,-1,-1
8,5,1515.73,118.82,102.18,72.82,1,-1,-1,-1
8,7,1645.91,119.69,88.05,71.22,1,-1,-1,-1
9,1,1030.40,538.69,262.06,209.36,1,-1,-1,-1
9,2,1731.98,422.99,188.02,205.35,1,-1,-1,-1
9,3,653.13,370.70,139.85,172.56,1,-1,-1,-1
9,4,306.64,118.43,93.59,83.63,1,-1,-1,-1
9,5,1515.60,118.97,102.44,72.82,1,-1,-1,-1
9,7,1645.68,119.70,88.28,71.22,1,-1,-1,-1
10,1,1043.94,544.42,229.94,191.24,1,-1,-1,-1
10,2,1666.59,424.36,253.41,205.43,1,-1,-1,-1
10,3,667.03,371.99,145.33,169.32,1,-1,-1,-1
10,4,306.18,118.33,94.87,81.24,1,-1,-1,-1
10,5,1515.60,118.71,102.77,73.45,1,-1,-1,-1
10,7,1634.59,119.48,99.33,72.82,1,-1,-1,-1
11,1,1043.67,544.47,229.80,193.40,1,-1,-1,-1
11,2,1666.41,424.51,253.59,205.23,1,-1,-1,-1
11,3,670.05,372.25,142.74,169.19,1,-1,-1,-1
11,4,306.24,118.36,94.81,81.02,1,-1,-1,-1
11,5,1515.67,118.70,102.84,73.51,1,-1,-1,-1
11,7,1634.57,119.51,99.36,72.86,1,-1,-1,-1
12,1,1064.88,547.39,206.88,195.71,1,-1,-1,-1
12,2,1741.80,425.37,178.20,203.25,1,-1,-1,-1
12,3,691.43,374.08,117.06,167.67,1,-1,-1,-1
12,4,305.11,118.12,96.22,81.21,1,-1,-1,-1
12,5,1514.69,118.26,103.92,74.50,1,-1,-1,-1
12,7,1635.73,119.80,99.24,74.37,1,-1,-1,-1
13,1,1068.90,552.55,210.06,218.39,1,-1,-1,-1
13,2,1685.10,426.64,234.90,203.40,1,-1,-1,-1
13,3,702.58,410.33,124.58,131.47,1,-1,-1,-1
13,4,303.71,118.28,97.57,79.32,1,-1,-1,-1
13,5,1514.70,118.39,104.05,73.62,1,-1,-1,-1
13,6,171.27,122.50,105.91,68.75,1,-1,-1,-1
13,7,1639.08,119.85,96.61,77.26,1,-1,-1,-1
14,1,988.39,552.24,291.39,232.37,1,-1,-1,-1
14,2,1694.13,425.29,225.87,204.88,1,-1,-1,-1
14,3,707.42,398.77,124.05,143.70,1,-1,-1,-1
14,4,303.60,118.25,97.71,80.85,1,-1,-1,-1
14,5,1514.50,118.36,103.68,74.09,1,-1,-1,-1
14,7,1636.20,120.31,99.13,71.76,1,-1,-1,-1
15,1,994.50,552.38,288.86,237.16,1,-1,-1,-1
15,2,1696.34,424.68,223.66,205.46,1,-1,-1,-1
15,3,711.89,367.01,112.79,177.09,1,-1,-1,-1
15,4,303.77,118.39,97.62,81.35,1,-1,-1,-1
15,5,1513.98,118.42,104.39,74.38,1,-1,-1,-1
15,7,1636.25,120.69,98.99,71.14,1,-1,-1,-1
16,2,1703.55,421.26,216.45,207.86,1,-1,-1,-1
16,3,715.81,363.36,105.81,174.06,1,-1,-1,-1
16,4,303.54,118.12,98.14,86.47,1,-1,-1,-1
16,5,1511.01,117.79,107.88,75.68,1,-1,-1,-1
16,7,1636.10,122.07,98.61,69.44,1,-1,-1,-1
17,2,1711.61,421.52,208.34,208.21,1,-1,-1,-1
17,3,723.00,392.40,101.78,144.26,1,-1,-1,-1
17,4,304.56,118.11,96.94,86.84,1,-1,-1,-1
17,5,1512.09,117.84,106.99,75.31,1,-1,-1,-1
17,7,1636.32,121.75,97.95,68.38,1,-1,-1,-1
18,2,1712.24,418.04,207.75,211.12,1,-1,-1,-1
18,3,733.12,384.04,93.53,148.65,1,-1,-1,-1
18,4,305.35,118.14,95.87,86.36,1,-1,-1,-1
18,5,1512.47,117.93,107.04,75.35,1,-1,-1,-1
18,7,1636.54,121.99,97.88,68.45,1,-1,-1,-1
19,2,1711.89,417.74,208.11,211.48,1,-1,-1,-1
19,3,732.97,383.94,93.81,149.20,1,-1,-1,-1
19,4,305.24,118.10,95.86,86.06,1,-1,-1,-1
19,5,1512.21,117.95,107.28,75.71,1,-1,-1,-1
19,7,1636.59,122.04,97.75,68.58,1,-1,-1,-1
20,2,1724.07,420.08,195.27,211.15,1,-1,-1,-1
20,3,736.53,383.22,95.14,149.21,1,-1,-1,-1
20,4,305.45,118.44,95.34,86.45,1,-1,-1,-1
20,5,1510.77,117.89,108.97,75.48,1,-1,-1,-1
20,7,1636.31,121.70,98.41,68.63,1,-1,-1,-1
21,2,1720.33,421.06,198.81,204.82,1,-1,-1,-1
21,3,740.27,379.08,93.16,151.57,1,-1,-1,-1
21,4,305.63,118.53,93.72,84.26,1,-1,-1,-1
21,5,1514.39,118.13,104.63,74.78,1,-1,-1,-1
21,7,1649.22,121.50,84.04,69.60,1,-1,-1,-1
22,3,746.15,378.93,90.43,150.53,1,-1,-1,-1
22,4,305.51,118.35,94.45,85.28,1,-1,-1,-1
22,5,1514.63,118.22,104.28,75.24,1,-1,-1,-1
22,7,1648.85,120.97,85.18,70.29,1,-1,-1,-1
23,2,1741.53,432.80,177.76,189.58,1,-1,-1,-1
23,3,747.81,376.27,93.03,155.26,1,-1,-1,-1
23,4,306.69,117.49,93.01,80.20,1,-1,-1,-1
23,5,1513.75,118.50,105.55,75.15,1,-1,-1,-1
23,7,1644.59,121.33,88.94,70.38,1,-1,-1,-1
24,2,1741.41,432.54,177.89,190.08,1,-1,-1,-1
24,3,748.08,379.20,92.81,152.03,1,-1,-1,-1
24,4,306.64,117.44,93.09,80.25,1,-1,-1,-1
24,5,1513.59,118.37,105.73,75.23,1,-1,-1,-1
24,7,1644.69,121.32,88.90,70.32,1,-1,-1,-1
25,2,1757.51,445.89,161.93,170.55,1,-1,-1,-1
25,3,752.15,369.21,98.61,150.61,1,-1,-1,-1
25,4,308.24,117.61,91.60,79.19,1,-1,-1,-1
25,5,1516.06,118.48,104.13,75.57,1,-1,-1,-1
25,7,1647.36,121.41,87.97,70.36,1,-1,-1,-1
26,3,767.23,324.22,100.54,177.12,1,-1,-1,-1
26,4,305.87,117.49,97.68,81.73,1,-1,-1,-1
26,5,1515.97,119.03,103.18,72.75,1,-1,-1,-1
26,7,1643.25,120.04,93.57,71.10,1,-1,-1,-1
27,3,770.06,338.71,111.96,157.12,1,-1,-1,-1
27,4,303.21,118.35,102.94,78.25,1,-1,-1,-1
27,5,1517.65,118.57,101.83,73.90,1,-1,-1,-1
27,7,1629.04,121.20,106.92,71.11,1,-1,-1,-1
28,2,1802.55,453.66,117.10,156.67,1,-1,-1,-1
28,3,777.42,317.22,114.71,172.06,1,-1,-1,-1
28,4,307.62,118.80,99.25,75.39,1,-1,-1,-1
28,5,1516.12,118.92,103.02,73.39,1,-1,-1,-1
28,7,1633.15,121.23,103.25,71.68,1,-1,-1,-1
28,9,166.01,121.84,110.50,73.49,1,-1,-1,-1
29,2,1802.51,452.09,117.15,158.42,1,-1,-1,-1
29,3,777.64,317.99,112.78,165.87,1,-1,-1,-1
29,4,307.63,118.82,98.99,75.04,1,-1,-1,-1
29,5,1516.11,118.91,103.09,73.37,1,-1,-1,-1
29,7,1633.29,121.22,103.12,71.74,1,-1,-1,-1
29,9,166.26,121.81,110.23,73.45,1,-1,-1,-1
30,3,792.56,327.46,109.54,157.37,1,-1,-1,-1
30,4,309.24,118.41,94.31,74.62,1,-1,-1,-1
30,5,1518.27,119.19,101.31,73.50,1,-1,-1,-1
30,7,1636.78,121.21,101.96,70.96,1,-1,-1,-1
30,9,166.53,121.06,109.83,73.94,1,-1,-1,-1
31,3,800.19,294.73,123.72,192.93,1,-1,-1,-1
31,4,307.02,119.14,94.78,73.14,1,-1,-1,-1
31,5,1516.60,119.63,103.00,72.58,1,-1,-1,-1
31,7,1638.18,121.23,100.05,69.85,1,-1,-1,-1
31,9,172.57,118.43,103.25,75.53,1,-1,-1,-1
32,3,807.97,295.36,125.33,197.89,1,-1,-1,-1
32,4,307.21,117.92,96.61,74.92,1,-1,-1,-1
32,5,1517.57,118.21,98.87,74.95,1,-1,-1,-1
32,7,1650.29,120.71,86.69,68.79,1,-1,-1,-1
32,9,180.07,120.45,95.95,72.81,1,-1,-1,-1
33,3,807.83,293.09,125.61,200.12,1,-1,-1,-1
33,4,307.13,117.92,96.68,74.83,1,-1,-1,-1
33,5,1517.43,117.88,98.98,75.24,1,-1,-1,-1
33,7,1650.10,120.75,86.68,68.78,1,-1,-1,-1
33,9,180.17,120.46,95.88,72.79,1,-1,-1,-1
33,11,1794.28,53.23,125.24,132.84,1,-1,-1,-1
34,3,809.23,288.99,137.94,206.90,1,-1,-1,-1
34,4,306.24,118.08,98.66,74.57,1,-1,-1,-1
34,5,1518.57,118.32,101.45,74.40,1,-1,-1,-1
34,7,1638.31,120.53,96.79,71.70,1,-1,-1,-1
34,9,184.01,121.18,92.25,71.91,1,-1,-1,-1
35,3,827.07,281.58,132.30,216.64,1,-1,-1,-1
35,4,305.64,117.83,102.15,74.10,1,-1,-1,-1
35,5,1516.50,118.16,102.52,75.13,1,-1,-1,-1
35,7,1642.59,120.50,94.46,70.75,1,-1,-1,-1
35,9,183.72,121.83,92.55,72.00,1,-1,-1,-1
36,3,828.29,281.80,130.91,216.55,1,-1,-1,-1
36,4,305.66,117.83,102.06,74.09,1,-1,-1,-1
36,5,1515.91,118.28,103.05,75.38,1,-1,-1,-1
36,7,1635.62,121.60,99.27,68.58,1,-1,-1,-1
36,9,183.68,121.90,92.53,71.99,1,-1,-1,-1
37,3,832.44,308.58,135.99,190.71,1,-1,-1,-1
37,4,305.63,117.60,106.70,75.10,1,-1,-1,-1
37,5,1514.40,118.92,105.53,74.39,1,-1,-1,-1
37,7,1637.13,121.97,103.20,69.16,1,-1,-1,-1
37,9,175.25,121.39,101.87,72.78,1,-1,-1,-1
38,3,841.42,277.24,162.26,220.14,1,-1,-1,-1
38,4,305.37,117.27,93.47,74.87,1,-1,-1,-1
38,5,1517.79,118.16,100.95,77.38,1,-1,-1,-1
38,7,1648.56,120.71,89.32,69.76,1,-1,-1,-1
39,3,850.50,324.84,168.23,171.67,1,-1,-1,-1
39,4,306.01,116.79,93.23,75.98,1,-1,-1,-1
39,5,1515.76,118.30,104.22,76.64,1,-1,-1,-1
39,7,1635.80,122.33,104.19,68.68,1,-1,-1,-1
39,12,1370.86,320.53,139.58,117.75,1,-1,-1,-1
40,3,861.60,282.58,168.20,212.98,1,-1,-1,-1
40,4,306.12,116.91,94.43,76.10,1,-1,-1,-1
40,5,1516.30,118.54,102.86,74.22,1,-1,-1,-1
40,7,1637.04,122.39,103.43,67.51,1,-1,-1,-1
40,9,183.54,122.93,90.80,66.85,1,-1,-1,-1
40,12,1383.92,316.90,152.56,119.17,1,-1,-1,-1
41,3,861.53,280.85,168.26,214.70,1,-1,-1,-1
41,4,305.86,116.89,94.71,76.19,1,-1,-1,-1
41,5,1517.45,118.36,100.29,75.48,1,-1,-1,-1
41,7,1637.25,122.38,103.70,67.55,1,-1,-1,-1
41,9,183.54,122.96,90.76,66.77,1,-1,-1,-1
41,12,1384.05,315.79,152.85,120.25,1,-1,-1,-1
42,3,874.01,322.55,171.22,162.84,1,-1,-1,-1
42,4,303.54,117.57,96.07,74.98,1,-1,-1,-1
42,5,1518.49,118.27,98.65,71.26,1,-1,-1,-1
42,7,1649.45,121.92,83.27,66.29,1,-1,-1,-1
42,12,1403.69,301.13,177.37,125.31,1,-1,-1,-1
43,3,873.63,322.07,171.59,163.37,1,-1,-1,-1
43,4,303.68,117.57,96.06,75.25,1,-1,-1,-1
43,5,1518.58,118.23,98.46,71.58,1,-1,-1,-1
43,7,1649.96,121.92,82.73,66.27,1,-1,-1,-1
43,12,1403.80,301.74,177.44,124.86,1,-1,-1,-1
44,3,874.49,312.53,175.50,160.10,1,-1,-1,-1
44,4,304.77,117.20,95.17,76.17,1,-1,-1,-1
44,5,1518.83,118.42,98.19,70.68,1,-1,-1,-1
44,7,1641.44,121.89,91.91,67.38,1,-1,-1,-1
44,12,1428.19,289.72,183.78,125.80,1,-1,-1,-1
45,3,874.41,313.28,175.69,158.93,1,-1,-1,-1
45,4,304.70,117.19,95.30,76.34,1,-1,-1,-1
45,5,1518.88,118.42,98.07,70.67,1,-1,-1,-1
45,7,1637.49,122.54,97.85,66.65,1,-1,-1,-1
45,12,1428.24,290.25,183.92,124.82,1,-1,-1,-1
46,3,871.28,291.00,180.58,175.23,1,-1,-1,-1
46,4,306.41,116.91,91.92,76.51,1,-1,-1,-1
46,5,1517.59,118.46,99.77,75.31,1,-1,-1,-1
46,7,1638.11,122.58,97.14,66.86,1,-1,-1,-1
46,12,1456.00,280.85,182.00,123.81,1,-1,-1,-1
47,3,871.51,290.97,180.31,175.23,1,-1,-1,-1
47,4,306.39,116.92,92.02,76.44,1,-1,-1,-1
47,5,1517.58,118.45,99.77,75.30,1,-1,-1,-1
47,7,1638.15,122.59,97.08,66.80,1,-1,-1,-1
47,12,1456.00,280.85,181.64,123.64,1,-1,-1,-1
48,3,866.76,284.59,186.76,180.05,1,-1,-1,-1
48,4,307.46,116.99,91.54,76.53,1,-1,-1,-1
48,5,1518.30,118.59,99.13,72.51,1,-1,-1,-1
48,7,1647.78,120.99,87.32,67.13,1,-1,-1,-1
48,12,1468.16,277.01,185.96,126.47,1,-1,-1,-1
49,3,860.55,283.58,194.55,176.00,1,-1,-1,-1
49,4,311.70,118.13,93.93,77.10,1,-1,-1,-1
49,5,1519.27,118.55,98.54,72.34,1,-1,-1,-1
49,7,1652.98,121.58,80.92,67.98,1,-1,-1,-1
49,12,1492.06,260.48,192.06,132.86,1,-1,-1,-1
50,3,852.17,282.40,202.52,175.18,1,-1,-1,-1
50,4,308.72,118.73,95.78,74.28,1,-1,-1,-1
50,5,1519.90,118.53,97.85,72.29,1,-1,-1,-1
50,7,1648.53,120.69,86.84,67.37,1,-1,-1,-1
50,12,1502.59,259.59,193.95,128.71,1,-1,-1,-1
51,3,845.09,258.65,211.12,191.33,1,-1,-1,-1
51,4,311.11,118.57,93.36,73.32,1,-1,-1,-1
51,5,1515.32,118.51,102.12,73.81,1,-1,-1,-1
51,7,1645.52,120.66,89.75,67.72,1,-1,-1,-1
51,9,182.28,122.59,112.59,72.74,1,-1,-1,-1
51,12,1511.87,256.69,195.30,131.34,1,-1,-1,-1
51,13,554.12,1042.71,175.83,37.29,1,-1,-1,-1
52,3,838.66,255.32,216.85,188.66,1,-1,-1,-1
52,4,311.28,118.20,90.58,72.26,1,-1,-1,-1
52,5,1515.43,118.31,102.35,85.23,1,-1,-1,-1
52,7,1651.49,121.26,81.74,68.41,1,-1,-1,-1
52,12,1521.36,254.95,192.59,130.32,1,-1,-1,-1
52,13,560.68,1042.58,174.08,37.42,1,-1,-1,-1
53,3,834.04,258.17,217.93,178.90,1,-1,-1,-1
53,4,305.77,117.75,95.21,73.60,1,-1,-1,-1
53,5,1508.49,117.80,110.72,80.02,1,-1,-1,-1
53,7,1652.45,121.47,80.88,68.23,1,-1,-1,-1
53,12,1532.19,250.99,192.83,130.55,1,-1,-1,-1
53,13,561.22,1043.26,174.69,36.74,1,-1,-1,-1
54,3,832.25,253.39,217.66,178.34,1,-1,-1,-1
54,4,306.60,117.94,92.96,73.90,1,-1,-1,-1
54,5,1516.04,118.21,102.53,75.38,1,-1,-1,-1
54,7,1650.31,121.81,83.33,69.43,1,-1,-1,-1
54,9,179.94,122.42,96.58,69.41,1,-1,-1,-1
54,12,1541.07,244.08,201.74,130.59,1,-1,-1,-1
54,13,558.44,1041.19,176.83,38.81,1,-1,-1,-1
55,3,832.20,253.34,217.67,178.24,1,-1,-1,-1
55,4,306.49,117.93,93.18,74.03,1,-1,-1,-1
55,5,1516.01,118.19,102.44,75.00,1,-1,-1,-1
55,7,1650.17,121.80,83.42,69.29,1,-1,-1,-1
55,9,179.71,122.40,96.73,69.30,1,-1,-1,-1
55,12,1540.92,244.22,201.61,130.43,1,-1,-1,-1
55,13,559.04,1039.87,175.45,40.13,1,-1,-1,-1
56,3,827.60,247.87,210.90,174.79,1,-1,-1,-1
56,4,306.17,117.78,95.20,76.82,1,-1,-1,-1
56,5,1517.46,118.17,100.91,73.47,1,-1,-1,-1
56,7,1651.92,121.55,81.97,69.63,1,-1,-1,-1
56,9,182.62,122.29,92.68,68.36,1,-1,-1,-1
56,12,1558.25,231.79,203.58,141.56,1,-1,-1,-1
57,3,827.58,247.94,211.69,174.93,1,-1,-1,-1
57,4,305.97,117.70,96.80,78.02,1,-1,-1,-1
57,5,1517.55,118.13,100.85,73.42,1,-1,-1,-1
57,7,1651.81,121.59,81.94,69.37,1,-1,-1,-1
57,9,182.58,122.30,92.76,68.39,1,-1,-1,-1
57,12,1558.26,231.61,203.82,141.74,1,-1,-1,-1
58,3,812.74,232.83,213.52,180.01,1,-1,-1,-1
58,4,304.49,117.84,100.23,84.79,1,-1,-1,-1
58,5,1516.86,118.25,101.41,72.38,1,-1,-1,-1
58,7,1656.21,121.62,77.59,66.67,1,-1,-1,-1
58,9,183.39,122.34,91.66,69.94,1,-1,-1,-1
58,12,1572.27,226.78,207.79,145.83,1,-1,-1,-1
59,3,812.90,232.17,214.36,181.14,1,-1,-1,-1
59,4,304.39,117.76,100.55,85.27,1,-1,-1,-1
59,7,1655.66,121.69,78.18,66.59,1,-1,-1,-1
59,9,183.61,122.39,91.74,69.89,1,-1,-1,-1
59,12,1572.40,226.80,207.74,145.93,1,-1,-1,-1
60,3,800.12,226.63,208.87,184.25,1,-1,-1,-1
60,4,304.06,117.30,97.61,78.28,1,-1,-1,-1
60,7,1631.88,120.97,104.34,70.63,1,-1,-1,-1
60,9,182.60,122.13,93.64,77.20,1,-1,-1,-1
60,12,1583.20,224.49,215.33,148.81,1,-1,-1,-1
61,7,1631.43,113.41,102.29,74.69,1,-1,-1,-1
61,12,1634.91,258.50,151.04,171.93,1,-1,-1,-1
62,7,1629.34,117.90,102.54,69.06,1,-1,-1,-1
62,12,1634.96,262.44,162.36,170.92,1,-1,-1,-1
62,14,980.16,370.62,215.48,197.60,1,-1,-1,-1
63,7,1629.37,117.76,102.49,68.99,1,-1,-1,-1
63,12,1638.62,251.49,179.47,184.31,1,-1,-1,-1
63,14,982.00,366.89,221.20,199.62,1,-1,-1,-1
63,15,154.01,1032.49,158.09,47.51,1,-1,-1,-1
64,7,1629.41,116.78,102.55,69.73,1,-1,-1,-1
64,12,1640.35,247.94,187.53,186.65,1,-1,-1,-1
64,14,982.54,365.57,224.88,200.62,1,-1,-1,-1
64,15,153.62,1032.46,158.48,47.54,1,-1,-1,-1
65,7,1630.69,110.99,102.91,76.72,1,-1,-1,-1
65,12,1642.08,245.64,204.81,191.81,1,-1,-1,-1
65,14,985.54,370.40,226.29,193.24,1,-1,-1,-1
65,15,153.49,1032.45,158.73,47.55,1,-1,-1,-1
66,7,1630.77,111.12,102.71,76.72,1,-1,-1,-1
66,12,1642.16,245.67,205.31,191.82,1,-1,-1,-1
66,14,985.46,370.58,226.23,193.06,1,-1,-1,-1
66,15,153.69,1032.50,158.58,47.50,1,-1,-1,-1
67,7,1630.40,111.28,102.78,76.66,1,-1,-1,-1
67,12,1670.98,241.08,201.88,201.98,1,-1,-1,-1
67,14,983.78,361.11,235.23,201.49,1,-1,-1,-1
67,15,153.48,1032.58,159.08,47.42,1,-1,-1,-1
68,7,1629.66,111.54,103.50,76.26,1,-1,-1,-1
68,12,1679.88,238.13,211.76,209.63,1,-1,-1,-1
68,14,985.08,363.50,234.83,197.54,1,-1,-1,-1
68,15,153.21,1032.57,159.07,47.43,1,-1,-1,-1
69,7,1629.62,110.69,103.50,77.06,1,-1,-1,-1
69,12,1680.24,237.79,211.48,209.95,1,-1,-1,-1
69,14,985.04,363.53,235.05,197.68,1,-1,-1,-1
69,15,153.12,1032.54,159.47,47.46,1,-1,-1,-1
70,7,1630.22,110.78,103.09,76.93,1,-1,-1,-1
70,12,1672.17,233.10,229.44,214.04,1,-1,-1,-1
70,14,992.36,363.42,223.60,194.66,1,-1,-1,-1
70,15,152.81,1032.57,159.50,47.43,1,-1,-1,-1
71,12,1725.99,236.10,193.20,215.60,1,-1,-1,-1
71,14,1000.49,354.84,223.97,194.53,1,-1,-1,-1
71,15,153.21,1032.57,159.19,47.43,1,-1,-1,-1
72,12,1743.27,315.09,176.13,144.68,1,-1,-1,-1
72,14,1000.92,353.58,224.08,194.56,1,-1,-1,-1
72,15,153.44,1032.56,159.16,47.44,1,-1,-1,-1
73,12,1742.31,315.25,177.08,144.48,1,-1,-1,-1
73,14,1001.02,353.52,224.00,194.83,1,-1,-1,-1
73,15,153.34,1032.53,159.07,47.47,1,-1,-1,-1
74,12,1773.38,315.50,146.56,152.28,1,-1,-1,-1
74,14,1002.99,352.20,225.26,188.01,1,-1,-1,-1
74,15,153.43,1032.78,158.38,47.22,1,-1,-1,-1
75,12,1773.43,317.66,146.19,149.31,1,-1,-1,-1
75,14,1004.51,350.77,224.34,186.19,1,-1,-1,-1
75,15,152.96,1032.48,159.33,47.52,1,-1,-1,-1
76,12,1770.64,324.12,148.57,145.02,1,-1,-1,-1
76,14,1005.84,348.15,221.28,185.82,1,-1,-1,-1
76,15,153.51,1032.52,158.97,47.48,1,-1,-1,-1
77,14,1012.08,346.30,213.38,184.86,1,-1,-1,-1
77,15,153.41,1032.50,159.16,47.50,1,-1,-1,-1
78,14,1012.16,345.88,213.39,185.29,1,-1,-1,-1
78,15,153.54,1032.53,159.02,47.47,1,-1,-1,-1
79,12,1796.94,323.13,122.72,151.98,1,-1,-1,-1
79,14,1018.65,343.81,204.69,182.23,1,-1,-1,-1
79,15,153.44,1032.34,159.78,47.66,1,-1,-1,-1
80,7,1634.59,115.39,98.81,72.97,1,-1,-1,-1
80,12,1803.88,348.46,115.00,127.00,1,-1,-1,-1
80,14,1020.85,343.58,201.68,180.25,1,-1,-1,-1
80,15,153.50,1032.30,159.64,47.70,1,-1,-1,-1
81,12,1808.01,351.69,111.58,127.02,1,-1,-1,-1
81,14,1024.76,343.38,197.01,178.83,1,-1,-1,-1
81,15,152.69,1032.31,159.94,47.69,1,-1,-1,-1
82,12,1810.73,352.95,108.85,126.64,1,-1,-1,-1
82,14,1025.57,344.83,197.45,176.20,1,-1,-1,-1
82,15,152.72,1032.35,160.37,47.65,1,-1,-1,-1
83,12,1811.68,358.42,107.15,134.19,1,-1,-1,-1
83,14,1026.97,341.04,202.43,175.90,1,-1,-1,-1
83,15,152.74,1032.38,160.54,47.62,1,-1,-1,-1
84,12,1814.90,375.45,104.01,121.49,1,-1,-1,-1
84,14,1026.44,337.78,206.18,176.91,1,-1,-1,-1
84,15,153.15,1032.20,159.93,47.80,1,-1,-1,-1
85,12,1819.74,360.52,99.46,136.67,1,-1,-1,-1
85,14,1026.97,334.52,207.64,176.73,1,-1,-1,-1
85,15,154.56,1032.31,158.35,47.69,1,-1,-1,-1
86,12,1825.77,361.59,93.57,140.08,1,-1,-1,-1
86,14,1027.11,332.11,209.85,175.15,1,-1,-1,-1
86,15,154.83,1032.26,158.32,47.74,1,-1,-1,-1
87,12,1829.98,373.78,89.31,126.99,1,-1,-1,-1
87,14,1027.19,330.38,210.09,174.91,1,-1,-1,-1
87,15,155.00,1032.21,158.62,47.79,1,-1,-1,-1
88,7,1642.87,120.95,88.75,67.29,1,-1,-1,-1
88,12,1835.04,373.95,84.33,128.12,1,-1,-1,-1
88,14,1030.49,329.32,209.69,172.75,1,-1,-1,-1
88,15,154.47,1032.19,158.93,47.81,1,-1,-1,-1
89,7,1631.35,116.10,102.39,72.15,1,-1,-1,-1
89,12,1838.86,382.75,80.62,117.41,1,-1,-1,-1
89,14,1035.10,327.72,206.15,171.81,1,-1,-1,-1
89,15,154.55,1032.21,158.61,47.79,1,-1,-1,-1
90,7,1641.61,120.98,90.10,67.35,1,-1,-1,-1
90,12,1838.35,385.00,81.55,117.10,1,-1,-1,-1
90,14,1036.27,325.89,206.24,171.60,1,-1,-1,-1
90,15,154.77,1032.19,158.51,47.81,1,-1,-1,-1
91,7,1642.10,121.01,89.67,67.29,1,-1,-1,-1
91,12,1838.38,385.23,81.55,116.79,1,-1,-1,-1
91,14,1036.14,325.89,206.04,171.58,1,-1,-1,-1
91,15,154.78,1032.17,158.32,47.83,1,-1,-1,-1
92,7,1640.92,121.04,90.88,67.28,1,-1,-1,-1
92,12,1835.18,382.66,84.39,133.16,1,-1,-1,-1
92,14,1036.48,324.74,205.22,168.50,1,-1,-1,-1
92,15,154.50,1032.10,158.78,47.90,1,-1,-1,-1
93,7,1642.18,121.08,89.61,67.18,1,-1,-1,-1
93,12,1835.31,382.67,84.27,133.18,1,-1,-1,-1
93,14,1036.53,324.76,205.34,168.51,1,-1,-1,-1
93,15,154.70,1032.10,158.70,47.90,1,-1,-1,-1
94,7,1639.46,120.95,92.40,67.43,1,-1,-1,-1
94,12,1828.87,395.09,90.31,128.05,1,-1,-1,-1
94,14,1047.87,323.03,195.84,163.86,1,-1,-1,-1
94,15,154.27,1032.17,158.64,47.83,1,-1,-1,-1
95,7,1636.50,120.70,95.42,67.78,1,-1,-1,-1
95,12,1825.13,410.32,94.00,111.33,1,-1,-1,-1
95,14,1046.65,321.03,198.80,162.88,1,-1,-1,-1
95,15,155.31,1032.30,157.80,47.70,1,-1,-1,-1
96,7,1630.19,113.60,103.83,75.10,1,-1,-1,-1
96,12,1824.03,396.44,95.07,128.50,1,-1,-1,-1
96,14,1047.79,319.45,197.83,160.47,1,-1,-1,-1
96,15,154.55,1032.26,158.28,47.74,1,-1,-1,-1
97,7,1629.88,113.78,104.02,75.36,1,-1,-1,-1
97,12,1821.06,404.17,98.01,126.76,1,-1,-1,-1
97,14,1050.87,318.44,194.73,159.56,1,-1,-1,-1
97,15,154.71,1032.29,157.83,47.71,1,-1,-1,-1
98,7,1629.77,113.64,104.11,75.52,1,-1,-1,-1
98,12,1820.78,406.72,98.26,124.53,1,-1,-1,-1
98,14,1050.64,318.42,195.05,159.55,1,-1,-1,-1
98,15,154.62,1032.22,158.04,47.78,1,-1,-1,-1
99,7,1636.50,120.59,95.56,68.10,1,-1,-1,-1
99,12,1819.78,406.96,99.26,130.07,1,-1,-1,-1
99,14,1052.18,316.55,188.90,155.98,1,-1,-1,-1
99,15,154.93,1032.25,157.85,47.75,1,-1,-1,-1
100,7,1630.71,114.77,103.20,74.34,1,-1,-1,-1
100,12,1826.19,400.23,93.16,138.08,1,-1,-1,-1
100,14,1055.52,316.99,183.15,153.60,1,-1,-1,-1
100,15,154.93,1032.25,157.56,47.75,1,-1,-1,-1
101,7,1631.75,116.45,102.18,73.87,1,-1,-1,-1
101,14,1055.96,315.43,175.50,153.06,1,-1,-1,-1
101,15,154.60,1032.18,157.31,47.82,1,-1,-1,-1
102,7,1637.70,120.37,94.47,68.07,1,-1,-1,-1
102,14,1056.54,312.22,173.89,154.17,1,-1,-1,-1
102,15,153.88,1032.09,157.38,47.91,1,-1,-1,-1
103,7,1636.13,120.16,96.01,68.37,1,-1,-1,-1
103,14,1057.70,311.40,169.77,152.16,1,-1,-1,-1
104,7,1636.67,120.24,95.48,68.39,1,-1,-1,-1
104,14,1060.27,324.26,170.85,140.26,1,-1,-1,-1
104,15,153.98,1032.22,158.10,47.78,1,-1,-1,-1
105,7,1635.32,120.14,96.85,68.68,1,-1,-1,-1
105,14,1061.44,305.78,172.12,154.53,1,-1,-1,-1
105,17,311.96,117.77,85.80,76.08,1,-1,-1,-1
106,7,1636.14,120.06,96.14,68.79,1,-1,-1,-1
106,14,1061.26,303.86,172.27,153.65,1,-1,-1,-1
106,15,153.38,1032.23,159.68,47.77,1,-1,-1,-1
107,7,1635.21,119.95,97.15,69.57,1,-1,-1,-1
107,14,1061.46,303.91,172.00,153.62,1,-1,-1,-1
107,15,153.16,1032.17,159.96,47.83,1,-1,-1,-1
108,7,1635.07,119.85,97.34,69.69,1,-1,-1,-1
108,14,1061.81,303.47,173.77,152.40,1,-1,-1,-1
108,15,152.44,1032.23,160.86,47.77,1,-1,-1,-1
108,17,312.02,117.96,85.22,75.93,1,-1,-1,-1
109,7,1634.90,119.90,97.51,69.49,1,-1,-1,-1
109,14,1062.69,301.50,177.06,152.84,1,-1,-1,-1
110,7,1635.28,120.02,97.18,69.44,1,-1,-1,-1
110,14,1061.83,299.98,182.23,154.65,1,-1,-1,-1
110,15,156.99,1032.24,155.97,47.76,1,-1,-1,-1
110,17,311.49,118.06,85.86,76.10,1,-1,-1,-1
111,7,1634.99,120.09,97.46,69.40,1,-1,-1,-1
111,14,1064.05,300.36,182.37,152.34,1,-1,-1,-1
111,15,154.28,1032.21,158.58,47.79,1,-1,-1,-1
111,17,311.98,117.84,85.18,76.42,1,-1,-1,-1
112,7,1635.16,120.24,97.39,69.23,1,-1,-1,-1
112,14,1067.74,298.23,179.09,152.07,1,-1,-1,-1
112,15,154.05,1032.16,159.12,47.84,1,-1,-1,-1
113,7,1634.92,120.37,97.63,68.73,1,-1,-1,-1
113,14,1069.72,295.19,185.96,150.54,1,-1,-1,-1
113,15,154.57,1032.15,158.45,47.85,1,-1,-1,-1
113,17,311.46,117.78,85.68,75.99,1,-1,-1,-1
114,7,1636.21,120.39,96.39,68.62,1,-1,-1,-1
114,14,1072.05,292.75,191.59,149.71,1,-1,-1,-1
114,15,154.53,1032.12,159.00,47.88,1,-1,-1,-1
115,7,1636.29,120.44,96.38,68.55,1,-1,-1,-1
115,14,1085.86,295.29,186.41,145.98,1,-1,-1,-1
115,15,154.68,1032.12,158.62,47.88,1,-1,-1,-1
116,7,1636.33,120.38,96.32,68.60,1,-1,-1,-1
116,14,1093.58,294.37,180.00,143.85,1,-1,-1,-1
116,15,155.35,1032.19,157.96,47.81,1,-1,-1,-1
117,7,1635.49,120.20,97.08,68.92,1,-1,-1,-1
117,14,1097.78,294.18,178.80,143.74,1,-1,-1,-1
117,15,155.64,1032.26,158.09,47.74,1,-1,-1,-1
118,14,1103.75,294.01,173.55,141.95,1,-1,-1,-1
118,15,156.10,1032.31,157.72,47.69,1,-1,-1,-1
119,14,1103.85,294.02,173.39,141.97,1,-1,-1,-1
119,15,156.52,1032.37,157.51,47.63,1,-1,-1,-1
120,7,1629.61,115.16,104.91,76.46,1,-1,-1,-1
120,14,1113.51,291.59,169.45,141.78,1,-1,-1,-1
120,15,155.51,1032.57,157.21,47.43,1,-1,-1,-1
120,17,311.27,117.89,85.89,76.48,1,-1,-1,-1
121,7,1629.91,115.52,104.65,76.27,1,-1,-1,-1
121,14,1120.85,289.86,169.43,144.28,1,-1,-1,-1
121,15,155.02,1032.54,157.68,47.46,1,-1,-1,-1
121,17,311.15,117.93,86.10,76.33,1,-1,-1,-1
122,7,1630.11,115.53,104.43,76.10,1,-1,-1,-1
122,14,1131.48,291.16,175.44,142.72,1,-1,-1,-1
122,15,154.82,1032.50,157.49,47.50,1,-1,-1,-1
122,17,311.39,117.92,85.92,76.18,1,-1,-1,-1
122,18,1521.76,118.43,92.85,69.70,1,-1,-1,-1
123,7,1633.45,120.06,99.15,70.14,1,-1,-1,-1
123,14,1131.53,291.18,175.86,142.71,1,-1,-1,-1
123,15,155.03,1032.50,157.35,47.50,1,-1,-1,-1
123,17,309.20,117.34,87.54,77.47,1,-1,-1,-1
123,18,1521.27,118.39,93.15,69.75,1,-1,-1,-1
124,7,1633.61,120.10,98.97,70.06,1,-1,-1,-1
124,14,1147.86,289.68,172.31,143.04,1,-1,-1,-1
124,15,153.47,1032.41,158.78,47.59,1,-1,-1,-1
124,17,311.47,117.80,85.82,76.24,1,-1,-1,-1
124,18,1521.19,118.28,93.15,69.93,1,-1,-1,-1
125,7,1633.41,120.05,99.22,69.88,1,-1,-1,-1
125,14,1152.61,289.37,173.76,144.54,1,-1,-1,-1
125,15,144.91,1032.08,167.46,47.92,1,-1,-1,-1
125,17,311.36,117.64,85.77,76.14,1,-1,-1,-1
126,7,1633.54,120.10,99.04,69.77,1,-1,-1,-1
126,14,1159.41,290.20,177.71,141.35,1,-1,-1,-1
126,15,161.17,1032.55,152.75,47.45,1,-1,-1,-1
126,17,311.15,117.57,86.05,76.06,1,-1,-1,-1
127,7,1634.15,120.12,98.39,69.84,1,-1,-1,-1
127,14,1166.49,289.44,176.50,142.02,1,-1,-1,-1
127,15,154.66,1032.37,158.08,47.63,1,-1,-1,-1
127,17,310.97,117.67,86.10,75.86,1,-1,-1,-1
128,7,1634.41,120.12,98.11,69.89,1,-1,-1,-1
128,14,1174.33,289.83,171.24,140.78,1,-1,-1,-1
128,15,155.39,1032.46,157.41,47.54,1,-1,-1,-1
129,7,1634.33,120.09,98.12,70.16,1,-1,-1,-1
129,14,1183.37,288.28,176.48,144.46,1,-1,-1,-1
129,15,155.13,1032.45,157.31,47.55,1,-1,-1,-1
130,7,1634.59,120.19,97.79,69.79,1,-1,-1,-1
130,14,1190.15,288.53,168.98,143.84,1,-1,-1,-1
130,15,154.96,1032.47,157.32,47.53,1,-1,-1,-1
131,7,1634.71,120.19,97.66,69.82,1,-1,-1,-1
131,14,1199.22,289.78,159.66,143.33,1,-1,-1,-1
131,15,154.44,1032.46,157.65,47.54,1,-1,-1,-1
132,7,1634.45,120.27,98.00,69.44,1,-1,-1,-1
132,14,1209.86,288.77,151.75,142.52,1,-1,-1,-1
132,15,154.91,1032.44,157.10,47.56,1,-1,-1,-1
132,17,311.21,117.74,85.52,75.70,1,-1,-1,-1
133,7,1634.26,120.18,98.20,69.51,1,-1,-1,-1
133,14,1217.57,287.91,141.68,144.90,1,-1,-1,-1
133,15,154.61,1032.37,157.61,47.63,1,-1,-1,-1
133,17,310.87,117.74,86.17,75.77,1,-1,-1,-1
134,7,1633.98,120.15,98.52,69.67,1,-1,-1,-1
134,14,1225.84,287.13,140.86,147.86,1,-1,-1,-1
134,15,154.69,1032.37,157.39,47.63,1,-1,-1,-1
134,17,311.18,117.75,85.84,75.79,1,-1,-1,-1
135,7,1633.63,120.11,98.92,69.62,1,-1,-1,-1
135,14,1225.64,286.90,141.24,147.79,1,-1,-1,-1
135,15,154.24,1032.35,157.46,47.65,1,-1,-1,-1
135,17,311.16,117.77,86.12,75.87,1,-1,-1,-1
136,7,1633.42,120.14,99.13,69.52,1,-1,-1,-1
136,14,1247.99,287.92,131.25,143.15,1,-1,-1,-1
136,15,154.34,1032.31,157.35,47.69,1,-1,-1,-1
136,17,311.49,117.76,85.82,75.83,1,-1,-1,-1
137,7,1633.23,120.11,99.30,69.46,1,-1,-1,-1
137,14,1248.00,288.22,131.39,142.96,1,-1,-1,-1
137,15,154.42,1032.31,157.26,47.69,1,-1,-1,-1
138,7,1633.37,120.13,99.13,69.43,1,-1,-1,-1
138,14,1264.87,286.81,128.98,152.20,1,-1,-1,-1
138,15,154.70,1032.33,156.87,47.67,1,-1,-1,-1
138,17,311.72,117.65,85.45,75.83,1,-1,-1,-1
139,7,1629.72,115.52,104.94,75.23,1,-1,-1,-1
139,14,1279.93,289.56,94.70,138.57,1,-1,-1,-1
139,15,154.90,1032.38,156.72,47.62,1,-1,-1,-1
139,17,311.74,117.64,85.17,75.58,1,-1,-1,-1
139,19,184.88,121.51,88.33,65.19,1,-1,-1,-1
140,7,1630.53,116.48,103.83,74.93,1,-1,-1,-1
140,17,312.52,117.54,84.74,75.78,1,-1,-1,-1
140,19,184.14,121.64,89.00,64.93,1,-1,-1,-1
141,7,1629.41,114.91,105.03,76.53,1,-1,-1,-1
141,17,312.40,117.54,84.70,75.90,1,-1,-1,-1
141,19,184.24,121.78,88.83,64.68,1,-1,-1,-1
141,20,1524.49,119.57,90.11,68.80,1,-1,-1,-1
142,7,1630.14,116.26,104.31,75.58,1,-1,-1,-1
142,14,1302.11,286.98,80.20,139.25,1,-1,-1,-1
142,17,312.32,117.55,84.65,75.62,1,-1,-1,-1
142,19,184.30,121.74,88.41,64.70,1,-1,-1,-1
142,20,1524.90,119.53,89.97,68.96,1,-1,-1,-1
143,14,1312.05,280.31,83.08,138.08,1,-1,-1,-1
143,17,312.39,117.56,84.34,75.42,1,-1,-1,-1
143,19,184.73,121.71,88.07,64.60,1,-1,-1,-1
144,17,310.46,117.04,85.80,77.10,1,-1,-1,-1
144,19,184.34,121.64,88.64,64.70,1,-1,-1,-1
145,17,310.31,117.04,85.97,77.27,1,-1,-1,-1
145,19,184.25,121.62,88.79,64.80,1,-1,-1,-1
146,17,310.47,117.05,85.84,77.26,1,-1,-1,-1
146,19,183.97,121.62,89.05,64.72,1,-1,-1,-1
146,21,1789.41,448.45,130.20,154.96,1,-1,-1,-1
147,17,312.55,117.62,84.06,75.63,1,-1,-1,-1
147,19,183.56,121.68,89.52,64.64,1,-1,-1,-1
148,17,310.51,117.08,85.74,77.28,1,-1,-1,-1
148,19,183.80,121.74,89.20,64.52,1,-1,-1,-1
149,17,310.44,117.08,85.77,77.06,1,-1,-1,-1
149,19,183.39,121.65,89.87,64.88,1,-1,-1,-1
149,21,1771.18,446.83,148.14,150.37,1,-1,-1,-1
150,17,310.59,117.06,85.60,77.03,1,-1,-1,-1
150,19,183.80,121.71,89.48,64.90,1,-1,-1,-1
150,21,1782.83,401.77,136.68,194.18,1,-1,-1,-1
