2,1,849.06,485.48,187.09,185.17,1,-1,-1,-1
2,2,1173.90,538.87,173.22,173.60,1,-1,-1,-1
2,4,1313.59,454.68,154.73,129.36,1,-1,-1,-1
2,5,1701.49,115.91,109.35,83.65,1,-1,-1,-1
2,6,1572.07,109.29,110.95,86.20,1,-1,-1,-1
2,7,106.58,121.30,115.27,70.72,1,-1,-1,-1
2,8,356.80,111.24,100.31,78.64,1,-1,-1,-1
2,9,236.12,109.92,100.89,69.42,1,-1,-1,-1
3,5,1699.56,115.33,112.23,84.60,1,-1,-1,-1
3,6,1573.04,108.28,109.00,88.46,1,-1,-1,-1
3,8,357.06,111.34,99.81,77.77,1,-1,-1,-1
3,9,236.20,104.98,100.91,77.69,1,-1,-1,-1
4,3,1072.49,533.90,168.69,154.24,1,-1,-1,-1
4,4,1285.99,439.55,186.25,142.88,1,-1,-1,-1
4,5,1698.94,115.47,111.96,83.38,1,-1,-1,-1
4,6,1572.18,109.50,110.92,84.35,1,-1,-1,-1
4,8,356.42,109.12,100.85,83.21,1,-1,-1,-1
4,9,234.96,108.64,102.55,73.91,1,-1,-1,-1
4,10,1778.24,907.99,140.19,166.03,1,-1,-1,-1
4,11,26.82,850.14,139.54,132.13,1,-1,-1,-1
5,5,1698.65,115.13,111.24,83.40,1,-1,-1,-1
5,6,1572.14,108.34,111.10,86.90,1,-1,-1,-1
5,7,103.05,118.32,116.37,69.89,1,-1,-1,-1
5,8,356.35,112.09,98.13,72.70,1,-1,-1,-1
5,9,226.41,110.04,113.22,80.70,1,-1,-1,-1
5,11,27.10,849.98,139.48,132.12,1,-1,-1,-1
6,1,926.65,555.27,165.40,122.84,1,-1,-1,-1
6,5,1695.20,114.21,116.29,87.14,1,-1,-1,-1
6,6,1570.55,108.41,113.34,87.58,1,-1,-1,-1
6,7,105.88,117.46,110.16,69.70,1,-1,-1,-1
6,8,355.35,111.46,98.51,69.58,1,-1,-1,-1
6,9,232.22,111.75,103.34,74.68,1,-1,-1,-1
6,11,27.81,849.34,138.01,132.91,1,-1,-1,-1
7,1,897.11,481.73,174.95,232.02,1,-1,-1,-1
7,5,1692.81,113.17,118.62,93.25,1,-1,-1,-1
7,6,1572.14,108.44,110.63,88.53,1,-1,-1,-1
7,7,104.10,114.94,113.81,80.31,1,-1,-1,-1
7,8,353.66,107.97,103.35,80.40,1,-1,-1,-1
7,9,233.45,112.43,102.73,69.31,1,-1,-1,-1
7,11,28.27,849.29,137.19,132.82,1,-1,-1,-1
8,1,880.38,488.80,169.93,219.20,1,-1,-1,-1
8,5,1693.76,115.43,116.68,89.90,1,-1,-1,-1
8,6,1573.36,109.03,108.38,87.68,1,-1,-1,-1
8,8,357.08,109.85,95.56,78.15,1,-1,-1,-1
8,9,233.25,113.23,103.38,68.79,1,-1,-1,-1
8,11,28.28,849.51,137.19,132.50,1,-1,-1,-1
8,12,679.84,452.48,179.58,214.62,1,-1,-1,-1
9,1,874.82,471.40,167.58,238.69,1,-1,-1,-1
9,5,1693.53,115.52,117.10,87.88,1,-1,-1,-1
9,6,1573.43,108.99,108.86,87.69,1,-1,-1,-1
9,8,356.09,110.26,97.35,78.74,1,-1,-1,-1
9,9,232.35,112.15,104.24,71.15,1,-1,-1,-1
9,11,28.50,849.58,137.63,131.92,1,-1,-1,-1
9,12,683.24,458.01,172.44,209.43,1,-1,-1,-1
10,1,883.48,483.51,165.98,218.91,1,-1,-1,-1
10,5,1696.05,112.36,113.13,90.77,1,-1,-1,-1
10,6,1569.91,108.73,113.95,88.50,1,-1,-1,-1
10,7,116.70,114.73,95.93,88.80,1,-1,-1,-1
10,8,353.85,110.37,103.59,79.99,1,-1,-1,-1
10,9,232.33,110.31,104.83,70.83,1,-1,-1,-1
10,11,28.86,849.63,137.38,132.36,1,-1,-1,-1
10,12,697.01,467.34,161.41,201.86,1,-1,-1,-1
11,1,899.69,477.98,161.73,228.46,1,-1,-1,-1
11,5,1695.86,111.97,114.56,90.98,1,-1,-1,-1
11,6,1572.26,108.40,110.35,89.15,1,-1,-1,-1
11,7,117.80,115.54,95.92,87.92,1,-1,-1,-1
11,8,354.50,110.95,102.36,78.91,1,-1,-1,-1
11,9,233.63,107.03,103.19,72.95,1,-1,-1,-1
11,11,29.30,849.43,136.79,132.81,1,-1,-1,-1
11,12,718.13,470.19,153.84,204.35,1,-1,-1,-1
12,1,916.51,479.93,161.35,224.28,1,-1,-1,-1
12,5,1696.46,114.01,114.25,89.47,1,-1,-1,-1
12,6,1572.73,107.97,110.34,90.41,1,-1,-1,-1
12,7,118.81,116.14,95.24,86.05,1,-1,-1,-1
12,8,354.63,111.05,101.60,78.32,1,-1,-1,-1
12,9,234.16,106.40,102.94,72.00,1,-1,-1,-1
12,11,29.08,849.65,137.32,132.64,1,-1,-1,-1
12,12,734.80,529.60,155.21,130.83,1,-1,-1,-1
13,1,939.34,491.64,169.13,203.05,1,-1,-1,-1
13,5,1696.64,113.66,115.54,89.33,1,-1,-1,-1
13,6,1572.47,108.62,110.70,88.18,1,-1,-1,-1
13,7,108.87,120.69,109.25,67.03,1,-1,-1,-1
13,8,354.64,110.34,102.72,80.77,1,-1,-1,-1
13,9,233.74,109.27,104.08,69.97,1,-1,-1,-1
13,11,28.73,849.67,138.73,132.68,1,-1,-1,-1
13,12,760.81,539.21,152.98,128.06,1,-1,-1,-1
14,1,968.78,482.00,163.69,203.82,1,-1,-1,-1
14,5,1697.26,115.15,113.97,84.69,1,-1,-1,-1
14,6,1573.50,108.69,108.70,87.96,1,-1,-1,-1
14,7,116.65,114.40,96.06,77.71,1,-1,-1,-1
14,8,355.74,110.93,98.74,77.82,1,-1,-1,-1
14,9,230.95,110.89,107.93,74.44,1,-1,-1,-1
14,11,29.74,849.65,137.68,132.56,1,-1,-1,-1
14,12,782.46,541.82,149.46,119.36,1,-1,-1,-1
15,1,981.61,461.91,161.49,216.66,1,-1,-1,-1
15,5,1694.59,113.75,117.52,87.83,1,-1,-1,-1
15,6,1572.76,109.00,110.09,87.18,1,-1,-1,-1
15,7,117.69,113.43,96.29,80.56,1,-1,-1,-1
15,8,354.96,109.96,100.63,83.38,1,-1,-1,-1
15,9,226.28,114.47,113.32,75.00,1,-1,-1,-1
15,11,29.86,849.65,137.80,132.47,1,-1,-1,-1
15,12,790.58,508.12,147.06,152.46,1,-1,-1,-1
16,1,985.27,458.57,159.63,208.05,1,-1,-1,-1
16,5,1694.95,114.40,117.18,86.75,1,-1,-1,-1
16,6,1573.58,108.86,108.57,87.60,1,-1,-1,-1
16,7,119.30,114.02,94.87,80.53,1,-1,-1,-1
16,8,354.93,110.18,100.34,84.21,1,-1,-1,-1
16,9,225.89,116.81,113.31,73.99,1,-1,-1,-1
16,11,30.34,849.34,137.18,132.80,1,-1,-1,-1
16,12,789.31,518.15,148.88,121.75,1,-1,-1,-1
17,1,949.45,450.03,163.05,212.99,1,-1,-1,-1
17,5,1694.16,109.60,117.38,99.06,1,-1,-1,-1
17,6,1574.75,108.78,107.55,87.99,1,-1,-1,-1
17,7,120.31,113.88,95.04,82.88,1,-1,-1,-1
17,8,353.14,112.65,105.77,74.37,1,-1,-1,-1
17,9,234.00,115.52,102.07,70.86,1,-1,-1,-1
17,11,30.05,849.48,137.39,132.71,1,-1,-1,-1
17,12,743.78,468.84,163.36,179.70,1,-1,-1,-1
18,1,916.80,447.18,162.87,216.73,1,-1,-1,-1
18,5,1697.11,111.63,112.89,92.41,1,-1,-1,-1
18,6,1573.50,108.82,110.01,88.27,1,-1,-1,-1
18,7,120.29,114.27,95.86,83.66,1,-1,-1,-1
18,8,353.17,110.92,105.92,74.10,1,-1,-1,-1
18,9,233.96,114.59,103.08,70.32,1,-1,-1,-1
18,11,30.10,849.36,137.02,132.90,1,-1,-1,-1
18,12,706.74,495.70,169.30,135.60,1,-1,-1,-1
19,1,871.31,447.72,169.01,228.28,1,-1,-1,-1
19,5,1692.36,113.01,120.09,90.98,1,-1,-1,-1
19,6,1573.81,108.46,110.01,89.87,1,-1,-1,-1
19,7,110.36,118.03,109.85,75.24,1,-1,-1,-1
19,8,355.92,110.25,98.88,73.62,1,-1,-1,-1
19,9,232.77,107.74,105.55,78.89,1,-1,-1,-1
19,11,29.32,849.38,138.28,132.69,1,-1,-1,-1
19,12,664.63,447.49,175.06,209.47,1,-1,-1,-1
20,1,847.82,534.42,160.56,132.93,1,-1,-1,-1
20,5,1694.06,114.74,117.00,85.79,1,-1,-1,-1
20,6,1574.08,108.88,109.87,89.10,1,-1,-1,-1
20,7,119.98,115.07,93.30,81.42,1,-1,-1,-1
20,8,354.87,107.62,103.63,81.71,1,-1,-1,-1
20,9,234.15,105.74,103.19,76.01,1,-1,-1,-1
20,11,29.78,849.29,137.44,132.77,1,-1,-1,-1
20,12,637.85,450.22,182.24,208.95,1,-1,-1,-1
21,1,846.65,483.11,166.88,228.78,1,-1,-1,-1
21,5,1697.51,113.23,112.42,88.48,1,-1,-1,-1
21,6,1577.96,109.72,103.74,86.56,1,-1,-1,-1
21,7,111.81,119.21,105.06,67.61,1,-1,-1,-1
21,8,355.91,109.17,101.56,81.56,1,-1,-1,-1
21,9,231.30,106.73,106.51,74.96,1,-1,-1,-1
21,11,29.73,849.00,137.15,133.69,1,-1,-1,-1
21,12,632.69,450.61,202.25,212.70,1,-1,-1,-1
22,1,872.36,480.64,164.61,226.71,1,-1,-1,-1
22,5,1699.37,113.45,111.39,89.18,1,-1,-1,-1
22,6,1577.42,108.59,105.56,89.84,1,-1,-1,-1
22,7,118.37,113.17,94.48,84.00,1,-1,-1,-1
22,8,355.74,110.92,99.64,75.89,1,-1,-1,-1
22,9,229.44,108.96,108.14,77.42,1,-1,-1,-1
22,11,29.21,849.67,138.28,133.01,1,-1,-1,-1
22,12,657.31,447.72,208.49,217.30,1,-1,-1,-1
23,1,895.21,500.03,157.58,199.33,1,-1,-1,-1
23,5,1705.43,114.09,104.36,87.71,1,-1,-1,-1
23,6,1574.10,108.08,109.70,91.05,1,-1,-1,-1
23,7,119.92,115.92,93.12,78.46,1,-1,-1,-1
23,8,355.43,110.95,99.04,72.36,1,-1,-1,-1
23,9,226.29,111.71,111.50,77.09,1,-1,-1,-1
23,11,29.19,849.98,138.20,132.79,1,-1,-1,-1
23,12,686.04,445.05,200.39,223.02,1,-1,-1,-1
24,1,897.23,474.63,158.77,235.88,1,-1,-1,-1
24,5,1704.55,113.76,106.98,88.48,1,-1,-1,-1
24,6,1571.26,108.65,112.76,90.71,1,-1,-1,-1
24,7,110.65,118.95,107.36,68.41,1,-1,-1,-1
24,8,354.18,108.31,102.10,82.38,1,-1,-1,-1
24,9,228.71,111.42,107.75,76.68,1,-1,-1,-1
24,11,28.73,849.74,139.12,133.35,1,-1,-1,-1
24,12,691.90,450.92,194.25,218.93,1,-1,-1,-1
25,1,897.41,476.73,153.54,228.00,1,-1,-1,-1
25,5,1699.67,114.53,112.60,85.21,1,-1,-1,-1
25,6,1573.28,109.10,108.81,89.21,1,-1,-1,-1
25,7,107.14,112.03,115.03,96.66,1,-1,-1,-1
25,8,354.65,110.13,101.85,81.11,1,-1,-1,-1
25,9,214.77,110.79,126.29,88.10,1,-1,-1,-1
25,11,29.51,850.07,137.87,132.79,1,-1,-1,-1
25,12,699.77,464.30,148.16,206.65,1,-1,-1,-1
26,1,894.37,497.91,154.64,199.99,1,-1,-1,-1
26,5,1697.72,114.02,113.47,85.39,1,-1,-1,-1
26,6,1573.34,108.95,108.92,88.98,1,-1,-1,-1
26,7,107.18,116.24,115.54,96.84,1,-1,-1,-1
26,8,355.07,110.55,101.09,81.15,1,-1,-1,-1
26,9,220.99,115.72,114.69,71.63,1,-1,-1,-1
26,11,29.57,849.93,137.96,133.08,1,-1,-1,-1
26,12,689.72,464.50,148.54,211.67,1,-1,-1,-1
27,1,884.84,547.99,153.11,137.84,1,-1,-1,-1
27,5,1699.36,114.06,110.85,86.15,1,-1,-1,-1
27,6,1577.25,109.71,103.81,85.87,1,-1,-1,-1
27,7,108.96,118.86,110.67,95.54,1,-1,-1,-1
27,8,355.90,110.54,97.96,81.23,1,-1,-1,-1
27,9,227.50,114.44,107.36,69.64,1,-1,-1,-1
27,11,29.72,850.01,138.18,132.96,1,-1,-1,-1
27,12,677.59,454.86,152.09,223.09,1,-1,-1,-1
28,1,878.98,489.11,156.88,224.21,1,-1,-1,-1
28,5,1700.69,114.07,109.81,87.36,1,-1,-1,-1
28,6,1577.25,109.21,104.57,86.03,1,-1,-1,-1
28,7,109.48,119.65,110.73,95.41,1,-1,-1,-1
28,8,354.90,110.45,99.76,81.48,1,-1,-1,-1
28,9,216.30,110.65,123.98,86.42,1,-1,-1,-1
28,11,29.96,849.98,138.01,132.93,1,-1,-1,-1
28,12,677.58,492.96,148.98,170.83,1,-1,-1,-1
29,1,888.50,483.08,155.38,219.46,1,-1,-1,-1
29,5,1699.96,114.12,111.24,88.01,1,-1,-1,-1
29,6,1573.66,108.16,111.84,88.83,1,-1,-1,-1
29,8,355.41,110.33,99.52,82.05,1,-1,-1,-1
29,9,227.86,115.55,107.40,69.28,1,-1,-1,-1
29,12,688.19,502.39,147.08,168.96,1,-1,-1,-1
30,1,897.05,477.38,154.76,224.23,1,-1,-1,-1
30,5,1697.70,114.81,113.97,86.96,1,-1,-1,-1
30,6,1573.87,108.67,110.80,88.04,1,-1,-1,-1
30,8,356.99,110.33,97.31,82.58,1,-1,-1,-1
30,9,231.72,115.06,103.21,67.91,1,-1,-1,-1
30,11,30.96,849.85,136.61,132.52,1,-1,-1,-1
30,12,697.92,519.64,149.49,156.31,1,-1,-1,-1
31,1,897.54,481.21,154.51,217.38,1,-1,-1,-1
31,5,1700.20,115.46,110.57,85.78,1,-1,-1,-1
31,6,1575.56,109.75,106.83,85.30,1,-1,-1,-1
31,8,355.85,109.58,99.20,87.02,1,-1,-1,-1
31,9,232.93,115.06,103.15,66.36,1,-1,-1,-1
31,11,30.87,849.76,136.94,132.62,1,-1,-1,-1
31,12,701.34,525.08,146.28,157.17,1,-1,-1,-1
32,1,896.25,477.60,151.42,219.50,1,-1,-1,-1
32,5,1698.98,115.26,112.86,86.24,1,-1,-1,-1
32,6,1573.47,108.73,109.59,87.20,1,-1,-1,-1
32,8,355.56,110.47,99.43,86.61,1,-1,-1,-1
32,9,234.17,114.58,102.02,66.43,1,-1,-1,-1
32,11,30.80,849.58,137.11,132.83,1,-1,-1,-1
32,12,702.97,535.96,142.87,143.88,1,-1,-1,-1
33,1,886.66,535.67,151.70,142.17,1,-1,-1,-1
33,5,1697.15,114.59,115.51,89.07,1,-1,-1,-1
33,6,1573.89,108.26,108.43,88.89,1,-1,-1,-1
33,8,354.66,110.73,100.08,86.21,1,-1,-1,-1
33,9,229.95,114.54,108.06,66.96,1,-1,-1,-1
33,11,30.49,849.44,137.68,133.04,1,-1,-1,-1
33,12,691.93,507.87,147.77,180.07,1,-1,-1,-1
34,1,872.84,551.74,151.16,135.07,1,-1,-1,-1
34,5,1696.62,115.07,115.75,88.86,1,-1,-1,-1
34,6,1573.60,107.56,109.16,93.10,1,-1,-1,-1
34,8,353.90,110.75,102.26,86.63,1,-1,-1,-1
34,9,231.95,114.46,105.92,66.58,1,-1,-1,-1
34,11,30.59,849.42,137.42,132.87,1,-1,-1,-1
34,12,681.76,505.25,146.92,174.54,1,-1,-1,-1
35,1,859.31,499.95,160.79,205.90,1,-1,-1,-1
35,5,1695.51,115.53,116.03,87.74,1,-1,-1,-1
35,6,1573.09,108.81,109.84,90.90,1,-1,-1,-1
35,8,354.46,110.91,101.27,85.43,1,-1,-1,-1
35,9,231.74,114.25,105.81,67.20,1,-1,-1,-1
35,11,30.52,849.45,137.71,132.79,1,-1,-1,-1
35,12,680.02,483.75,145.49,195.89,1,-1,-1,-1
36,1,865.06,503.62,155.87,188.37,1,-1,-1,-1
36,5,1694.02,115.36,117.12,88.73,1,-1,-1,-1
36,6,1573.77,109.37,108.33,88.66,1,-1,-1,-1
36,8,352.89,111.43,107.21,79.29,1,-1,-1,-1
36,9,234.19,114.00,101.71,68.15,1,-1,-1,-1
36,11,29.51,848.10,139.87,136.47,1,-1,-1,-1
36,12,682.58,492.99,149.79,175.29,1,-1,-1,-1
37,1,889.37,466.06,172.43,233.78,1,-1,-1,-1
37,5,1693.64,110.48,115.60,92.28,1,-1,-1,-1
37,6,1572.09,109.15,110.67,88.37,1,-1,-1,-1
37,8,355.88,109.94,99.67,82.09,1,-1,-1,-1
37,9,232.27,110.75,105.50,73.08,1,-1,-1,-1
37,11,30.30,849.62,138.94,133.50,1,-1,-1,-1
37,12,721.66,486.85,148.70,179.41,1,-1,-1,-1
38,1,925.57,467.83,158.35,224.67,1,-1,-1,-1
38,5,1701.62,111.55,106.01,87.71,1,-1,-1,-1
38,6,1572.55,108.74,110.08,88.28,1,-1,-1,-1
38,7,120.21,115.84,94.44,84.73,1,-1,-1,-1
38,8,355.70,111.02,99.94,77.93,1,-1,-1,-1
38,9,234.15,109.97,102.71,72.41,1,-1,-1,-1
38,11,31.01,849.61,137.74,133.54,1,-1,-1,-1
38,12,757.03,527.59,145.75,126.92,1,-1,-1,-1
39,1,938.65,483.38,149.28,202.51,1,-1,-1,-1
39,5,1699.90,109.56,110.05,91.34,1,-1,-1,-1
39,6,1572.49,108.15,110.17,90.60,1,-1,-1,-1
39,8,355.45,109.86,99.73,80.65,1,-1,-1,-1
39,9,233.56,110.03,104.00,72.24,1,-1,-1,-1
39,11,31.11,849.62,137.53,133.36,1,-1,-1,-1
39,12,769.98,530.10,143.66,134.23,1,-1,-1,-1
40,1,922.79,462.71,159.20,230.63,1,-1,-1,-1
40,5,1696.68,112.53,115.36,88.42,1,-1,-1,-1
40,6,1576.19,109.77,105.08,86.47,1,-1,-1,-1
40,8,355.99,109.17,99.79,84.83,1,-1,-1,-1
40,9,234.54,112.60,103.28,68.10,1,-1,-1,-1
40,11,31.16,849.63,137.12,133.24,1,-1,-1,-1
40,12,765.11,508.82,145.05,163.86,1,-1,-1,-1
41,1,916.65,479.62,149.36,208.33,1,-1,-1,-1
41,5,1699.56,114.26,111.35,86.89,1,-1,-1,-1
41,6,1577.29,109.60,103.10,85.90,1,-1,-1,-1
41,8,355.76,110.17,98.70,83.79,1,-1,-1,-1
41,9,235.17,114.92,102.69,66.02,1,-1,-1,-1
41,11,30.67,849.40,138.32,133.58,1,-1,-1,-1
41,12,754.60,508.82,142.95,165.96,1,-1,-1,-1
41,13,1782.64,926.14,135.65,153.18,1,-1,-1,-1
42,1,907.98,480.16,148.71,223.09,1,-1,-1,-1
42,5,1696.52,115.10,116.49,87.23,1,-1,-1,-1
42,6,1578.04,108.94,100.53,87.91,1,-1,-1,-1
42,7,121.77,115.24,94.74,79.92,1,-1,-1,-1
42,8,354.25,109.62,101.01,87.24,1,-1,-1,-1
42,9,235.65,114.78,102.46,66.90,1,-1,-1,-1
42,11,30.57,849.49,138.43,133.52,1,-1,-1,-1
42,12,746.93,514.10,139.33,171.92,1,-1,-1,-1
42,13,1782.81,926.29,135.65,153.19,1,-1,-1,-1
43,1,903.64,505.25,148.38,207.43,1,-1,-1,-1
43,5,1699.49,116.04,112.36,86.10,1,-1,-1,-1
43,6,1577.34,109.42,100.54,86.56,1,-1,-1,-1
43,7,118.48,114.48,98.48,83.64,1,-1,-1,-1
43,8,353.67,110.51,102.43,85.79,1,-1,-1,-1
43,9,235.75,114.39,102.54,67.08,1,-1,-1,-1
43,11,30.46,849.48,138.62,133.63,1,-1,-1,-1
43,12,742.23,510.09,142.25,187.44,1,-1,-1,-1
43,13,1782.73,927.80,136.12,151.38,1,-1,-1,-1
44,1,904.88,581.45,149.71,131.85,1,-1,-1,-1
44,5,1700.97,115.69,110.39,87.21,1,-1,-1,-1
44,6,1576.52,109.33,104.83,86.38,1,-1,-1,-1
44,8,353.99,110.74,101.52,84.74,1,-1,-1,-1
44,9,224.53,114.28,116.69,70.14,1,-1,-1,-1
44,11,29.70,848.19,140.03,137.30,1,-1,-1,-1
44,12,749.77,588.17,139.13,98.64,1,-1,-1,-1
44,13,1782.70,927.98,136.33,151.87,1,-1,-1,-1
45,1,921.99,549.24,150.77,193.35,1,-1,-1,-1
45,5,1701.26,114.74,110.10,87.63,1,-1,-1,-1
45,6,1579.37,109.91,101.19,83.99,1,-1,-1,-1
45,7,107.60,116.57,114.43,72.40,1,-1,-1,-1
45,8,354.95,110.86,98.75,82.29,1,-1,-1,-1
45,9,227.18,113.79,111.80,69.41,1,-1,-1,-1
45,11,29.44,848.63,141.21,137.07,1,-1,-1,-1
45,12,769.88,571.57,143.75,135.08,1,-1,-1,-1
46,1,944.56,550.15,142.62,183.40,1,-1,-1,-1
46,5,1699.00,114.84,113.35,85.92,1,-1,-1,-1
46,6,1579.68,108.99,101.52,85.75,1,-1,-1,-1
46,7,116.30,111.50,98.57,91.01,1,-1,-1,-1
46,8,355.52,109.07,100.19,86.97,1,-1,-1,-1
46,11,30.66,849.86,139.27,133.67,1,-1,-1,-1
46,12,791.51,552.58,157.26,152.63,1,-1,-1,-1
47,5,1698.56,115.71,113.59,83.04,1,-1,-1,-1
47,6,1576.00,106.96,107.85,92.45,1,-1,-1,-1
47,7,108.85,118.47,113.55,71.75,1,-1,-1,-1
47,9,219.70,56.14,201.77,136.79,1,-1,-1,-1
47,11,29.28,848.36,141.82,137.15,1,-1,-1,-1
47,13,1779.30,927.96,140.15,152.22,1,-1,-1,-1
48,5,1695.74,114.22,115.04,88.04,1,-1,-1,-1
48,6,1575.46,108.91,105.89,87.97,1,-1,-1,-1
48,7,108.57,116.33,112.31,74.68,1,-1,-1,-1
48,9,231.94,46.83,205.54,138.14,1,-1,-1,-1
48,11,29.95,849.80,140.62,133.57,1,-1,-1,-1
48,13,1780.21,924.60,138.61,156.28,1,-1,-1,-1
49,5,1694.00,115.99,116.20,83.52,1,-1,-1,-1
49,6,1574.98,109.74,106.54,84.66,1,-1,-1,-1
49,7,107.23,115.22,112.53,79.08,1,-1,-1,-1
49,9,242.79,46.19,183.36,133.55,1,-1,-1,-1
49,11,28.87,848.83,142.95,136.47,1,-1,-1,-1
49,13,1780.64,901.01,138.30,185.29,1,-1,-1,-1
50,5,1695.71,114.84,112.62,84.75,1,-1,-1,-1
50,6,1573.57,108.41,108.23,86.99,1,-1,-1,-1
50,7,104.48,115.96,113.83,77.21,1,-1,-1,-1
50,8,354.04,110.57,104.22,75.54,1,-1,-1,-1
50,9,243.52,44.33,171.30,134.16,1,-1,-1,-1
50,11,28.99,848.98,142.56,136.54,1,-1,-1,-1
50,13,1780.24,898.72,139.01,181.80,1,-1,-1,-1
51,5,1694.98,113.35,110.87,85.49,1,-1,-1,-1
51,6,1581.99,110.18,97.09,82.02,1,-1,-1,-1
51,7,107.29,117.79,109.71,71.70,1,-1,-1,-1
51,8,354.64,107.88,103.17,86.14,1,-1,-1,-1
51,9,243.83,49.69,142.89,130.32,1,-1,-1,-1
51,11,28.91,849.15,141.97,136.42,1,-1,-1,-1
52,5,1696.48,113.97,110.71,84.71,1,-1,-1,-1
52,6,1575.34,106.94,108.65,90.11,1,-1,-1,-1
52,7,118.86,111.62,94.07,88.73,1,-1,-1,-1
52,8,355.15,111.89,103.79,72.79,1,-1,-1,-1
52,9,238.34,54.56,143.64,123.99,1,-1,-1,-1
52,11,29.39,848.88,140.68,136.72,1,-1,-1,-1
53,5,1696.91,112.14,111.16,87.42,1,-1,-1,-1
53,6,1576.46,108.65,106.20,86.95,1,-1,-1,-1
53,7,111.49,117.40,109.17,75.10,1,-1,-1,-1
53,8,357.06,109.64,100.20,78.04,1,-1,-1,-1
53,9,236.91,54.68,136.79,125.25,1,-1,-1,-1
53,11,29.69,849.27,140.96,136.04,1,-1,-1,-1
54,5,1695.40,114.03,114.23,84.01,1,-1,-1,-1
54,6,1575.13,108.38,107.95,89.26,1,-1,-1,-1
54,7,104.40,117.25,117.71,75.86,1,-1,-1,-1
54,8,357.04,110.05,99.33,77.35,1,-1,-1,-1
54,9,232.48,51.03,148.20,131.10,1,-1,-1,-1
54,11,29.64,849.95,140.93,134.93,1,-1,-1,-1
55,5,1695.75,114.64,114.07,84.36,1,-1,-1,-1
55,6,1574.67,108.73,108.16,89.49,1,-1,-1,-1
55,7,104.82,116.71,114.52,78.71,1,-1,-1,-1
55,8,357.24,110.51,98.13,75.58,1,-1,-1,-1
55,9,235.63,50.38,142.82,132.19,1,-1,-1,-1
55,11,29.65,849.97,140.84,134.87,1,-1,-1,-1
56,5,1694.64,114.71,115.82,85.05,1,-1,-1,-1
56,6,1573.70,108.83,109.31,89.89,1,-1,-1,-1
56,8,356.62,108.26,102.00,83.22,1,-1,-1,-1
56,9,235.03,48.75,146.42,135.06,1,-1,-1,-1
56,11,29.36,849.77,141.11,135.17,1,-1,-1,-1
56,15,1620.30,465.63,156.34,189.22,1,-1,-1,-1
56,16,1483.86,437.09,175.74,161.46,1,-1,-1,-1
57,5,1697.27,114.18,112.32,85.46,1,-1,-1,-1
57,6,1574.78,108.61,107.71,91.13,1,-1,-1,-1
57,8,357.14,111.84,98.40,70.92,1,-1,-1,-1
57,9,234.78,50.82,151.85,129.77,1,-1,-1,-1
57,11,29.43,850.12,140.79,134.57,1,-1,-1,-1
57,15,1614.07,465.18,158.48,176.79,1,-1,-1,-1
58,5,1701.08,114.97,107.63,83.65,1,-1,-1,-1
58,6,1581.22,111.29,99.63,80.81,1,-1,-1,-1
58,7,107.65,117.39,108.62,78.14,1,-1,-1,-1
58,8,356.59,109.98,98.10,72.01,1,-1,-1,-1
58,9,241.31,65.91,117.60,110.44,1,-1,-1,-1
58,11,29.31,849.90,140.44,134.90,1,-1,-1,-1
58,15,1599.89,450.34,159.23,188.19,1,-1,-1,-1
59,5,1698.68,115.25,111.37,82.85,1,-1,-1,-1
59,6,1576.02,108.26,108.20,86.28,1,-1,-1,-1
59,7,113.92,114.85,99.33,84.86,1,-1,-1,-1
59,8,354.66,109.46,102.71,71.57,1,-1,-1,-1
59,9,230.08,51.87,146.11,132.42,1,-1,-1,-1
59,11,29.52,850.17,139.70,134.47,1,-1,-1,-1
59,15,1584.27,455.84,157.74,182.96,1,-1,-1,-1
60,5,1701.23,115.69,107.70,81.32,1,-1,-1,-1
60,6,1574.84,108.06,108.97,86.98,1,-1,-1,-1
60,7,115.00,114.88,100.21,86.04,1,-1,-1,-1
60,8,355.97,109.25,99.32,73.22,1,-1,-1,-1
60,9,232.07,49.75,150.13,131.64,1,-1,-1,-1
60,11,29.33,850.05,139.77,134.77,1,-1,-1,-1
60,14,151.85,550.93,133.71,85.67,1,-1,-1,-1
60,15,1575.18,462.93,156.08,187.06,1,-1,-1,-1
60,17,1317.77,466.91,133.30,102.70,1,-1,-1,-1
61,5,1700.94,115.83,108.21,80.73,1,-1,-1,-1
61,6,1573.85,108.18,109.51,87.10,1,-1,-1,-1
61,7,118.26,113.71,96.14,89.10,1,-1,-1,-1
61,8,356.11,109.79,98.04,72.63,1,-1,-1,-1
61,9,243.46,95.33,104.19,72.02,1,-1,-1,-1
61,11,30.33,850.67,138.17,134.20,1,-1,-1,-1
61,14,161.85,556.45,129.55,85.09,1,-1,-1,-1
61,15,1573.72,481.80,154.13,171.58,1,-1,-1,-1
61,17,1321.49,469.08,129.99,99.14,1,-1,-1,-1
62,5,1697.63,114.46,112.57,83.30,1,-1,-1,-1
62,6,1578.01,109.54,103.92,81.27,1,-1,-1,-1
62,8,354.38,109.95,101.71,72.21,1,-1,-1,-1
62,9,235.45,97.21,108.65,82.24,1,-1,-1,-1
62,11,29.74,850.45,139.17,134.90,1,-1,-1,-1
63,5,1694.20,113.31,116.66,85.54,1,-1,-1,-1
63,6,1573.68,107.29,110.63,87.41,1,-1,-1,-1
63,8,355.91,109.61,99.48,72.57,1,-1,-1,-1
63,9,232.90,102.52,106.31,79.25,1,-1,-1,-1
63,11,29.46,850.82,139.53,134.48,1,-1,-1,-1
64,5,1694.91,113.44,112.90,85.27,1,-1,-1,-1
64,6,1577.41,107.53,105.20,90.90,1,-1,-1,-1
64,7,105.40,117.68,116.46,68.54,1,-1,-1,-1
64,8,355.60,109.81,100.27,71.60,1,-1,-1,-1
64,9,229.06,111.54,108.68,69.80,1,-1,-1,-1
64,11,29.96,851.67,138.60,131.69,1,-1,-1,-1
65,5,1695.44,113.86,115.54,88.53,1,-1,-1,-1
65,6,1575.02,108.66,109.52,90.89,1,-1,-1,-1
65,7,105.01,115.55,114.13,67.84,1,-1,-1,-1
65,8,358.06,107.76,96.39,80.79,1,-1,-1,-1
65,9,229.16,113.69,107.83,68.77,1,-1,-1,-1
65,11,29.74,851.28,139.24,131.67,1,-1,-1,-1
66,5,1692.83,114.17,120.62,90.66,1,-1,-1,-1
66,6,1574.47,109.16,109.82,91.18,1,-1,-1,-1
66,7,104.65,114.58,113.81,67.67,1,-1,-1,-1
66,8,354.79,110.85,103.86,73.22,1,-1,-1,-1
66,9,229.18,112.87,108.44,70.16,1,-1,-1,-1
66,11,29.84,851.07,139.19,131.61,1,-1,-1,-1
67,5,1693.41,116.02,118.65,87.68,1,-1,-1,-1
67,6,1572.84,109.17,111.64,91.73,1,-1,-1,-1
67,7,105.18,113.13,112.34,69.65,1,-1,-1,-1
67,8,356.08,110.04,101.38,73.15,1,-1,-1,-1
67,9,229.81,112.91,108.01,69.34,1,-1,-1,-1
67,11,30.15,850.82,138.88,131.83,1,-1,-1,-1
68,5,1688.42,114.87,124.98,88.98,1,-1,-1,-1
68,6,1572.34,108.78,111.79,93.38,1,-1,-1,-1
68,7,115.31,109.15,99.08,87.68,1,-1,-1,-1
68,8,355.18,109.17,102.26,74.08,1,-1,-1,-1
68,9,219.08,57.86,168.28,139.43,1,-1,-1,-1
68,11,29.41,849.98,140.84,134.57,1,-1,-1,-1
69,5,1688.05,113.55,127.00,91.51,1,-1,-1,-1
69,6,1571.63,108.97,112.72,93.79,1,-1,-1,-1
69,7,120.08,112.15,95.58,87.29,1,-1,-1,-1
69,9,227.83,45.50,181.74,139.52,1,-1,-1,-1
69,11,29.43,850.10,140.70,134.87,1,-1,-1,-1
70,5,1688.58,114.74,125.29,87.92,1,-1,-1,-1
70,6,1571.10,109.89,113.49,90.96,1,-1,-1,-1
70,7,106.23,118.46,116.03,72.49,1,-1,-1,-1
70,8,359.26,109.15,93.56,75.55,1,-1,-1,-1
70,9,252.50,94.70,103.25,69.16,1,-1,-1,-1
70,11,29.77,850.17,139.93,134.91,1,-1,-1,-1
71,5,1688.23,114.28,125.56,87.82,1,-1,-1,-1
71,6,1570.99,109.46,113.61,91.09,1,-1,-1,-1
71,7,118.81,112.66,95.29,87.99,1,-1,-1,-1
71,8,359.02,109.40,93.64,75.83,1,-1,-1,-1
71,9,242.53,103.95,103.55,69.30,1,-1,-1,-1
71,11,29.88,850.26,139.79,134.86,1,-1,-1,-1
72,5,1689.83,113.50,123.26,88.67,1,-1,-1,-1
72,6,1572.34,109.01,111.13,90.49,1,-1,-1,-1
72,7,119.74,113.95,95.12,86.69,1,-1,-1,-1
72,8,354.42,107.10,101.33,75.55,1,-1,-1,-1
72,9,225.83,56.05,157.10,136.69,1,-1,-1,-1
72,11,30.83,851.15,137.93,132.00,1,-1,-1,-1
72,18,430.85,464.35,123.91,78.33,1,-1,-1,-1
73,5,1691.18,114.56,121.50,86.25,1,-1,-1,-1
73,6,1575.95,108.66,106.83,90.01,1,-1,-1,-1
73,7,103.25,119.53,119.35,67.91,1,-1,-1,-1
73,8,354.08,103.70,100.54,77.99,1,-1,-1,-1
73,9,231.18,48.03,161.44,136.54,1,-1,-1,-1
73,11,30.85,850.76,137.89,132.07,1,-1,-1,-1
73,18,433.28,477.12,118.59,74.67,1,-1,-1,-1
74,5,1694.00,114.77,119.40,86.94,1,-1,-1,-1
74,6,1575.04,107.61,108.38,93.30,1,-1,-1,-1
74,7,101.86,116.83,117.90,68.53,1,-1,-1,-1
74,8,357.58,107.11,94.41,74.41,1,-1,-1,-1
74,9,246.23,95.47,105.76,70.38,1,-1,-1,-1
74,11,31.31,850.63,137.30,132.03,1,-1,-1,-1
75,5,1699.29,114.96,112.72,85.86,1,-1,-1,-1
75,6,1579.57,109.22,102.02,88.23,1,-1,-1,-1
75,7,103.97,115.16,113.28,69.68,1,-1,-1,-1
75,8,354.33,108.74,102.23,72.32,1,-1,-1,-1
75,9,231.76,58.59,136.99,128.28,1,-1,-1,-1
75,11,31.57,850.57,136.98,131.95,1,-1,-1,-1
76,5,1694.73,114.44,120.01,87.21,1,-1,-1,-1
76,6,1569.89,108.36,117.05,89.41,1,-1,-1,-1
76,7,100.48,114.95,118.54,68.85,1,-1,-1,-1
76,8,354.85,109.21,102.37,72.23,1,-1,-1,-1
76,9,238.45,101.92,105.83,67.72,1,-1,-1,-1
76,11,31.31,850.59,137.48,131.91,1,-1,-1,-1
77,5,1692.57,113.32,122.28,88.82,1,-1,-1,-1
77,6,1575.67,108.62,107.60,87.69,1,-1,-1,-1
77,7,101.61,115.53,116.38,67.15,1,-1,-1,-1
77,8,354.84,109.40,103.42,72.31,1,-1,-1,-1
77,9,233.36,110.66,105.86,66.59,1,-1,-1,-1
77,11,31.16,850.64,137.64,131.91,1,-1,-1,-1
78,5,1693.61,114.72,119.53,86.48,1,-1,-1,-1
78,6,1574.70,108.15,109.24,88.98,1,-1,-1,-1
78,7,105.40,116.09,111.99,66.42,1,-1,-1,-1
78,8,353.73,109.55,106.91,72.52,1,-1,-1,-1
78,9,232.13,112.43,104.89,69.08,1,-1,-1,-1
78,11,30.96,850.69,137.93,131.88,1,-1,-1,-1
79,5,1693.09,115.05,119.81,87.24,1,-1,-1,-1
79,6,1572.64,107.66,112.06,92.39,1,-1,-1,-1
79,8,354.19,109.70,105.47,72.45,1,-1,-1,-1
79,9,231.93,113.49,104.81,68.92,1,-1,-1,-1
79,11,31.14,850.74,137.54,131.87,1,-1,-1,-1
79,19,414.07,426.82,124.21,88.53,1,-1,-1,-1
80,5,1691.32,114.31,121.62,89.67,1,-1,-1,-1
80,6,1572.71,108.29,111.11,92.14,1,-1,-1,-1
80,7,118.79,111.44,94.87,85.06,1,-1,-1,-1
80,8,356.96,107.22,98.87,83.65,1,-1,-1,-1
80,9,231.99,114.55,105.02,67.59,1,-1,-1,-1
80,11,31.18,850.92,137.54,131.64,1,-1,-1,-1
81,5,1690.67,114.50,122.76,89.29,1,-1,-1,-1
81,6,1575.36,109.15,108.03,89.97,1,-1,-1,-1
81,7,119.15,113.30,95.58,85.18,1,-1,-1,-1
81,8,353.78,110.62,104.72,75.48,1,-1,-1,-1
81,9,233.06,112.67,104.45,69.59,1,-1,-1,-1
81,11,30.82,851.00,137.99,131.59,1,-1,-1,-1
81,19,432.81,435.35,123.69,88.93,1,-1,-1,-1
82,5,1696.33,115.53,113.43,87.23,1,-1,-1,-1
82,6,1567.50,106.57,118.60,101.68,1,-1,-1,-1
82,7,106.60,119.24,116.58,67.62,1,-1,-1,-1
82,9,223.27,58.67,174.95,140.70,1,-1,-1,-1
82,11,30.86,851.06,137.79,131.61,1,-1,-1,-1
83,5,1698.41,115.11,112.13,89.56,1,-1,-1,-1
83,6,1575.33,109.25,106.41,98.11,1,-1,-1,-1
83,7,119.02,112.03,94.24,87.87,1,-1,-1,-1
83,8,356.88,108.90,97.89,81.18,1,-1,-1,-1
83,9,247.60,101.53,106.74,69.31,1,-1,-1,-1
83,11,31.31,851.08,137.08,131.63,1,-1,-1,-1
84,5,1700.06,114.49,113.10,93.71,1,-1,-1,-1
84,6,1577.49,112.83,103.70,83.54,1,-1,-1,-1
84,7,111.82,118.67,107.55,71.20,1,-1,-1,-1
84,9,225.61,50.44,198.66,144.23,1,-1,-1,-1
84,11,30.31,850.92,137.05,132.22,1,-1,-1,-1
84,19,440.07,474.60,131.12,88.21,1,-1,-1,-1
85,5,1702.60,116.29,109.72,88.47,1,-1,-1,-1
85,6,1571.43,108.30,113.21,93.52,1,-1,-1,-1
85,7,116.16,114.51,98.25,82.49,1,-1,-1,-1
85,8,356.99,109.27,97.49,81.29,1,-1,-1,-1
85,9,243.99,48.03,150.84,134.13,1,-1,-1,-1
86,5,1692.03,116.49,123.31,85.34,1,-1,-1,-1
86,6,1573.41,107.74,108.93,97.99,1,-1,-1,-1
86,7,108.97,118.04,110.81,72.16,1,-1,-1,-1
86,8,353.75,111.04,103.84,73.13,1,-1,-1,-1
86,9,238.34,49.29,158.89,128.37,1,-1,-1,-1
87,5,1696.97,115.54,113.48,84.93,1,-1,-1,-1
87,6,1575.39,110.19,106.50,90.66,1,-1,-1,-1
87,7,108.25,116.93,111.86,72.57,1,-1,-1,-1
87,8,353.61,110.07,103.91,72.47,1,-1,-1,-1
87,9,248.00,95.27,105.28,69.17,1,-1,-1,-1
88,5,1701.84,115.69,107.75,82.22,1,-1,-1,-1
88,6,1578.20,110.41,103.38,88.14,1,-1,-1,-1
88,8,353.71,109.48,103.93,72.30,1,-1,-1,-1
88,9,238.22,103.99,104.81,70.44,1,-1,-1,-1
89,5,1705.03,115.66,105.18,80.87,1,-1,-1,-1
89,6,1578.94,110.21,103.57,86.86,1,-1,-1,-1
89,8,353.31,109.40,103.40,72.04,1,-1,-1,-1
89,9,227.85,113.84,111.30,65.20,1,-1,-1,-1
89,11,34.86,852.02,129.41,129.20,1,-1,-1,-1
90,5,1705.79,116.59,105.85,76.09,1,-1,-1,-1
90,6,1579.21,109.99,103.77,86.94,1,-1,-1,-1
90,8,355.85,107.90,97.19,80.22,1,-1,-1,-1
90,9,224.07,117.23,112.02,65.92,1,-1,-1,-1
90,11,36.76,851.51,126.55,130.97,1,-1,-1,-1
91,5,1704.68,115.25,108.53,78.39,1,-1,-1,-1
91,6,1574.08,101.84,111.45,121.87,1,-1,-1,-1
91,7,115.60,114.59,101.02,87.94,1,-1,-1,-1
91,8,342.33,107.17,148.51,81.61,1,-1,-1,-1
91,9,221.21,118.62,114.73,66.26,1,-1,-1,-1
92,5,1700.99,105.49,113.95,124.07,1,-1,-1,-1
92,6,1571.41,105.61,113.97,130.89,1,-1,-1,-1
92,7,115.98,115.39,101.45,88.09,1,-1,-1,-1
92,8,353.01,108.53,130.83,79.40,1,-1,-1,-1
92,9,221.64,118.31,114.09,67.33,1,-1,-1,-1
93,5,1706.05,122.47,104.13,78.50,1,-1,-1,-1
93,6,1573.50,108.00,110.23,139.57,1,-1,-1,-1
93,8,361.17,106.81,101.37,90.93,1,-1,-1,-1
94,5,1709.01,118.29,99.01,79.12,1,-1,-1,-1
94,6,1575.92,114.23,107.92,125.42,1,-1,-1,-1
94,8,355.20,109.69,102.11,88.74,1,-1,-1,-1
95,5,1709.93,116.27,97.74,77.72,1,-1,-1,-1
95,6,1577.30,111.41,106.43,135.50,1,-1,-1,-1
95,11,40.45,851.93,118.62,128.60,1,-1,-1,-1
96,5,1717.28,116.00,87.37,68.44,1,-1,-1,-1
96,6,1586.20,125.46,96.26,71.52,1,-1,-1,-1
96,11,39.06,853.90,120.87,125.29,1,-1,-1,-1
96,23,1495.35,121.32,104.59,74.14,1,-1,-1,-1
97,5,1721.18,115.27,79.78,61.99,1,-1,-1,-1
97,22,1360.77,352.94,210.57,206.60,1,-1,-1,-1
97,23,1501.60,121.91,93.69,72.91,1,-1,-1,-1
97,24,1379.48,118.61,94.55,75.88,1,-1,-1,-1
98,22,1381.51,415.34,234.01,172.70,1,-1,-1,-1
98,23,1503.68,121.61,93.19,74.22,1,-1,-1,-1
98,24,1380.12,118.57,94.46,76.38,1,-1,-1,-1
99,23,1507.71,121.64,90.63,76.39,1,-1,-1,-1
99,24,1370.37,119.66,131.49,74.85,1,-1,-1,-1
100,23,1510.24,122.22,91.17,76.87,1,-1,-1,-1
100,24,1389.88,119.35,89.80,73.41,1,-1,-1,-1
101,22,1376.13,347.78,255.52,268.56,1,-1,-1,-1
101,23,1509.38,122.79,95.71,74.88,1,-1,-1,-1
101,24,1387.10,118.72,91.09,72.98,1,-1,-1,-1
102,22,1364.92,372.68,268.81,219.27,1,-1,-1,-1
102,23,1506.93,121.86,93.24,77.11,1,-1,-1,-1
102,24,1384.23,117.21,93.05,76.95,1,-1,-1,-1
103,23,1511.22,120.64,83.80,84.20,1,-1,-1,-1
103,24,1371.83,119.50,137.83,74.97,1,-1,-1,-1
103,25,560.89,117.61,98.50,79.80,1,-1,-1,-1
104,23,1512.21,121.57,82.24,85.89,1,-1,-1,-1
104,24,1375.06,119.63,148.15,76.40,1,-1,-1,-1
104,25,561.09,117.54,98.33,79.82,1,-1,-1,-1
105,22,1363.36,322.18,169.27,160.28,1,-1,-1,-1
105,23,1513.28,122.68,80.91,85.02,1,-1,-1,-1
105,24,1382.35,120.58,138.42,74.95,1,-1,-1,-1
105,25,561.09,118.13,96.93,77.07,1,-1,-1,-1
106,22,1339.33,301.39,180.74,162.94,1,-1,-1,-1
106,23,1513.13,123.27,81.45,82.93,1,-1,-1,-1
106,24,1379.34,119.46,153.42,77.87,1,-1,-1,-1
106,25,561.24,117.68,96.85,76.54,1,-1,-1,-1
107,23,1509.49,122.71,86.28,83.58,1,-1,-1,-1
107,24,1396.96,119.37,87.71,75.08,1,-1,-1,-1
107,25,561.61,117.21,96.36,76.47,1,-1,-1,-1
107,26,429.24,117.42,101.64,76.92,1,-1,-1,-1
108,23,1507.09,122.37,88.48,83.69,1,-1,-1,-1
108,24,1388.23,118.89,87.65,74.34,1,-1,-1,-1
108,25,564.48,117.26,91.97,75.03,1,-1,-1,-1
109,23,1507.21,122.17,87.34,84.06,1,-1,-1,-1
109,24,1384.37,118.67,85.94,73.70,1,-1,-1,-1
109,25,565.36,117.44,91.31,74.01,1,-1,-1,-1
110,22,1298.88,279.27,171.11,207.76,1,-1,-1,-1
110,23,1508.64,122.20,85.08,84.28,1,-1,-1,-1
110,24,1382.96,118.60,83.85,73.50,1,-1,-1,-1
110,25,564.56,117.28,92.76,74.40,1,-1,-1,-1
111,22,1298.47,293.82,179.75,150.91,1,-1,-1,-1
111,23,1507.81,122.28,86.56,84.05,1,-1,-1,-1
111,24,1373.34,118.97,122.81,75.73,1,-1,-1,-1
111,25,563.78,117.14,93.53,74.81,1,-1,-1,-1
112,22,1287.03,279.68,197.13,166.59,1,-1,-1,-1
112,23,1504.49,121.89,90.72,85.66,1,-1,-1,-1
112,24,1378.40,119.88,129.76,75.78,1,-1,-1,-1
112,25,562.98,117.02,94.13,75.02,1,-1,-1,-1
113,22,1266.68,254.68,276.84,249.32,1,-1,-1,-1
113,23,1507.16,122.05,86.29,86.13,1,-1,-1,-1
113,24,1379.96,117.98,143.25,81.77,1,-1,-1,-1
113,25,562.73,117.33,94.48,74.55,1,-1,-1,-1
114,22,1287.62,277.28,204.89,180.36,1,-1,-1,-1
114,23,1508.09,121.73,85.53,88.69,1,-1,-1,-1
114,24,1383.63,109.58,141.49,93.44,1,-1,-1,-1
114,25,563.19,117.39,93.43,74.41,1,-1,-1,-1
115,22,1274.72,267.74,206.92,189.44,1,-1,-1,-1
115,23,1509.96,122.40,83.64,87.85,1,-1,-1,-1
115,24,1384.69,97.27,145.04,108.74,1,-1,-1,-1
115,25,563.35,117.37,93.18,74.43,1,-1,-1,-1
116,22,1263.12,253.69,222.10,233.23,1,-1,-1,-1
116,23,1509.44,122.27,84.96,88.89,1,-1,-1,-1
116,24,1386.78,95.50,143.29,108.73,1,-1,-1,-1
116,25,563.73,117.33,92.84,74.44,1,-1,-1,-1
117,22,1264.36,255.02,210.31,238.80,1,-1,-1,-1
117,23,1509.42,122.81,85.08,86.82,1,-1,-1,-1
117,24,1386.65,97.07,146.60,108.35,1,-1,-1,-1
117,25,564.01,117.67,92.33,73.74,1,-1,-1,-1
118,22,1259.57,258.10,219.19,226.65,1,-1,-1,-1
118,23,1506.99,122.80,88.00,85.34,1,-1,-1,-1
118,24,1388.59,92.97,142.61,116.58,1,-1,-1,-1
118,25,563.56,117.65,93.43,73.90,1,-1,-1,-1
119,22,1262.26,256.32,207.51,223.36,1,-1,-1,-1
119,23,1509.18,122.43,84.24,84.07,1,-1,-1,-1
119,24,1389.26,109.20,129.80,94.50,1,-1,-1,-1
119,25,563.25,117.63,93.39,74.29,1,-1,-1,-1
120,22,1272.48,254.20,186.45,220.50,1,-1,-1,-1
120,23,1514.84,122.10,77.37,83.29,1,-1,-1,-1
120,24,1382.91,99.90,147.25,114.25,1,-1,-1,-1
120,25,563.12,117.90,93.12,73.76,1,-1,-1,-1
121,22,1247.03,246.91,265.42,226.73,1,-1,-1,-1
121,23,1515.68,122.22,77.89,80.92,1,-1,-1,-1
121,24,1386.01,111.10,146.89,100.87,1,-1,-1,-1
121,25,563.16,118.03,92.80,73.46,1,-1,-1,-1
122,22,1257.35,241.84,257.43,228.46,1,-1,-1,-1
122,23,1516.82,121.95,76.98,79.84,1,-1,-1,-1
122,24,1385.66,118.03,142.84,90.04,1,-1,-1,-1
122,25,562.88,118.04,93.09,73.39,1,-1,-1,-1
123,23,1515.43,122.06,79.14,77.59,1,-1,-1,-1
123,24,1416.97,114.73,107.68,102.21,1,-1,-1,-1
123,25,563.24,118.02,92.46,73.31,1,-1,-1,-1
124,22,1273.47,260.39,243.94,187.96,1,-1,-1,-1
124,23,1511.42,121.03,83.73,80.12,1,-1,-1,-1
124,24,1419.98,120.55,113.27,97.85,1,-1,-1,-1
124,25,563.55,117.98,92.07,73.26,1,-1,-1,-1
125,23,1509.68,121.19,84.72,80.66,1,-1,-1,-1
125,24,1391.54,119.53,152.64,102.26,1,-1,-1,-1
125,25,563.79,117.93,91.80,73.40,1,-1,-1,-1
126,22,1273.48,236.32,175.75,144.85,1,-1,-1,-1
126,23,1510.66,121.46,82.80,80.91,1,-1,-1,-1
126,24,1415.59,123.36,115.60,99.20,1,-1,-1,-1
126,25,563.44,117.80,92.50,73.74,1,-1,-1,-1
127,22,1250.26,261.70,244.96,144.91,1,-1,-1,-1
127,23,1510.17,121.42,83.54,82.24,1,-1,-1,-1
127,24,1417.53,123.31,117.41,101.89,1,-1,-1,-1
127,25,563.46,117.85,92.46,73.55,1,-1,-1,-1
128,22,1273.66,268.55,222.42,151.05,1,-1,-1,-1
128,23,1508.00,121.31,86.47,84.49,1,-1,-1,-1
128,24,1396.08,126.39,147.72,100.34,1,-1,-1,-1
128,25,563.52,117.86,92.52,73.46,1,-1,-1,-1
129,22,1268.34,227.05,190.56,203.11,1,-1,-1,-1
129,23,1508.38,121.91,85.45,84.17,1,-1,-1,-1
129,24,1402.98,127.88,85.03,74.28,1,-1,-1,-1
129,25,563.38,117.82,92.91,73.46,1,-1,-1,-1
130,22,1253.97,216.85,202.17,202.32,1,-1,-1,-1
130,23,1507.63,122.25,86.51,83.26,1,-1,-1,-1
130,24,1389.15,121.22,85.68,73.65,1,-1,-1,-1
130,25,563.22,117.83,93.21,73.43,1,-1,-1,-1
131,22,1253.27,207.88,199.53,206.47,1,-1,-1,-1
131,23,1453.50,118.09,154.98,106.50,1,-1,-1,-1
131,24,1383.34,117.57,83.36,74.12,1,-1,-1,-1
131,25,562.42,117.75,94.20,73.70,1,-1,-1,-1
132,22,1253.46,204.14,189.11,202.56,1,-1,-1,-1
132,23,1500.64,127.64,80.69,77.21,1,-1,-1,-1
132,24,1380.60,116.15,84.70,74.70,1,-1,-1,-1
132,25,562.00,117.75,94.52,73.85,1,-1,-1,-1
133,22,1257.10,206.03,173.21,194.21,1,-1,-1,-1
133,23,1508.97,123.59,78.83,80.83,1,-1,-1,-1
133,24,1362.57,108.53,165.19,114.49,1,-1,-1,-1
133,25,561.57,117.77,94.91,74.04,1,-1,-1,-1
134,22,1257.78,201.39,169.26,196.86,1,-1,-1,-1
134,23,1455.42,115.42,152.34,113.62,1,-1,-1,-1
134,24,1390.09,122.66,91.07,79.71,1,-1,-1,-1
134,25,562.16,117.94,94.05,73.76,1,-1,-1,-1
135,22,1243.64,214.81,234.99,177.16,1,-1,-1,-1
135,23,1454.23,120.57,114.85,113.83,1,-1,-1,-1
135,24,1384.35,120.30,90.19,80.73,1,-1,-1,-1
135,25,562.67,118.07,93.43,73.63,1,-1,-1,-1
136,22,1256.57,207.60,229.39,184.65,1,-1,-1,-1
136,23,1444.67,122.65,114.72,116.15,1,-1,-1,-1
136,24,1384.54,120.35,85.70,74.04,1,-1,-1,-1
136,25,564.27,117.95,91.64,73.96,1,-1,-1,-1
137,23,1439.28,124.36,136.14,116.39,1,-1,-1,-1
137,24,1383.29,118.33,86.23,75.15,1,-1,-1,-1
137,25,564.65,118.01,91.67,73.96,1,-1,-1,-1
138,22,1271.19,204.43,231.27,180.30,1,-1,-1,-1
138,23,1444.04,123.81,142.23,119.96,1,-1,-1,-1
138,24,1383.32,117.85,85.23,74.52,1,-1,-1,-1
138,25,565.09,117.97,91.31,74.11,1,-1,-1,-1
139,22,1276.01,215.92,230.51,160.61,1,-1,-1,-1
139,23,1451.19,124.65,135.81,119.51,1,-1,-1,-1
139,24,1383.17,117.65,85.72,74.52,1,-1,-1,-1
139,25,565.15,117.98,90.13,73.64,1,-1,-1,-1
140,22,1279.73,198.09,232.20,182.25,1,-1,-1,-1
140,23,1456.30,124.03,133.27,120.55,1,-1,-1,-1
140,24,1384.25,117.61,84.47,75.11,1,-1,-1,-1
140,25,564.88,117.69,90.03,73.77,1,-1,-1,-1
141,22,1296.84,192.90,163.64,168.48,1,-1,-1,-1
141,23,1462.58,123.92,126.85,120.97,1,-1,-1,-1
141,24,1385.70,118.29,83.18,73.07,1,-1,-1,-1
141,25,563.77,117.57,91.04,73.76,1,-1,-1,-1
142,22,1287.14,179.49,165.55,186.35,1,-1,-1,-1
142,23,1466.55,124.04,126.06,120.03,1,-1,-1,-1
142,24,1386.44,118.55,82.66,71.49,1,-1,-1,-1
142,25,563.47,117.60,91.06,73.49,1,-1,-1,-1
143,22,1281.27,175.97,181.84,187.34,1,-1,-1,-1
143,23,1471.32,123.56,121.99,120.94,1,-1,-1,-1
143,24,1382.26,118.06,89.10,73.64,1,-1,-1,-1
143,25,562.96,117.73,91.94,73.40,1,-1,-1,-1
144,22,1277.67,177.36,220.07,182.80,1,-1,-1,-1
144,23,1474.85,123.99,118.13,120.35,1,-1,-1,-1
144,24,1380.85,118.48,90.79,73.47,1,-1,-1,-1
144,25,563.24,117.90,91.52,73.36,1,-1,-1,-1
145,22,1291.36,178.71,206.05,178.64,1,-1,-1,-1
145,23,1476.99,124.03,116.20,119.42,1,-1,-1,-1
145,24,1382.93,119.09,87.59,71.27,1,-1,-1,-1
145,25,563.61,118.09,91.23,73.15,1,-1,-1,-1
146,22,1295.09,170.87,210.75,185.15,1,-1,-1,-1
146,23,1480.87,123.49,113.15,119.63,1,-1,-1,-1
146,24,1384.30,118.96,86.87,70.98,1,-1,-1,-1
146,25,563.70,117.92,91.29,73.39,1,-1,-1,-1
147,22,1299.52,165.77,213.63,187.56,1,-1,-1,-1
147,23,1484.22,123.54,111.45,118.53,1,-1,-1,-1
147,24,1385.54,118.81,86.40,71.30,1,-1,-1,-1
147,25,563.34,117.77,92.03,73.63,1,-1,-1,-1
148,22,1303.21,171.32,211.55,177.19,1,-1,-1,-1
148,23,1487.28,123.33,109.59,118.65,1,-1,-1,-1
148,24,1387.73,118.21,83.86,73.51,1,-1,-1,-1
148,25,563.21,117.85,92.14,73.47,1,-1,-1,-1
149,22,1303.86,174.91,215.47,171.23,1,-1,-1,-1
149,23,1490.32,123.01,108.35,119.50,1,-1,-1,-1
149,24,1386.88,119.11,86.27,72.04,1,-1,-1,-1
149,25,562.89,117.79,92.59,73.71,1,-1,-1,-1
150,22,1306.11,166.71,213.29,177.32,1,-1,-1,-1
150,23,1493.22,122.58,106.94,121.08,1,-1,-1,-1
150,24,1386.58,118.61,86.59,74.72,1,-1,-1,-1
150,25,562.76,117.82,92.63,73.71,1,-1,-1,-1
151,22,1306.57,157.09,216.08,185.18,1,-1,-1,-1
151,23,1494.76,122.75,107.98,121.24,1,-1,-1,-1
151,25,562.66,117.90,92.71,73.71,1,-1,-1,-1
152,22,1312.37,164.50,210.77,169.10,1,-1,-1,-1
152,23,1495.69,123.01,110.39,120.90,1,-1,-1,-1
152,24,1383.98,119.00,89.26,75.50,1,-1,-1,-1
152,25,562.43,117.95,92.92,73.71,1,-1,-1,-1
153,22,1310.90,130.23,212.45,209.46,1,-1,-1,-1
153,23,1490.36,122.17,146.59,123.97,1,-1,-1,-1
153,25,562.92,118.08,92.95,73.82,1,-1,-1,-1
154,22,1315.07,121.16,189.19,207.08,1,-1,-1,-1
154,23,1495.89,122.66,158.65,124.10,1,-1,-1,-1
154,25,563.17,118.14,93.09,73.93,1,-1,-1,-1
155,22,1306.43,120.19,205.23,201.94,1,-1,-1,-1
155,23,1505.44,122.62,152.28,125.65,1,-1,-1,-1
155,25,563.39,118.26,92.98,73.74,1,-1,-1,-1
156,22,1307.52,118.74,193.90,197.58,1,-1,-1,-1
156,23,1511.24,122.00,139.32,125.61,1,-1,-1,-1
156,25,563.45,118.34,92.97,73.51,1,-1,-1,-1
157,22,1302.97,118.93,203.31,191.79,1,-1,-1,-1
157,23,1510.36,122.28,127.64,124.08,1,-1,-1,-1
157,25,563.32,118.27,93.13,73.63,1,-1,-1,-1
158,22,1301.85,117.89,204.46,191.51,1,-1,-1,-1
158,23,1509.36,123.62,122.84,115.77,1,-1,-1,-1
158,25,563.13,118.26,93.29,73.64,1,-1,-1,-1
159,22,1301.78,118.35,203.09,189.66,1,-1,-1,-1
159,23,1505.85,119.83,149.94,126.59,1,-1,-1,-1
159,25,562.97,118.25,93.41,73.54,1,-1,-1,-1
160,22,1300.44,121.94,198.84,184.10,1,-1,-1,-1
160,23,1516.26,126.27,143.73,120.43,1,-1,-1,-1
160,25,562.94,118.25,93.34,73.43,1,-1,-1,-1
161,22,1299.21,121.52,200.15,181.04,1,-1,-1,-1
161,23,1508.33,122.37,157.73,129.05,1,-1,-1,-1
161,25,562.76,118.14,93.87,73.81,1,-1,-1,-1
162,22,1296.64,124.87,202.20,173.97,1,-1,-1,-1
162,23,1506.91,122.27,158.17,129.73,1,-1,-1,-1
162,25,562.80,118.18,93.87,73.73,1,-1,-1,-1
163,22,1297.32,125.06,198.60,170.57,1,-1,-1,-1
163,23,1505.46,122.22,158.95,130.17,1,-1,-1,-1
163,25,562.84,118.20,93.83,73.62,1,-1,-1,-1
164,22,1294.22,126.44,201.14,164.31,1,-1,-1,-1
164,23,1500.17,124.11,162.38,123.79,1,-1,-1,-1
164,25,562.73,118.18,93.95,73.66,1,-1,-1,-1
165,22,1293.54,122.45,196.98,165.26,1,-1,-1,-1
165,23,1521.05,132.07,135.81,115.48,1,-1,-1,-1
165,25,562.74,118.20,93.95,73.66,1,-1,-1,-1
166,22,1292.91,123.75,190.63,157.74,1,-1,-1,-1
166,23,1502.63,124.89,164.23,128.32,1,-1,-1,-1
166,25,562.79,118.24,93.93,73.61,1,-1,-1,-1
167,22,1290.91,122.41,188.30,156.66,1,-1,-1,-1
167,23,1504.63,122.99,158.27,129.58,1,-1,-1,-1
167,25,562.92,118.23,93.86,73.75,1,-1,-1,-1
168,22,1288.75,121.62,189.75,154.36,1,-1,-1,-1
168,23,1503.75,121.95,159.55,130.46,1,-1,-1,-1
168,25,563.09,118.28,93.74,73.76,1,-1,-1,-1
169,22,1287.73,121.51,187.69,152.87,1,-1,-1,-1
169,23,1503.50,121.64,159.17,130.74,1,-1,-1,-1
169,25,563.02,118.23,93.98,73.91,1,-1,-1,-1
170,22,1285.66,111.97,190.23,162.92,1,-1,-1,-1
170,23,1503.25,121.59,159.24,130.60,1,-1,-1,-1
170,25,563.03,118.17,94.03,74.08,1,-1,-1,-1
171,22,1285.90,119.02,187.20,148.59,1,-1,-1,-1
171,23,1503.49,121.21,158.86,132.86,1,-1,-1,-1
171,25,563.01,118.21,94.03,73.99,1,-1,-1,-1
171,27,433.74,121.04,92.69,70.49,1,-1,-1,-1
172,22,1284.76,119.31,187.21,146.26,1,-1,-1,-1
172,23,1503.41,121.75,159.10,132.29,1,-1,-1,-1
172,25,562.99,118.19,94.05,74.03,1,-1,-1,-1
173,22,1284.01,119.55,187.96,142.01,1,-1,-1,-1
173,23,1503.17,121.97,160.12,131.71,1,-1,-1,-1
173,25,562.98,118.19,94.02,74.06,1,-1,-1,-1
173,27,431.97,120.54,97.17,72.08,1,-1,-1,-1
174,22,1285.98,116.62,183.41,140.67,1,-1,-1,-1
174,23,1503.17,122.41,159.91,129.27,1,-1,-1,-1
174,25,562.90,118.22,94.15,73.98,1,-1,-1,-1
175,22,1283.56,113.55,186.46,138.86,1,-1,-1,-1
175,23,1504.39,124.04,131.70,120.33,1,-1,-1,-1
175,25,563.01,118.19,93.99,74.02,1,-1,-1,-1
176,22,1283.70,110.83,184.10,138.02,1,-1,-1,-1
176,23,1496.15,120.11,159.39,130.48,1,-1,-1,-1
176,25,562.95,118.13,94.10,74.05,1,-1,-1,-1
177,22,1283.70,106.46,183.58,140.69,1,-1,-1,-1
177,23,1500.06,121.02,159.34,129.95,1,-1,-1,-1
177,25,563.11,118.09,93.85,74.03,1,-1,-1,-1
178,22,1288.70,108.97,158.49,134.45,1,-1,-1,-1
178,23,1502.32,121.22,159.63,130.98,1,-1,-1,-1
178,25,563.20,118.07,93.82,74.05,1,-1,-1,-1
179,22,1281.67,104.39,171.10,138.54,1,-1,-1,-1
179,23,1503.90,121.17,158.92,133.44,1,-1,-1,-1
179,25,563.15,118.03,93.95,74.13,1,-1,-1,-1
180,22,1283.67,103.73,165.95,135.83,1,-1,-1,-1
180,23,1504.66,122.29,158.44,131.02,1,-1,-1,-1
180,25,563.26,118.00,93.84,74.19,1,-1,-1,-1
181,22,1281.37,100.53,175.40,138.38,1,-1,-1,-1
181,23,1503.91,121.68,159.74,132.87,1,-1,-1,-1
181,25,563.53,118.02,93.45,74.09,1,-1,-1,-1
182,22,1284.47,97.00,172.13,140.07,1,-1,-1,-1
182,23,1503.54,121.60,159.67,133.68,1,-1,-1,-1
182,25,563.83,117.98,93.12,74.23,1,-1,-1,-1
183,22,1284.96,94.71,172.38,138.94,1,-1,-1,-1
183,23,1503.58,121.85,159.35,133.73,1,-1,-1,-1
183,25,564.15,117.98,92.70,74.26,1,-1,-1,-1
184,22,1288.36,94.92,162.81,133.11,1,-1,-1,-1
184,23,1503.30,121.93,160.06,133.55,1,-1,-1,-1
184,25,564.26,118.08,91.87,73.72,1,-1,-1,-1
185,22,1286.05,93.34,174.67,131.54,1,-1,-1,-1
185,23,1520.28,143.89,138.56,105.47,1,-1,-1,-1
185,25,564.24,118.02,91.64,73.59,1,-1,-1,-1
186,22,1288.41,93.02,180.69,129.92,1,-1,-1,-1
186,23,1506.67,126.07,159.83,134.58,1,-1,-1,-1
186,25,564.27,117.84,91.22,73.85,1,-1,-1,-1
187,22,1292.21,112.05,179.97,103.08,1,-1,-1,-1
187,23,1505.19,123.46,159.06,135.92,1,-1,-1,-1
187,25,564.37,117.89,90.91,73.53,1,-1,-1,-1
188,22,1296.87,114.96,176.10,103.32,1,-1,-1,-1
188,23,1504.52,122.12,158.45,136.51,1,-1,-1,-1
188,25,564.36,117.84,90.91,73.56,1,-1,-1,-1
189,22,1297.55,78.94,174.55,149.23,1,-1,-1,-1
189,23,1503.98,121.31,158.52,137.86,1,-1,-1,-1
189,25,564.54,117.87,90.74,73.45,1,-1,-1,-1
190,22,1297.66,92.45,175.52,123.05,1,-1,-1,-1
190,23,1503.89,121.11,158.63,139.19,1,-1,-1,-1
190,25,564.81,117.85,90.38,73.41,1,-1,-1,-1
191,22,1299.55,52.56,172.50,172.97,1,-1,-1,-1
191,23,1503.45,121.23,159.87,139.78,1,-1,-1,-1
191,25,565.11,117.87,90.15,73.29,1,-1,-1,-1
192,22,1301.41,51.98,171.61,163.04,1,-1,-1,-1
192,23,1505.08,125.17,157.52,122.93,1,-1,-1,-1
192,25,565.32,117.90,89.98,73.41,1,-1,-1,-1
193,22,1302.18,93.80,170.96,108.07,1,-1,-1,-1
193,23,1503.65,126.79,157.33,103.50,1,-1,-1,-1
193,25,565.47,117.95,89.77,73.44,1,-1,-1,-1
194,22,1304.35,109.04,169.15,99.74,1,-1,-1,-1
194,23,1505.55,119.02,153.34,135.10,1,-1,-1,-1
194,25,565.06,117.95,90.37,73.42,1,-1,-1,-1
195,22,1304.00,65.87,168.64,159.18,1,-1,-1,-1
195,23,1503.00,125.95,155.51,111.68,1,-1,-1,-1
195,25,565.30,117.65,91.10,74.57,1,-1,-1,-1
196,22,1303.69,78.10,167.80,133.33,1,-1,-1,-1
196,23,1502.51,146.02,159.28,109.38,1,-1,-1,-1
196,25,565.76,117.87,90.95,74.44,1,-1,-1,-1
197,22,1304.81,92.87,164.96,111.51,1,-1,-1,-1
197,23,1503.43,141.71,152.74,130.83,1,-1,-1,-1
197,25,566.15,117.98,90.74,74.39,1,-1,-1,-1
198,22,1302.50,79.87,169.89,133.97,1,-1,-1,-1
198,23,1507.63,129.43,116.00,148.67,1,-1,-1,-1
198,25,565.32,118.33,91.55,73.13,1,-1,-1,-1
199,22,1355.41,109.69,104.48,96.01,1,-1,-1,-1
199,23,1497.18,126.31,118.00,150.57,1,-1,-1,-1
199,25,564.84,118.22,91.92,73.06,1,-1,-1,-1
200,22,1334.97,115.91,144.26,95.18,1,-1,-1,-1
200,23,1490.73,124.06,118.82,152.46,1,-1,-1,-1
200,25,564.45,118.04,92.18,73.28,1,-1,-1,-1
201,22,1312.26,97.99,169.88,120.24,1,-1,-1,-1
201,23,1486.67,124.32,121.28,153.13,1,-1,-1,-1
201,25,563.73,117.99,92.85,73.15,1,-1,-1,-1
202,22,1308.41,63.04,167.41,160.64,1,-1,-1,-1
202,23,1486.57,128.48,115.71,149.59,1,-1,-1,-1
202,25,563.17,117.88,93.30,73.34,1,-1,-1,-1
203,22,1304.53,60.74,168.41,151.42,1,-1,-1,-1
203,23,1483.88,135.97,119.57,143.62,1,-1,-1,-1
203,25,564.02,117.73,92.31,73.99,1,-1,-1,-1
204,22,1302.35,90.52,171.00,111.73,1,-1,-1,-1
204,23,1480.59,148.60,128.08,133.22,1,-1,-1,-1
204,25,563.16,117.72,93.65,73.94,1,-1,-1,-1
205,22,1304.58,100.95,167.59,106.51,1,-1,-1,-1
205,23,1479.18,155.70,126.80,130.97,1,-1,-1,-1
205,25,563.17,117.78,93.47,73.80,1,-1,-1,-1
206,22,1305.83,107.98,166.57,102.21,1,-1,-1,-1
206,23,1475.99,163.27,126.81,126.66,1,-1,-1,-1
206,25,563.25,117.73,93.41,73.90,1,-1,-1,-1
207,22,1319.07,115.55,148.37,96.68,1,-1,-1,-1
207,23,1473.02,160.73,125.80,133.79,1,-1,-1,-1
207,25,563.64,117.89,92.92,73.46,1,-1,-1,-1
208,22,1351.46,118.07,108.36,98.39,1,-1,-1,-1
208,23,1469.89,133.60,126.68,168.38,1,-1,-1,-1
208,25,563.23,117.81,93.65,73.66,1,-1,-1,-1
209,22,1360.14,120.53,106.60,95.61,1,-1,-1,-1
209,23,1463.57,137.85,137.42,158.50,1,-1,-1,-1
209,25,563.33,117.86,93.42,73.59,1,-1,-1,-1
210,22,1373.49,120.41,96.14,96.89,1,-1,-1,-1
210,23,1458.96,146.88,144.25,149.97,1,-1,-1,-1
210,25,563.46,117.82,93.32,73.80,1,-1,-1,-1
211,22,1345.56,118.44,135.05,94.88,1,-1,-1,-1
211,23,1455.19,142.33,147.91,159.40,1,-1,-1,-1
211,25,563.15,117.84,94.13,73.87,1,-1,-1,-1
212,22,1318.12,101.01,161.37,114.83,1,-1,-1,-1
212,23,1455.24,177.40,141.09,117.09,1,-1,-1,-1
212,25,562.82,117.88,94.42,73.90,1,-1,-1,-1
213,22,1309.67,90.61,160.94,124.75,1,-1,-1,-1
213,23,1453.95,184.20,129.37,121.15,1,-1,-1,-1
213,25,562.50,117.89,94.66,73.95,1,-1,-1,-1
213,28,1505.77,122.43,87.67,90.23,1,-1,-1,-1
214,22,1305.05,91.34,163.22,118.70,1,-1,-1,-1
214,23,1444.79,150.78,138.41,171.19,1,-1,-1,-1
214,25,562.49,117.98,94.35,73.62,1,-1,-1,-1
215,22,1305.23,91.81,161.84,118.19,1,-1,-1,-1
215,23,1442.32,154.55,131.36,161.36,1,-1,-1,-1
215,28,1508.06,123.28,85.32,86.33,1,-1,-1,-1
216,22,1322.00,110.64,142.59,94.50,1,-1,-1,-1
216,23,1437.14,157.01,137.13,159.77,1,-1,-1,-1
216,28,1509.63,124.45,84.60,77.16,1,-1,-1,-1
217,22,1313.84,90.65,151.48,117.39,1,-1,-1,-1
217,23,1434.34,151.95,137.41,170.25,1,-1,-1,-1
217,25,562.32,117.84,94.70,73.89,1,-1,-1,-1
217,28,1511.32,122.74,83.25,75.19,1,-1,-1,-1
218,22,1309.77,106.01,158.83,96.02,1,-1,-1,-1
218,23,1429.29,180.31,141.60,136.99,1,-1,-1,-1
218,25,562.61,117.82,94.27,74.06,1,-1,-1,-1
218,28,1510.06,119.69,85.46,83.32,1,-1,-1,-1
219,22,1359.75,114.33,97.42,91.68,1,-1,-1,-1
219,23,1425.09,153.91,142.52,180.14,1,-1,-1,-1
219,25,562.74,117.96,94.04,73.54,1,-1,-1,-1
219,28,1510.34,122.08,85.09,76.00,1,-1,-1,-1
220,22,1376.60,119.36,91.23,84.87,1,-1,-1,-1
220,25,562.62,117.86,94.15,73.65,1,-1,-1,-1
220,28,1509.54,121.23,86.25,76.93,1,-1,-1,-1
221,22,1372.45,118.61,105.07,90.46,1,-1,-1,-1
221,23,1419.58,170.63,139.62,158.84,1,-1,-1,-1
221,25,562.72,117.99,94.30,73.22,1,-1,-1,-1
221,28,1508.10,120.84,88.29,78.54,1,-1,-1,-1
222,22,1378.30,119.28,99.86,92.54,1,-1,-1,-1
222,23,1415.33,184.55,137.66,150.72,1,-1,-1,-1
222,25,562.37,117.86,94.81,73.51,1,-1,-1,-1
222,28,1506.20,120.11,90.50,84.10,1,-1,-1,-1
223,22,1381.67,120.74,96.59,89.08,1,-1,-1,-1
223,23,1408.85,190.07,143.21,153.30,1,-1,-1,-1
223,25,562.32,117.88,94.72,73.53,1,-1,-1,-1
223,28,1505.53,120.95,90.87,85.86,1,-1,-1,-1
224,22,1325.29,99.29,166.89,116.96,1,-1,-1,-1
224,23,1406.64,192.58,140.81,155.32,1,-1,-1,-1
224,25,562.53,117.92,94.44,73.40,1,-1,-1,-1
224,28,1505.28,121.52,90.65,87.66,1,-1,-1,-1
225,22,1315.18,94.36,151.98,117.82,1,-1,-1,-1
225,23,1403.53,195.69,139.57,158.89,1,-1,-1,-1
225,25,562.60,117.92,94.41,73.43,1,-1,-1,-1
225,28,1505.10,122.21,90.64,87.84,1,-1,-1,-1
226,22,1306.53,92.71,151.30,115.33,1,-1,-1,-1
226,23,1401.84,199.51,137.84,160.76,1,-1,-1,-1
226,25,562.61,117.95,94.56,73.31,1,-1,-1,-1
226,28,1504.93,122.56,90.82,87.47,1,-1,-1,-1
227,22,1309.73,92.98,124.40,108.70,1,-1,-1,-1
227,23,1394.72,205.22,149.52,159.23,1,-1,-1,-1
227,25,562.96,118.00,94.04,73.18,1,-1,-1,-1
227,28,1505.39,122.73,90.25,86.33,1,-1,-1,-1
228,22,1296.37,90.72,162.36,113.22,1,-1,-1,-1
228,23,1391.03,210.34,152.79,158.76,1,-1,-1,-1
228,25,563.49,117.94,93.17,73.40,1,-1,-1,-1
228,28,1505.21,122.22,90.64,87.24,1,-1,-1,-1
229,22,1298.51,93.22,169.39,116.76,1,-1,-1,-1
229,23,1387.90,213.91,155.23,160.80,1,-1,-1,-1
229,25,563.44,117.93,94.04,73.56,1,-1,-1,-1
229,28,1504.66,122.04,91.26,87.76,1,-1,-1,-1
230,22,1358.19,113.63,99.11,91.58,1,-1,-1,-1
230,23,1387.68,216.84,148.97,163.42,1,-1,-1,-1
230,25,564.19,118.00,91.93,73.38,1,-1,-1,-1
230,28,1504.49,122.10,91.35,87.53,1,-1,-1,-1
231,22,1375.00,117.96,95.23,91.93,1,-1,-1,-1
231,23,1385.78,216.58,146.94,169.41,1,-1,-1,-1
231,25,562.99,117.96,94.07,73.35,1,-1,-1,-1
231,28,1504.08,121.89,92.02,88.23,1,-1,-1,-1
232,22,1371.74,119.76,108.22,91.86,1,-1,-1,-1
232,23,1382.90,219.22,146.23,168.35,1,-1,-1,-1
232,25,562.04,117.54,95.31,75.02,1,-1,-1,-1
232,28,1504.10,121.88,92.02,88.66,1,-1,-1,-1
233,22,1334.99,102.20,131.79,108.41,1,-1,-1,-1
233,23,1374.91,218.40,156.14,178.01,1,-1,-1,-1
233,25,560.94,117.61,98.51,75.90,1,-1,-1,-1
233,28,1504.23,122.17,91.70,87.91,1,-1,-1,-1
234,22,1309.91,91.89,166.61,123.08,1,-1,-1,-1
234,23,1371.90,223.81,149.71,177.72,1,-1,-1,-1
234,25,561.57,117.20,97.70,78.77,1,-1,-1,-1
234,28,1504.59,122.27,91.22,87.08,1,-1,-1,-1
235,22,1305.58,91.35,168.04,120.53,1,-1,-1,-1
235,23,1361.39,228.36,160.89,178.14,1,-1,-1,-1
235,25,563.95,118.45,93.25,76.99,1,-1,-1,-1
235,28,1504.67,122.13,91.16,86.68,1,-1,-1,-1
236,22,1303.38,90.35,169.40,120.57,1,-1,-1,-1
236,23,1358.31,232.50,159.57,179.60,1,-1,-1,-1
236,25,563.88,118.67,92.97,76.57,1,-1,-1,-1
236,28,1504.78,121.91,91.09,86.98,1,-1,-1,-1
237,22,1306.31,92.31,165.03,117.33,1,-1,-1,-1
237,23,1353.78,236.08,163.73,183.61,1,-1,-1,-1
237,25,562.62,118.47,94.63,76.92,1,-1,-1,-1
237,28,1505.17,122.06,90.64,86.23,1,-1,-1,-1
238,22,1307.62,90.35,164.34,118.14,1,-1,-1,-1
238,23,1349.72,239.46,165.72,185.86,1,-1,-1,-1
238,25,562.65,118.83,93.29,75.06,1,-1,-1,-1
238,28,1505.25,121.92,90.69,86.43,1,-1,-1,-1
239,22,1306.93,94.49,166.25,114.16,1,-1,-1,-1
239,23,1346.41,243.40,168.43,187.80,1,-1,-1,-1
239,25,563.27,118.57,89.57,73.90,1,-1,-1,-1
239,28,1505.24,121.88,90.77,86.60,1,-1,-1,-1
240,22,1306.81,92.92,167.19,114.59,1,-1,-1,-1
240,23,1343.66,247.06,169.61,190.32,1,-1,-1,-1
240,28,1505.09,121.88,90.97,86.84,1,-1,-1,-1
241,22,1306.92,101.03,167.24,103.79,1,-1,-1,-1
241,23,1341.75,251.41,170.26,190.26,1,-1,-1,-1
241,25,561.92,116.72,97.97,79.52,1,-1,-1,-1
241,28,1505.88,122.02,89.88,86.55,1,-1,-1,-1
242,22,1357.78,114.94,102.37,88.79,1,-1,-1,-1
242,23,1341.26,254.10,168.54,195.78,1,-1,-1,-1
242,25,562.83,116.97,97.69,79.77,1,-1,-1,-1
242,28,1506.22,122.12,89.58,86.08,1,-1,-1,-1
243,22,1318.56,98.60,166.46,114.07,1,-1,-1,-1
243,23,1340.29,262.86,165.75,176.57,1,-1,-1,-1
243,25,562.18,116.97,98.26,81.57,1,-1,-1,-1
243,28,1506.15,122.03,89.76,86.13,1,-1,-1,-1
244,22,1312.44,94.72,168.01,117.75,1,-1,-1,-1
244,23,1338.40,260.37,167.76,198.65,1,-1,-1,-1
244,25,563.65,118.67,94.49,76.66,1,-1,-1,-1
244,28,1506.28,121.99,89.59,86.30,1,-1,-1,-1
245,22,1308.74,90.91,168.12,122.32,1,-1,-1,-1
245,23,1336.79,263.87,171.60,205.22,1,-1,-1,-1
245,25,563.60,118.99,92.76,73.34,1,-1,-1,-1
245,28,1506.56,122.10,89.25,85.89,1,-1,-1,-1
246,22,1304.60,95.59,170.95,114.27,1,-1,-1,-1
246,23,1336.80,268.72,173.39,206.04,1,-1,-1,-1
246,25,562.84,118.39,92.84,73.16,1,-1,-1,-1
246,28,1506.64,122.06,89.20,85.82,1,-1,-1,-1
247,22,1304.72,91.40,166.42,119.26,1,-1,-1,-1
247,23,1337.74,272.88,178.85,208.70,1,-1,-1,-1
247,25,562.11,118.23,94.23,73.30,1,-1,-1,-1
247,28,1506.72,122.03,89.17,85.73,1,-1,-1,-1
248,22,1307.72,92.39,152.29,112.70,1,-1,-1,-1
248,23,1339.52,277.64,179.88,210.94,1,-1,-1,-1
248,25,562.96,118.39,93.15,72.33,1,-1,-1,-1
248,28,1506.71,121.99,89.21,85.76,1,-1,-1,-1
249,22,1311.45,106.02,155.19,98.09,1,-1,-1,-1
249,23,1341.46,282.79,179.14,214.13,1,-1,-1,-1
249,25,562.40,118.17,93.83,72.96,1,-1,-1,-1
249,28,1507.04,122.18,88.76,84.95,1,-1,-1,-1
250,22,1304.58,99.53,168.12,113.65,1,-1,-1,-1
250,23,1344.03,286.89,179.67,216.50,1,-1,-1,-1
250,25,561.84,118.36,93.76,72.80,1,-1,-1,-1
250,28,1507.13,122.01,88.69,85.15,1,-1,-1,-1
251,22,1359.92,116.47,99.18,90.21,1,-1,-1,-1
251,23,1346.12,291.06,182.59,218.05,1,-1,-1,-1
251,25,560.38,118.02,94.78,73.53,1,-1,-1,-1
251,28,1506.96,122.05,88.93,84.81,1,-1,-1,-1
252,22,1316.05,103.49,168.70,108.20,1,-1,-1,-1
252,23,1348.14,293.28,189.31,221.59,1,-1,-1,-1
252,25,559.98,118.25,94.10,72.68,1,-1,-1,-1
252,28,1507.23,122.15,88.54,84.07,1,-1,-1,-1
253,22,1361.90,115.60,102.08,93.51,1,-1,-1,-1
253,23,1353.60,297.05,188.21,222.09,1,-1,-1,-1
253,25,560.03,118.33,94.44,72.83,1,-1,-1,-1
253,28,1507.23,121.98,88.63,84.14,1,-1,-1,-1
254,22,1330.50,99.81,123.11,108.35,1,-1,-1,-1
254,23,1359.03,310.15,184.88,171.70,1,-1,-1,-1
254,25,561.72,118.23,92.42,72.97,1,-1,-1,-1
254,28,1507.11,122.00,88.80,83.83,1,-1,-1,-1
255,22,1305.49,92.81,167.68,119.44,1,-1,-1,-1
255,23,1369.50,304.94,174.30,171.59,1,-1,-1,-1
255,25,562.36,118.05,92.15,72.94,1,-1,-1,-1
255,28,1507.10,121.96,88.76,83.77,1,-1,-1,-1
256,22,1304.83,89.67,167.30,121.91,1,-1,-1,-1
256,23,1372.79,293.22,180.70,225.99,1,-1,-1,-1
256,25,563.18,117.95,91.29,72.70,1,-1,-1,-1
256,28,1506.89,121.88,89.02,83.99,1,-1,-1,-1
257,22,1304.48,89.95,167.80,119.46,1,-1,-1,-1
257,23,1376.95,306.02,186.84,226.79,1,-1,-1,-1
257,25,563.50,117.88,91.40,73.03,1,-1,-1,-1
257,28,1506.78,121.95,89.18,83.83,1,-1,-1,-1
257,29,431.58,119.77,105.69,79.46,1,-1,-1,-1
258,22,1306.40,90.90,166.30,119.22,1,-1,-1,-1
258,23,1384.22,312.12,188.46,228.24,1,-1,-1,-1
258,25,563.72,118.13,91.23,72.39,1,-1,-1,-1
258,28,1506.70,121.83,89.28,84.42,1,-1,-1,-1
258,29,432.57,118.93,104.96,83.57,1,-1,-1,-1
259,22,1307.24,95.97,166.24,112.27,1,-1,-1,-1
259,23,1391.25,317.37,188.54,225.22,1,-1,-1,-1
259,25,564.13,118.06,91.03,72.64,1,-1,-1,-1
259,28,1507.00,122.09,88.93,83.83,1,-1,-1,-1
259,29,436.20,119.52,98.39,83.62,1,-1,-1,-1
260,22,1312.36,93.53,147.91,112.36,1,-1,-1,-1
260,23,1402.07,318.68,182.46,224.69,1,-1,-1,-1
260,25,564.21,118.15,91.00,72.56,1,-1,-1,-1
260,28,1507.11,122.03,88.93,83.93,1,-1,-1,-1
260,29,435.06,121.15,99.99,80.26,1,-1,-1,-1
260,30,320.53,119.55,98.05,82.24,1,-1,-1,-1
261,22,1305.70,90.82,164.29,119.02,1,-1,-1,-1
261,23,1408.57,319.45,182.84,225.70,1,-1,-1,-1
261,25,564.07,118.21,90.60,72.58,1,-1,-1,-1
261,28,1506.98,121.99,89.24,84.10,1,-1,-1,-1
261,29,433.28,121.43,101.54,79.27,1,-1,-1,-1
261,30,320.55,119.58,98.01,82.50,1,-1,-1,-1
262,22,1307.67,112.01,163.92,90.27,1,-1,-1,-1
262,23,1411.97,317.82,188.78,231.48,1,-1,-1,-1
262,25,563.83,118.28,90.18,72.62,1,-1,-1,-1
262,28,1506.88,122.02,89.45,84.00,1,-1,-1,-1
262,30,320.93,120.79,96.63,79.80,1,-1,-1,-1
263,22,1311.91,94.76,146.64,115.65,1,-1,-1,-1
263,23,1418.88,317.96,189.47,232.99,1,-1,-1,-1
263,25,563.26,118.18,91.62,72.77,1,-1,-1,-1
263,28,1507.29,122.15,88.83,83.24,1,-1,-1,-1
263,30,321.44,120.92,94.74,78.68,1,-1,-1,-1
264,22,1305.10,98.53,165.24,110.88,1,-1,-1,-1
264,23,1426.41,318.50,186.51,232.52,1,-1,-1,-1
264,25,562.87,117.84,93.50,73.81,1,-1,-1,-1
264,28,1507.15,121.96,89.08,83.63,1,-1,-1,-1
264,30,320.90,120.20,94.50,80.04,1,-1,-1,-1
265,22,1309.74,105.66,161.69,103.51,1,-1,-1,-1
265,23,1436.93,322.19,178.72,219.58,1,-1,-1,-1
265,25,562.52,117.95,94.81,74.00,1,-1,-1,-1
265,28,1507.20,121.94,88.99,83.81,1,-1,-1,-1
265,29,437.48,123.29,101.40,77.75,1,-1,-1,-1
265,30,320.10,119.63,95.28,83.69,1,-1,-1,-1
266,22,1308.53,95.35,164.88,120.30,1,-1,-1,-1
266,23,1443.37,329.41,180.71,183.64,1,-1,-1,-1
266,25,562.57,118.01,96.27,73.95,1,-1,-1,-1
266,28,1507.19,121.96,89.07,83.99,1,-1,-1,-1
266,30,319.61,118.89,98.58,91.71,1,-1,-1,-1
267,22,1304.49,97.03,170.43,115.96,1,-1,-1,-1
267,23,1447.74,312.90,186.74,232.32,1,-1,-1,-1
267,25,564.31,117.98,92.01,74.34,1,-1,-1,-1
267,28,1507.27,122.07,88.96,83.76,1,-1,-1,-1
267,29,438.19,122.75,100.59,75.51,1,-1,-1,-1
268,22,1303.15,95.66,171.01,116.29,1,-1,-1,-1
268,23,1453.88,320.02,188.71,231.58,1,-1,-1,-1
268,25,563.89,118.15,92.50,74.48,1,-1,-1,-1
268,28,1507.22,122.14,88.99,83.35,1,-1,-1,-1
268,29,439.48,124.46,97.19,70.17,1,-1,-1,-1
269,22,1305.06,91.88,165.96,118.69,1,-1,-1,-1
269,23,1462.39,324.12,185.28,231.37,1,-1,-1,-1
269,25,563.76,118.35,92.62,73.98,1,-1,-1,-1
269,28,1507.28,122.03,88.82,83.49,1,-1,-1,-1
269,29,439.55,123.00,94.54,71.43,1,-1,-1,-1
269,30,322.29,122.37,95.83,91.41,1,-1,-1,-1
270,22,1312.27,93.40,137.37,108.65,1,-1,-1,-1
270,23,1469.93,327.56,184.72,229.41,1,-1,-1,-1
270,25,563.56,118.15,92.74,74.17,1,-1,-1,-1
270,28,1507.64,122.17,88.37,82.84,1,-1,-1,-1
270,29,438.44,120.74,94.78,73.59,1,-1,-1,-1
270,30,322.99,122.91,95.16,88.12,1,-1,-1,-1
271,22,1303.23,99.27,163.98,108.17,1,-1,-1,-1
271,23,1476.39,327.28,183.01,231.77,1,-1,-1,-1
271,25,563.06,117.92,93.76,74.86,1,-1,-1,-1
271,28,1507.70,122.08,88.31,82.72,1,-1,-1,-1
271,29,437.04,119.27,96.06,76.42,1,-1,-1,-1
272,22,1359.70,115.10,97.17,89.06,1,-1,-1,-1
272,23,1479.87,327.66,187.18,233.11,1,-1,-1,-1
272,25,562.85,117.84,94.18,75.47,1,-1,-1,-1
272,28,1507.37,121.95,88.80,82.89,1,-1,-1,-1
272,29,436.32,118.69,98.16,80.64,1,-1,-1,-1
273,22,1331.55,119.14,148.76,86.31,1,-1,-1,-1
273,23,1485.26,326.31,186.75,235.96,1,-1,-1,-1
273,25,562.98,117.87,93.96,75.17,1,-1,-1,-1
273,28,1507.46,122.04,88.57,82.46,1,-1,-1,-1
273,29,435.98,120.36,98.70,78.43,1,-1,-1,-1
274,22,1316.27,114.40,164.09,97.77,1,-1,-1,-1
274,23,1490.77,335.18,184.14,187.28,1,-1,-1,-1
274,25,563.03,118.14,94.00,74.65,1,-1,-1,-1
274,28,1507.61,122.01,88.44,82.14,1,-1,-1,-1
274,29,435.85,120.39,98.53,79.02,1,-1,-1,-1
275,22,1310.75,98.01,163.60,114.28,1,-1,-1,-1
275,23,1496.59,329.42,178.79,175.21,1,-1,-1,-1
275,25,563.21,118.18,93.85,74.60,1,-1,-1,-1
275,28,1507.47,121.85,88.69,82.58,1,-1,-1,-1
275,29,435.62,120.70,97.83,77.97,1,-1,-1,-1
276,22,1304.29,100.09,169.62,110.51,1,-1,-1,-1
276,23,1499.73,320.58,180.11,185.94,1,-1,-1,-1
276,25,563.27,118.08,93.78,74.85,1,-1,-1,-1
276,28,1507.45,121.95,88.71,82.27,1,-1,-1,-1
276,29,434.67,119.67,99.75,82.23,1,-1,-1,-1
277,22,1301.99,102.81,171.05,107.78,1,-1,-1,-1
277,23,1503.18,310.68,180.00,235.13,1,-1,-1,-1
277,25,562.42,117.96,94.95,74.43,1,-1,-1,-1
277,28,1507.26,121.84,88.96,82.67,1,-1,-1,-1
277,29,434.44,120.21,100.35,82.78,1,-1,-1,-1
277,30,320.94,120.97,96.88,86.64,1,-1,-1,-1
278,22,1302.26,99.44,169.74,112.08,1,-1,-1,-1
278,23,1506.56,322.58,180.67,233.03,1,-1,-1,-1
278,25,562.72,117.76,94.46,74.09,1,-1,-1,-1
278,28,1507.26,121.97,88.88,82.34,1,-1,-1,-1
278,29,434.98,120.56,99.35,83.30,1,-1,-1,-1
279,22,1307.49,97.81,163.56,113.77,1,-1,-1,-1
279,23,1508.73,327.80,180.42,234.13,1,-1,-1,-1
279,25,563.36,117.67,93.56,73.81,1,-1,-1,-1
279,28,1507.36,122.04,88.69,81.99,1,-1,-1,-1
280,22,1307.21,101.91,165.64,105.21,1,-1,-1,-1
280,23,1510.16,331.65,180.63,229.61,1,-1,-1,-1
280,25,563.59,117.54,93.42,73.93,1,-1,-1,-1
280,28,1507.56,122.00,88.48,81.88,1,-1,-1,-1
281,22,1308.69,93.60,163.53,114.44,1,-1,-1,-1
281,23,1509.62,330.00,184.43,230.59,1,-1,-1,-1
281,25,562.63,117.45,94.76,74.57,1,-1,-1,-1
281,28,1507.67,121.73,88.38,82.96,1,-1,-1,-1
282,22,1321.50,111.80,147.66,92.73,1,-1,-1,-1
282,23,1511.05,330.94,183.44,226.44,1,-1,-1,-1
282,25,562.19,117.31,95.15,75.97,1,-1,-1,-1
282,28,1506.80,121.56,89.55,84.22,1,-1,-1,-1
283,22,1311.33,117.07,164.93,89.04,1,-1,-1,-1
283,23,1512.20,330.85,184.67,229.40,1,-1,-1,-1
283,25,562.07,117.46,95.12,76.78,1,-1,-1,-1
283,28,1506.43,121.71,89.83,84.76,1,-1,-1,-1
284,22,1308.90,118.70,165.72,88.39,1,-1,-1,-1
284,23,1514.94,329.59,180.24,231.79,1,-1,-1,-1
284,25,560.98,117.95,96.56,75.87,1,-1,-1,-1
284,28,1506.98,122.30,89.14,82.49,1,-1,-1,-1
284,29,433.66,120.64,99.94,80.62,1,-1,-1,-1
285,22,1306.85,113.97,167.20,97.23,1,-1,-1,-1
285,23,1515.73,337.50,179.28,190.54,1,-1,-1,-1
285,25,560.79,118.15,96.57,74.90,1,-1,-1,-1
285,28,1507.05,121.84,89.14,83.12,1,-1,-1,-1
286,22,1361.38,119.52,97.98,87.80,1,-1,-1,-1
286,23,1515.96,326.10,178.18,203.70,1,-1,-1,-1
286,25,560.59,117.97,96.84,74.91,1,-1,-1,-1
286,28,1507.25,122.05,88.90,81.79,1,-1,-1,-1
286,29,433.55,120.05,101.52,82.86,1,-1,-1,-1
287,22,1319.01,111.30,166.21,103.40,1,-1,-1,-1
287,23,1514.34,327.44,180.66,185.17,1,-1,-1,-1
287,25,560.67,118.04,96.61,74.14,1,-1,-1,-1
287,28,1507.42,121.72,88.78,81.97,1,-1,-1,-1
287,29,433.58,119.76,101.32,86.31,1,-1,-1,-1
288,22,1319.28,118.68,158.50,90.90,1,-1,-1,-1
288,23,1515.86,315.28,179.83,230.85,1,-1,-1,-1
288,25,560.63,118.01,96.48,73.39,1,-1,-1,-1
288,28,1507.39,121.62,88.98,82.25,1,-1,-1,-1
289,22,1314.62,117.37,161.30,92.77,1,-1,-1,-1
289,23,1514.42,322.34,183.40,231.82,1,-1,-1,-1
289,25,560.70,117.69,96.57,73.83,1,-1,-1,-1
289,28,1507.47,121.79,88.82,81.49,1,-1,-1,-1
290,22,1311.80,103.77,163.07,111.83,1,-1,-1,-1
290,23,1515.15,327.09,183.59,232.30,1,-1,-1,-1
290,25,561.00,117.70,96.16,73.58,1,-1,-1,-1
290,28,1507.70,121.79,88.47,81.11,1,-1,-1,-1
291,22,1309.91,105.49,163.21,106.18,1,-1,-1,-1
291,23,1517.01,330.92,183.36,230.30,1,-1,-1,-1
291,25,561.23,117.67,95.72,73.44,1,-1,-1,-1
291,28,1507.68,121.66,88.51,81.35,1,-1,-1,-1
292,22,1310.95,110.91,161.32,100.52,1,-1,-1,-1
292,23,1517.96,331.79,183.94,230.36,1,-1,-1,-1
292,25,561.30,117.62,95.60,73.47,1,-1,-1,-1
292,28,1507.70,121.69,88.52,81.33,1,-1,-1,-1
293,22,1337.32,114.61,129.25,98.03,1,-1,-1,-1
293,23,1518.80,331.43,181.96,232.37,1,-1,-1,-1
293,25,561.58,117.67,95.11,73.26,1,-1,-1,-1
293,28,1507.46,121.55,88.88,82.17,1,-1,-1,-1
294,22,1332.91,115.91,143.27,98.31,1,-1,-1,-1
294,23,1520.46,332.61,179.68,221.52,1,-1,-1,-1
294,25,561.56,117.65,95.14,73.18,1,-1,-1,-1
294,28,1507.30,121.68,89.03,82.24,1,-1,-1,-1
295,22,1338.64,116.50,137.03,98.25,1,-1,-1,-1
295,23,1521.16,339.57,178.11,175.82,1,-1,-1,-1
295,25,561.31,117.56,95.49,73.29,1,-1,-1,-1
295,28,1507.64,122.02,88.46,81.05,1,-1,-1,-1
296,22,1319.69,115.03,162.01,100.89,1,-1,-1,-1
296,23,1519.94,331.15,181.10,175.55,1,-1,-1,-1
296,25,561.18,117.47,95.42,73.60,1,-1,-1,-1
296,28,1507.44,121.74,88.82,81.63,1,-1,-1,-1
297,22,1314.61,110.98,164.23,107.74,1,-1,-1,-1
297,23,1518.66,323.97,182.43,190.90,1,-1,-1,-1
297,25,561.02,117.47,95.43,73.73,1,-1,-1,-1
297,28,1506.89,121.60,89.53,82.38,1,-1,-1,-1
298,22,1312.03,114.08,164.98,102.94,1,-1,-1,-1
298,23,1519.88,316.74,180.09,235.79,1,-1,-1,-1
298,25,560.70,117.44,96.01,73.85,1,-1,-1,-1
298,28,1506.78,121.57,89.58,83.28,1,-1,-1,-1
299,22,1309.93,115.99,167.92,101.25,1,-1,-1,-1
299,23,1520.17,326.43,183.00,231.74,1,-1,-1,-1
299,25,560.58,117.36,96.23,73.91,1,-1,-1,-1
299,28,1506.62,121.69,89.79,83.68,1,-1,-1,-1
300,22,1311.47,116.85,164.47,101.42,1,-1,-1,-1
300,23,1520.58,329.22,183.14,234.52,1,-1,-1,-1
300,25,560.66,117.35,96.20,73.93,1,-1,-1,-1
300,28,1506.50,122.01,89.90,82.89,1,-1,-1,-1
301,22,1313.42,116.07,161.87,105.16,1,-1,-1,-1
301,23,1518.91,331.19,185.60,233.38,1,-1,-1,-1
301,25,560.72,117.37,95.81,74.07,1,-1,-1,-1
301,28,1507.18,122.10,89.46,82.02,1,-1,-1,-1
