2,1,846.24,483.57,185.59,186.68,1,-1,-1,-1
2,2,1156.23,541.40,168.02,179.00,1,-1,-1,-1
2,4,1310.83,445.60,147.32,135.87,1,-1,-1,-1
2,5,1700.41,114.23,108.30,84.46,1,-1,-1,-1
2,6,1572.23,109.00,110.92,86.23,1,-1,-1,-1
2,7,103.81,112.23,108.19,75.35,1,-1,-1,-1
2,8,357.33,110.13,99.75,79.08,1,-1,-1,-1
2,9,236.75,110.06,100.39,69.76,1,-1,-1,-1
3,5,1698.74,114.65,110.38,84.95,1,-1,-1,-1
3,6,1572.32,109.22,110.48,87.30,1,-1,-1,-1
3,8,357.42,109.98,99.23,78.15,1,-1,-1,-1
3,9,235.43,104.09,103.12,74.44,1,-1,-1,-1
4,2,1104.81,536.89,160.37,159.77,1,-1,-1,-1
4,4,1276.26,425.63,175.95,149.58,1,-1,-1,-1
4,5,1698.50,114.48,110.77,84.34,1,-1,-1,-1
4,6,1572.67,107.86,110.13,85.93,1,-1,-1,-1
4,8,356.17,110.73,101.07,80.79,1,-1,-1,-1
4,9,234.14,109.79,103.32,74.55,1,-1,-1,-1
4,10,1780.07,912.74,138.16,168.49,1,-1,-1,-1
4,11,28.11,848.92,138.53,133.09,1,-1,-1,-1
5,5,1698.55,114.73,110.74,83.92,1,-1,-1,-1
5,6,1572.37,108.50,110.72,86.45,1,-1,-1,-1
5,7,103.56,114.90,111.64,72.52,1,-1,-1,-1
5,8,355.46,109.03,98.37,76.82,1,-1,-1,-1
5,9,226.36,113.61,109.83,78.95,1,-1,-1,-1
5,11,28.47,849.24,138.56,132.40,1,-1,-1,-1
6,5,1696.39,115.27,113.58,85.80,1,-1,-1,-1
6,6,1571.03,108.73,112.07,87.24,1,-1,-1,-1
6,7,105.91,116.69,110.13,70.87,1,-1,-1,-1
6,8,355.85,108.83,96.81,73.39,1,-1,-1,-1
6,9,230.14,110.20,107.64,77.49,1,-1,-1,-1
6,11,27.85,849.34,138.09,132.29,1,-1,-1,-1
7,1,863.14,471.37,187.78,215.18,1,-1,-1,-1
7,5,1693.49,115.73,117.02,89.37,1,-1,-1,-1
7,6,1571.55,108.98,111.88,87.76,1,-1,-1,-1
7,7,105.05,118.94,113.00,74.78,1,-1,-1,-1
7,8,355.64,110.69,99.81,76.20,1,-1,-1,-1
7,9,232.46,109.17,105.35,74.46,1,-1,-1,-1
7,11,28.07,849.59,137.50,132.14,1,-1,-1,-1
8,1,860.88,484.83,180.26,215.65,1,-1,-1,-1
8,5,1693.50,115.47,117.64,90.06,1,-1,-1,-1
8,6,1572.20,109.08,110.75,87.61,1,-1,-1,-1
8,8,355.69,111.11,98.26,76.41,1,-1,-1,-1
8,9,232.88,111.48,104.21,72.42,1,-1,-1,-1
8,11,28.23,849.84,137.15,131.99,1,-1,-1,-1
8,13,667.56,464.58,182.75,210.91,1,-1,-1,-1
9,1,866.23,475.77,177.36,223.75,1,-1,-1,-1
9,5,1693.36,114.28,117.88,89.75,1,-1,-1,-1
9,6,1572.83,108.98,110.18,87.58,1,-1,-1,-1
9,8,355.80,111.30,97.93,76.97,1,-1,-1,-1
9,9,232.23,111.87,104.12,72.00,1,-1,-1,-1
9,11,28.81,849.67,137.08,131.77,1,-1,-1,-1
9,13,680.21,470.51,174.73,205.58,1,-1,-1,-1
10,1,882.59,482.75,173.69,221.99,1,-1,-1,-1
10,5,1694.40,112.24,116.91,90.27,1,-1,-1,-1
10,6,1570.88,108.88,111.61,88.16,1,-1,-1,-1
10,7,111.74,119.97,107.21,79.56,1,-1,-1,-1
10,8,355.81,111.28,99.97,78.20,1,-1,-1,-1
10,9,232.57,109.69,104.26,71.64,1,-1,-1,-1
10,11,29.02,850.03,137.02,131.80,1,-1,-1,-1
10,13,704.87,476.51,165.02,197.98,1,-1,-1,-1
11,1,899.91,481.38,170.31,223.74,1,-1,-1,-1
11,5,1694.93,112.16,116.68,90.77,1,-1,-1,-1
11,6,1571.84,108.68,111.40,88.53,1,-1,-1,-1
11,7,114.15,118.61,103.65,81.99,1,-1,-1,-1
11,8,355.21,110.95,100.81,78.54,1,-1,-1,-1
11,9,233.21,107.39,104.02,72.02,1,-1,-1,-1
11,11,29.21,849.91,136.83,131.95,1,-1,-1,-1
11,13,727.48,477.32,157.70,194.83,1,-1,-1,-1
12,1,916.77,481.40,167.68,223.69,1,-1,-1,-1
12,5,1695.45,113.90,116.25,90.59,1,-1,-1,-1
12,6,1572.33,108.59,111.32,89.19,1,-1,-1,-1
12,7,115.91,117.54,101.02,82.98,1,-1,-1,-1
12,8,354.72,110.72,101.08,78.52,1,-1,-1,-1
12,9,233.72,106.70,103.67,71.98,1,-1,-1,-1
12,11,29.22,849.99,136.88,132.05,1,-1,-1,-1
12,13,745.98,520.99,147.46,160.83,1,-1,-1,-1
13,1,943.03,485.88,167.72,217.12,1,-1,-1,-1
13,5,1696.21,113.17,116.33,90.46,1,-1,-1,-1
13,6,1572.16,108.14,111.21,88.96,1,-1,-1,-1
13,7,111.31,114.80,103.17,77.29,1,-1,-1,-1
13,8,355.09,111.01,101.79,79.33,1,-1,-1,-1
13,9,233.80,109.43,103.65,71.33,1,-1,-1,-1
13,11,29.39,849.90,137.39,132.24,1,-1,-1,-1
13,13,773.34,533.66,140.02,140.85,1,-1,-1,-1
14,1,968.13,477.10,166.05,212.67,1,-1,-1,-1
14,5,1696.17,113.04,115.66,88.83,1,-1,-1,-1
14,6,1572.56,108.36,110.48,88.66,1,-1,-1,-1
14,7,114.60,115.05,100.74,77.06,1,-1,-1,-1
14,8,354.44,110.18,100.84,78.83,1,-1,-1,-1
14,9,232.03,112.80,105.18,72.43,1,-1,-1,-1
14,11,29.88,849.78,137.40,132.25,1,-1,-1,-1
14,13,792.93,535.94,133.65,125.50,1,-1,-1,-1
15,1,976.21,462.98,164.60,213.44,1,-1,-1,-1
15,5,1694.80,113.45,116.43,88.75,1,-1,-1,-1
15,6,1572.58,108.51,110.37,88.24,1,-1,-1,-1
15,7,116.55,115.60,99.32,77.80,1,-1,-1,-1
15,8,354.71,111.77,101.07,80.23,1,-1,-1,-1
15,9,228.61,115.59,107.94,73.53,1,-1,-1,-1
15,11,29.97,849.75,137.45,132.25,1,-1,-1,-1
15,13,795.76,514.64,133.47,128.63,1,-1,-1,-1
16,1,978.30,458.53,162.75,211.33,1,-1,-1,-1
16,5,1695.09,113.76,116.81,88.34,1,-1,-1,-1
16,6,1572.93,108.70,109.84,88.04,1,-1,-1,-1
16,7,118.00,115.84,97.87,78.31,1,-1,-1,-1
16,8,354.49,111.53,101.13,81.47,1,-1,-1,-1
16,9,227.74,116.42,109.79,73.92,1,-1,-1,-1
16,11,30.20,849.57,137.30,132.33,1,-1,-1,-1
16,13,795.32,517.66,131.04,120.46,1,-1,-1,-1
17,1,940.68,453.29,162.64,211.52,1,-1,-1,-1
17,5,1693.84,113.58,117.81,91.67,1,-1,-1,-1
17,6,1574.01,108.84,109.17,87.98,1,-1,-1,-1
17,7,119.43,116.17,97.01,79.40,1,-1,-1,-1
17,8,354.93,109.60,102.44,79.40,1,-1,-1,-1
17,9,231.85,113.18,107.55,73.01,1,-1,-1,-1
17,11,30.00,849.69,137.27,132.38,1,-1,-1,-1
18,1,913.15,452.40,162.61,212.79,1,-1,-1,-1
18,5,1695.35,111.60,116.69,92.02,1,-1,-1,-1
18,6,1573.72,108.95,109.44,88.10,1,-1,-1,-1
18,7,119.81,116.13,96.66,80.47,1,-1,-1,-1
18,8,354.36,108.80,103.40,77.88,1,-1,-1,-1
18,9,232.44,113.01,106.22,72.21,1,-1,-1,-1
18,11,29.98,849.59,137.14,132.46,1,-1,-1,-1
18,14,693.30,501.25,157.98,145.35,1,-1,-1,-1
19,1,873.85,456.68,164.78,217.46,1,-1,-1,-1
19,5,1693.27,112.58,117.96,92.01,1,-1,-1,-1
19,6,1573.93,109.12,109.69,88.65,1,-1,-1,-1
19,7,114.60,116.11,100.30,78.90,1,-1,-1,-1
19,8,354.14,108.97,101.98,76.57,1,-1,-1,-1
19,9,232.14,109.73,106.44,74.17,1,-1,-1,-1
19,11,29.73,849.48,137.43,132.50,1,-1,-1,-1
19,14,646.15,458.55,181.94,183.71,1,-1,-1,-1
20,1,852.71,513.33,165.34,188.02,1,-1,-1,-1
20,5,1693.74,112.35,117.82,90.35,1,-1,-1,-1
20,6,1574.06,108.97,109.80,88.82,1,-1,-1,-1
20,7,117.88,116.09,98.20,79.37,1,-1,-1,-1
20,8,355.48,110.06,102.68,78.10,1,-1,-1,-1
20,9,232.72,106.29,105.67,74.72,1,-1,-1,-1
20,11,29.85,849.42,137.38,132.53,1,-1,-1,-1
20,14,631.61,458.03,189.66,199.26,1,-1,-1,-1
21,1,860.28,494.54,166.75,198.79,1,-1,-1,-1
21,5,1695.74,112.57,116.42,89.89,1,-1,-1,-1
21,6,1575.87,108.85,107.99,88.08,1,-1,-1,-1
21,7,114.28,114.87,99.95,75.55,1,-1,-1,-1
21,8,355.32,110.85,102.51,79.11,1,-1,-1,-1
21,9,231.19,107.60,106.04,74.89,1,-1,-1,-1
21,11,29.68,849.48,137.30,132.82,1,-1,-1,-1
21,14,643.63,454.02,201.19,211.43,1,-1,-1,-1
22,1,885.79,486.20,166.64,206.13,1,-1,-1,-1
22,5,1697.64,113.35,115.11,89.75,1,-1,-1,-1
22,6,1576.45,109.30,107.31,88.53,1,-1,-1,-1
22,7,116.88,116.91,98.50,77.60,1,-1,-1,-1
22,8,354.45,109.61,101.65,78.16,1,-1,-1,-1
22,9,229.89,111.00,106.87,75.75,1,-1,-1,-1
22,11,29.65,849.80,137.55,132.86,1,-1,-1,-1
22,14,673.06,447.66,209.34,219.48,1,-1,-1,-1
23,1,900.27,495.57,163.69,203.71,1,-1,-1,-1
23,5,1701.68,113.42,112.07,89.12,1,-1,-1,-1
23,6,1574.59,108.95,108.07,89.30,1,-1,-1,-1
23,7,118.49,116.49,96.80,77.62,1,-1,-1,-1
23,8,354.46,108.64,100.80,76.43,1,-1,-1,-1
23,9,227.76,112.66,108.42,76.33,1,-1,-1,-1
23,11,29.49,849.96,137.71,132.82,1,-1,-1,-1
23,14,692.05,444.83,210.65,224.47,1,-1,-1,-1
24,1,895.82,483.35,162.87,211.98,1,-1,-1,-1
24,5,1702.29,113.57,110.65,88.92,1,-1,-1,-1
24,6,1572.71,109.12,109.49,89.81,1,-1,-1,-1
24,7,114.36,115.61,99.58,74.64,1,-1,-1,-1
24,8,354.70,110.90,101.36,78.12,1,-1,-1,-1
24,9,228.73,111.15,108.42,76.55,1,-1,-1,-1
24,11,29.29,849.86,138.10,132.98,1,-1,-1,-1
24,14,686.43,448.70,208.16,225.19,1,-1,-1,-1
25,1,891.77,481.55,160.33,215.88,1,-1,-1,-1
25,5,1699.59,113.09,111.19,87.88,1,-1,-1,-1
25,6,1573.22,108.77,109.33,89.66,1,-1,-1,-1
25,7,112.31,120.87,105.22,81.24,1,-1,-1,-1
25,8,354.92,111.33,101.60,79.00,1,-1,-1,-1
25,9,220.36,114.92,114.35,80.47,1,-1,-1,-1
25,11,29.50,849.97,138.01,132.90,1,-1,-1,-1
25,14,674.88,459.70,189.24,218.04,1,-1,-1,-1
26,1,890.28,493.39,158.41,210.95,1,-1,-1,-1
26,5,1698.13,113.13,111.83,87.20,1,-1,-1,-1
26,6,1573.42,108.63,109.23,89.49,1,-1,-1,-1
26,7,110.74,121.82,108.99,85.98,1,-1,-1,-1
26,8,354.87,111.14,101.55,79.63,1,-1,-1,-1
26,9,221.57,111.38,114.72,78.06,1,-1,-1,-1
26,11,29.60,849.96,137.98,132.93,1,-1,-1,-1
26,14,673.13,462.50,176.77,214.83,1,-1,-1,-1
27,1,879.75,525.84,158.29,186.63,1,-1,-1,-1
27,5,1699.18,113.88,111.55,86.91,1,-1,-1,-1
27,6,1575.67,108.35,107.65,88.42,1,-1,-1,-1
27,7,109.37,121.44,110.01,88.86,1,-1,-1,-1
27,8,354.47,110.83,100.59,80.06,1,-1,-1,-1
27,9,225.69,110.65,112.82,75.77,1,-1,-1,-1
27,11,29.84,850.01,138.02,132.92,1,-1,-1,-1
27,14,667.97,456.22,169.91,216.55,1,-1,-1,-1
28,1,877.96,499.12,158.41,196.04,1,-1,-1,-1
28,5,1700.36,114.41,111.08,87.02,1,-1,-1,-1
28,6,1576.23,108.44,106.71,87.69,1,-1,-1,-1
28,7,109.74,120.81,110.67,90.92,1,-1,-1,-1
28,8,354.60,110.70,100.42,80.48,1,-1,-1,-1
28,9,219.68,114.95,116.71,79.16,1,-1,-1,-1
28,11,29.96,849.97,138.00,132.91,1,-1,-1,-1
28,14,672.74,478.76,162.69,201.28,1,-1,-1,-1
29,1,889.64,489.81,157.66,201.86,1,-1,-1,-1
29,5,1700.10,114.50,111.16,87.32,1,-1,-1,-1
29,6,1575.37,108.76,108.17,88.06,1,-1,-1,-1
29,8,355.17,110.73,100.24,80.94,1,-1,-1,-1
29,9,224.94,111.32,114.33,76.48,1,-1,-1,-1
29,14,687.24,491.92,156.80,190.03,1,-1,-1,-1
30,1,897.35,486.18,156.96,207.49,1,-1,-1,-1
30,5,1698.62,114.59,111.97,87.26,1,-1,-1,-1
30,6,1574.65,108.78,108.91,88.08,1,-1,-1,-1
30,8,355.99,110.84,99.48,81.39,1,-1,-1,-1
30,9,227.75,111.85,111.34,74.15,1,-1,-1,-1
30,11,30.49,849.74,137.48,132.71,1,-1,-1,-1
30,14,698.83,508.42,153.17,177.98,1,-1,-1,-1
31,1,895.76,486.75,156.17,209.86,1,-1,-1,-1
31,5,1699.90,114.83,111.57,86.84,1,-1,-1,-1
31,6,1574.73,108.79,108.28,87.27,1,-1,-1,-1
31,8,355.58,111.69,99.58,82.99,1,-1,-1,-1
31,9,229.66,112.47,109.10,71.97,1,-1,-1,-1
31,11,30.67,849.78,137.28,132.64,1,-1,-1,-1
31,14,699.34,516.88,149.47,169.94,1,-1,-1,-1
32,1,892.86,482.59,154.73,212.11,1,-1,-1,-1
32,5,1699.47,114.94,111.94,86.69,1,-1,-1,-1
32,6,1573.86,108.74,108.63,87.25,1,-1,-1,-1
32,8,355.35,111.65,99.68,84.05,1,-1,-1,-1
32,9,231.14,112.97,107.10,70.40,1,-1,-1,-1
32,11,30.72,849.70,137.20,132.67,1,-1,-1,-1
32,14,700.17,525.71,145.62,159.99,1,-1,-1,-1
33,1,882.78,516.15,155.25,189.18,1,-1,-1,-1
33,5,1698.35,115.43,113.02,87.43,1,-1,-1,-1
33,6,1573.88,108.95,108.59,87.70,1,-1,-1,-1
33,8,354.64,111.22,99.91,84.73,1,-1,-1,-1
33,9,229.59,113.76,107.33,69.41,1,-1,-1,-1
33,11,30.63,849.63,137.32,132.76,1,-1,-1,-1
33,14,690.62,512.00,145.50,164.22,1,-1,-1,-1
34,1,869.65,534.54,154.64,171.57,1,-1,-1,-1
34,5,1697.56,115.49,113.86,87.89,1,-1,-1,-1
34,6,1573.89,109.70,108.87,89.20,1,-1,-1,-1
34,8,354.77,111.20,100.70,85.37,1,-1,-1,-1
34,9,231.25,113.73,106.88,68.59,1,-1,-1,-1
34,11,30.62,849.50,137.32,132.76,1,-1,-1,-1
34,14,681.20,508.15,144.89,165.77,1,-1,-1,-1
35,1,862.33,508.10,156.66,180.32,1,-1,-1,-1
35,5,1696.24,115.29,114.53,87.91,1,-1,-1,-1
35,6,1573.50,109.28,109.20,89.71,1,-1,-1,-1
35,8,354.65,110.68,100.96,85.48,1,-1,-1,-1
35,9,231.11,114.00,106.52,68.16,1,-1,-1,-1
35,11,30.69,849.51,137.41,132.75,1,-1,-1,-1
35,14,681.30,494.63,144.97,172.88,1,-1,-1,-1
36,1,868.48,505.01,156.04,181.95,1,-1,-1,-1
36,5,1694.98,115.55,115.33,88.22,1,-1,-1,-1
36,6,1573.53,108.71,108.96,89.43,1,-1,-1,-1
36,8,355.29,108.83,102.79,83.75,1,-1,-1,-1
36,9,232.38,114.21,105.12,68.10,1,-1,-1,-1
36,11,30.39,849.52,138.15,133.82,1,-1,-1,-1
36,14,687.26,496.51,145.45,172.56,1,-1,-1,-1
37,1,901.29,483.47,161.82,196.10,1,-1,-1,-1
37,5,1693.78,111.42,115.57,89.41,1,-1,-1,-1
37,6,1572.70,108.60,109.45,89.16,1,-1,-1,-1
37,8,354.48,109.55,101.99,83.34,1,-1,-1,-1
37,9,232.24,112.53,105.31,69.44,1,-1,-1,-1
37,11,30.63,849.48,138.37,133.74,1,-1,-1,-1
37,14,729.48,491.88,145.63,173.56,1,-1,-1,-1
38,1,926.43,480.45,161.16,203.32,1,-1,-1,-1
38,5,1698.92,111.00,112.94,88.94,1,-1,-1,-1
38,6,1572.88,108.35,109.64,88.93,1,-1,-1,-1
38,7,116.54,114.54,101.74,87.72,1,-1,-1,-1
38,8,354.83,109.29,101.46,81.85,1,-1,-1,-1
38,9,233.18,111.01,104.62,70.21,1,-1,-1,-1
38,11,30.78,849.50,138.19,133.68,1,-1,-1,-1
38,14,759.01,516.89,145.11,157.28,1,-1,-1,-1
39,1,929.92,486.73,157.63,202.69,1,-1,-1,-1
39,5,1698.87,110.84,112.22,89.61,1,-1,-1,-1
39,6,1572.73,108.88,109.84,89.42,1,-1,-1,-1
39,8,354.71,109.83,101.01,81.54,1,-1,-1,-1
39,9,233.26,110.96,104.46,70.75,1,-1,-1,-1
39,11,30.84,849.46,138.00,133.58,1,-1,-1,-1
39,14,764.62,524.43,143.28,148.86,1,-1,-1,-1
40,1,915.00,474.10,158.37,210.02,1,-1,-1,-1
40,5,1697.52,112.69,113.14,89.34,1,-1,-1,-1
40,6,1574.66,108.69,108.50,88.58,1,-1,-1,-1
40,8,355.59,110.84,100.77,82.47,1,-1,-1,-1
40,9,234.15,111.91,104.09,69.98,1,-1,-1,-1
40,11,30.81,849.48,137.74,133.47,1,-1,-1,-1
40,14,757.48,513.37,142.86,151.72,1,-1,-1,-1
41,1,907.57,481.58,155.68,209.24,1,-1,-1,-1
41,5,1698.85,113.67,112.67,88.68,1,-1,-1,-1
41,6,1575.29,108.64,106.96,87.80,1,-1,-1,-1
41,8,354.86,110.78,100.26,82.86,1,-1,-1,-1
41,9,234.65,113.77,103.63,68.83,1,-1,-1,-1
41,11,30.90,849.43,137.90,133.50,1,-1,-1,-1
41,14,747.50,514.37,142.02,154.38,1,-1,-1,-1
41,15,1783.34,926.88,135.76,153.06,1,-1,-1,-1
42,1,902.97,487.25,153.72,212.59,1,-1,-1,-1
42,5,1697.65,114.62,113.76,88.32,1,-1,-1,-1
42,6,1575.53,109.15,105.13,87.76,1,-1,-1,-1
42,7,120.05,113.97,98.01,83.60,1,-1,-1,-1
42,8,354.44,111.26,100.60,84.12,1,-1,-1,-1
42,9,235.20,114.04,103.23,68.24,1,-1,-1,-1
42,11,30.77,849.51,138.04,133.50,1,-1,-1,-1
42,14,742.56,522.20,140.56,157.86,1,-1,-1,-1
42,15,1783.53,927.03,135.46,152.83,1,-1,-1,-1
43,1,902.26,505.23,152.04,210.87,1,-1,-1,-1
43,5,1698.97,115.04,113.40,87.72,1,-1,-1,-1
43,6,1575.55,109.06,103.79,87.36,1,-1,-1,-1
43,7,118.42,114.97,98.18,83.62,1,-1,-1,-1
43,8,354.39,110.89,101.20,84.66,1,-1,-1,-1
43,9,235.44,113.76,102.96,67.87,1,-1,-1,-1
43,11,30.68,849.54,138.20,133.54,1,-1,-1,-1
43,14,742.98,521.30,140.89,164.82,1,-1,-1,-1
43,15,1783.36,928.23,135.33,151.96,1,-1,-1,-1
44,1,905.20,557.51,153.81,184.65,1,-1,-1,-1
44,5,1699.80,115.25,112.58,87.59,1,-1,-1,-1
44,6,1577.13,109.03,104.02,87.04,1,-1,-1,-1
44,8,354.13,110.46,101.37,84.75,1,-1,-1,-1
44,9,228.85,115.09,106.78,68.60,1,-1,-1,-1
44,11,30.35,849.60,138.76,134.61,1,-1,-1,-1
44,14,751.13,570.22,141.92,141.21,1,-1,-1,-1
44,15,1783.11,928.28,135.54,151.83,1,-1,-1,-1
45,1,925.24,546.20,152.68,186.51,1,-1,-1,-1
45,5,1700.19,114.42,111.91,87.60,1,-1,-1,-1
45,6,1578.48,108.81,103.15,86.13,1,-1,-1,-1
45,7,112.62,113.33,104.34,78.94,1,-1,-1,-1
45,8,353.99,109.66,100.69,84.11,1,-1,-1,-1
45,9,229.33,113.73,108.18,68.85,1,-1,-1,-1
45,11,30.36,849.48,139.49,135.34,1,-1,-1,-1
45,14,775.85,566.39,141.03,138.13,1,-1,-1,-1
46,1,943.36,542.35,149.47,185.10,1,-1,-1,-1
46,5,1699.27,114.01,112.32,87.15,1,-1,-1,-1
46,6,1579.01,108.98,102.61,85.95,1,-1,-1,-1
46,7,114.56,116.43,102.85,82.53,1,-1,-1,-1
46,8,355.54,110.18,100.66,84.94,1,-1,-1,-1
46,11,30.61,849.10,139.44,134.90,1,-1,-1,-1
46,14,800.76,552.37,144.75,141.42,1,-1,-1,-1
47,5,1698.92,114.20,112.66,85.99,1,-1,-1,-1
47,6,1577.56,109.58,104.13,87.76,1,-1,-1,-1
47,7,112.84,114.50,106.19,78.94,1,-1,-1,-1
47,9,248.06,75.02,149.09,96.78,1,-1,-1,-1
47,11,30.06,849.13,140.16,135.57,1,-1,-1,-1
47,15,1780.19,927.64,137.94,152.72,1,-1,-1,-1
48,5,1696.35,115.22,113.36,86.59,1,-1,-1,-1
48,6,1575.77,108.91,104.58,87.80,1,-1,-1,-1
48,7,110.83,114.75,107.96,77.67,1,-1,-1,-1
48,9,247.95,61.34,170.13,111.57,1,-1,-1,-1
48,11,30.09,849.00,140.30,135.05,1,-1,-1,-1
48,15,1780.22,925.32,138.63,154.38,1,-1,-1,-1
49,5,1695.13,114.88,114.15,85.74,1,-1,-1,-1
49,6,1575.76,108.43,105.07,86.88,1,-1,-1,-1
49,7,108.89,115.96,109.30,78.12,1,-1,-1,-1
49,9,241.63,56.50,175.74,118.59,1,-1,-1,-1
49,11,29.79,849.39,141.09,135.50,1,-1,-1,-1
49,15,1779.28,909.37,141.20,165.53,1,-1,-1,-1
50,5,1695.54,114.46,113.73,85.47,1,-1,-1,-1
50,6,1574.82,108.44,105.91,86.90,1,-1,-1,-1
50,7,106.13,115.59,110.60,77.90,1,-1,-1,-1
50,8,354.92,107.97,102.31,81.00,1,-1,-1,-1
50,9,236.23,52.57,175.82,123.38,1,-1,-1,-1
50,11,29.47,849.35,141.55,135.84,1,-1,-1,-1
50,15,1778.74,903.80,142.00,171.52,1,-1,-1,-1
51,5,1694.11,113.30,112.94,85.46,1,-1,-1,-1
51,6,1579.41,108.41,103.40,85.50,1,-1,-1,-1
51,7,107.50,115.41,110.37,76.13,1,-1,-1,-1
51,8,354.78,110.10,102.77,82.80,1,-1,-1,-1
51,9,227.34,54.85,167.53,125.49,1,-1,-1,-1
51,11,28.99,849.31,141.72,136.05,1,-1,-1,-1
52,5,1696.27,113.92,112.32,85.24,1,-1,-1,-1
52,6,1577.04,108.83,104.87,86.79,1,-1,-1,-1
52,7,113.63,116.80,106.18,79.00,1,-1,-1,-1
52,8,355.49,108.32,103.19,79.55,1,-1,-1,-1
52,9,228.99,55.07,161.66,125.61,1,-1,-1,-1
52,11,29.02,849.04,141.48,136.27,1,-1,-1,-1
53,5,1696.78,113.05,112.02,85.83,1,-1,-1,-1
53,6,1576.82,108.78,105.20,86.81,1,-1,-1,-1
53,7,112.45,115.68,107.01,77.89,1,-1,-1,-1
53,8,355.91,109.39,102.32,79.11,1,-1,-1,-1
53,9,228.88,54.51,155.48,125.99,1,-1,-1,-1
53,11,29.61,849.15,141.38,136.25,1,-1,-1,-1
54,5,1696.21,113.55,112.62,85.32,1,-1,-1,-1
54,6,1576.00,109.36,105.96,87.49,1,-1,-1,-1
54,7,107.54,116.36,109.97,77.35,1,-1,-1,-1
54,8,355.81,109.65,101.46,78.61,1,-1,-1,-1
54,9,232.22,52.10,154.24,127.89,1,-1,-1,-1
54,11,29.48,849.46,141.29,135.92,1,-1,-1,-1
55,5,1696.23,114.49,113.02,85.06,1,-1,-1,-1
55,6,1575.43,109.39,106.58,88.04,1,-1,-1,-1
55,7,106.21,117.16,111.28,77.77,1,-1,-1,-1
55,8,355.95,109.51,100.51,77.74,1,-1,-1,-1
55,9,233.44,51.12,151.81,129.52,1,-1,-1,-1
55,11,29.48,849.57,141.20,135.66,1,-1,-1,-1
56,5,1695.50,114.73,113.79,85.07,1,-1,-1,-1
56,6,1574.71,109.35,107.34,88.57,1,-1,-1,-1
56,8,357.32,110.54,101.02,79.26,1,-1,-1,-1
56,9,234.50,49.90,151.05,131.55,1,-1,-1,-1
56,11,29.30,849.57,141.20,135.56,1,-1,-1,-1
56,17,1606.73,442.53,166.05,178.11,1,-1,-1,-1
56,18,1469.99,422.38,163.88,173.11,1,-1,-1,-1
57,5,1696.75,114.16,113.39,85.17,1,-1,-1,-1
57,6,1575.06,109.40,107.47,89.27,1,-1,-1,-1
57,8,355.96,108.46,100.34,76.87,1,-1,-1,-1
57,9,236.08,49.26,151.93,131.63,1,-1,-1,-1
57,11,29.28,849.77,141.12,135.32,1,-1,-1,-1
57,17,1593.51,439.22,164.68,179.29,1,-1,-1,-1
58,5,1699.04,114.32,111.78,84.73,1,-1,-1,-1
58,6,1578.77,107.73,105.32,86.92,1,-1,-1,-1
58,7,106.97,117.29,110.37,77.94,1,-1,-1,-1
58,8,355.73,108.15,99.69,75.48,1,-1,-1,-1
58,9,227.53,57.95,143.30,126.81,1,-1,-1,-1
58,11,29.05,849.74,140.96,135.22,1,-1,-1,-1
58,17,1578.87,439.54,165.84,185.32,1,-1,-1,-1
59,5,1698.18,114.51,111.64,84.20,1,-1,-1,-1
59,6,1576.80,108.08,106.08,86.73,1,-1,-1,-1
59,7,110.31,117.26,106.95,79.92,1,-1,-1,-1
59,8,355.97,108.24,100.48,74.34,1,-1,-1,-1
59,9,232.29,52.32,144.71,128.88,1,-1,-1,-1
59,11,29.10,849.91,140.63,135.03,1,-1,-1,-1
59,17,1570.69,456.55,164.14,185.45,1,-1,-1,-1
60,5,1699.67,114.60,110.52,83.37,1,-1,-1,-1
60,6,1575.63,108.39,106.86,86.80,1,-1,-1,-1
60,7,112.66,117.00,105.05,81.61,1,-1,-1,-1
60,8,355.66,109.27,100.11,73.99,1,-1,-1,-1
60,9,235.31,49.36,146.81,130.20,1,-1,-1,-1
60,11,29.06,849.97,140.41,134.98,1,-1,-1,-1
60,16,158.58,552.06,129.50,88.46,1,-1,-1,-1
60,17,1568.88,468.82,162.68,186.86,1,-1,-1,-1
60,19,1318.75,471.46,136.72,100.15,1,-1,-1,-1
61,5,1699.91,114.89,109.83,82.60,1,-1,-1,-1
61,6,1574.70,108.51,107.57,86.88,1,-1,-1,-1
61,7,114.87,116.32,102.63,83.55,1,-1,-1,-1
61,8,355.44,109.55,99.48,73.57,1,-1,-1,-1
61,9,224.82,75.72,139.19,114.67,1,-1,-1,-1
61,11,29.61,850.44,139.81,134.77,1,-1,-1,-1
61,16,165.48,558.13,121.26,81.45,1,-1,-1,-1
61,17,1572.37,482.16,159.39,181.47,1,-1,-1,-1
61,19,1327.81,471.50,131.17,97.57,1,-1,-1,-1
62,5,1698.32,114.75,110.55,82.78,1,-1,-1,-1
62,6,1576.98,107.44,106.54,85.29,1,-1,-1,-1
62,8,355.37,109.52,100.03,73.16,1,-1,-1,-1
62,9,223.95,84.49,132.23,106.39,1,-1,-1,-1
62,11,29.53,850.49,139.65,134.82,1,-1,-1,-1
63,5,1696.22,114.34,112.24,83.57,1,-1,-1,-1
63,6,1575.06,108.36,107.66,85.88,1,-1,-1,-1
63,8,355.90,109.38,99.82,72.95,1,-1,-1,-1
63,9,224.26,90.36,126.19,99.40,1,-1,-1,-1
63,11,29.43,850.67,139.63,134.74,1,-1,-1,-1
64,5,1695.19,114.09,112.43,84.03,1,-1,-1,-1
64,6,1576.66,109.77,107.03,87.19,1,-1,-1,-1
64,7,109.17,113.24,108.18,77.18,1,-1,-1,-1
64,8,355.85,109.26,99.88,72.53,1,-1,-1,-1
64,9,223.63,98.71,122.79,91.15,1,-1,-1,-1
64,11,29.62,850.45,139.34,133.90,1,-1,-1,-1
65,5,1697.11,115.77,113.35,85.28,1,-1,-1,-1
65,6,1575.85,110.01,107.75,88.22,1,-1,-1,-1
65,7,106.90,112.78,110.21,73.90,1,-1,-1,-1
65,8,356.78,111.14,99.04,74.62,1,-1,-1,-1
65,9,225.06,103.29,119.54,84.97,1,-1,-1,-1
65,11,29.73,850.43,139.31,133.28,1,-1,-1,-1
66,5,1695.56,116.08,115.46,86.85,1,-1,-1,-1
66,6,1575.11,109.99,108.36,89.05,1,-1,-1,-1
66,7,106.13,113.08,111.29,71.92,1,-1,-1,-1
66,8,356.55,110.00,100.33,74.21,1,-1,-1,-1
66,9,226.33,105.44,116.88,80.93,1,-1,-1,-1
66,11,29.80,850.51,139.27,132.82,1,-1,-1,-1
67,5,1694.50,115.99,116.38,87.12,1,-1,-1,-1
67,6,1573.93,109.78,109.31,89.82,1,-1,-1,-1
67,7,105.89,113.05,111.56,71.23,1,-1,-1,-1
67,8,356.36,109.28,100.57,73.89,1,-1,-1,-1
67,9,227.29,107.32,114.67,77.75,1,-1,-1,-1
67,11,30.01,850.56,139.15,132.54,1,-1,-1,-1
68,5,1691.28,115.05,118.82,87.73,1,-1,-1,-1
68,6,1573.25,109.78,110.06,90.84,1,-1,-1,-1
68,7,111.29,116.66,108.58,75.13,1,-1,-1,-1
68,8,355.63,109.06,101.00,73.92,1,-1,-1,-1
68,9,238.38,76.07,135.26,96.44,1,-1,-1,-1
68,11,30.00,850.89,139.63,133.11,1,-1,-1,-1
69,5,1691.21,114.61,121.20,88.89,1,-1,-1,-1
69,6,1572.69,109.79,110.86,91.70,1,-1,-1,-1
69,7,115.50,117.07,105.24,78.00,1,-1,-1,-1
69,9,243.42,60.30,151.06,109.82,1,-1,-1,-1
69,11,29.74,850.81,139.95,133.61,1,-1,-1,-1
70,5,1690.14,114.16,122.40,88.69,1,-1,-1,-1
70,6,1572.18,109.31,111.62,91.54,1,-1,-1,-1
70,7,109.09,115.74,108.25,76.35,1,-1,-1,-1
70,8,356.74,109.80,98.51,74.32,1,-1,-1,-1
70,9,228.22,84.62,140.45,99.80,1,-1,-1,-1
70,11,29.70,850.62,139.96,133.97,1,-1,-1,-1
71,5,1689.42,113.88,123.35,88.52,1,-1,-1,-1
71,6,1571.82,109.12,112.21,91.46,1,-1,-1,-1
71,7,113.99,116.74,104.93,79.08,1,-1,-1,-1
71,8,357.34,109.94,97.01,74.70,1,-1,-1,-1
71,9,224.64,95.86,131.85,92.16,1,-1,-1,-1
71,11,29.78,850.53,139.93,134.22,1,-1,-1,-1
72,5,1689.90,113.59,123.42,88.62,1,-1,-1,-1
72,6,1572.04,108.56,111.95,91.22,1,-1,-1,-1
72,7,116.00,116.31,102.35,80.93,1,-1,-1,-1
72,8,355.93,106.98,98.22,74.94,1,-1,-1,-1
72,9,234.60,70.29,141.75,104.63,1,-1,-1,-1
72,11,30.09,850.22,139.38,133.61,1,-1,-1,-1
72,20,436.00,473.51,118.71,81.76,1,-1,-1,-1
73,5,1690.52,113.82,122.96,88.02,1,-1,-1,-1
73,6,1574.32,108.27,110.57,90.91,1,-1,-1,-1
73,7,108.42,114.05,107.28,76.74,1,-1,-1,-1
73,8,354.94,104.61,98.88,75.79,1,-1,-1,-1
73,9,238.21,58.89,148.89,113.81,1,-1,-1,-1
73,11,30.30,850.18,138.96,133.18,1,-1,-1,-1
73,20,433.99,478.06,117.06,77.62,1,-1,-1,-1
74,5,1692.83,114.59,122.05,87.77,1,-1,-1,-1
74,6,1574.09,108.77,110.02,91.57,1,-1,-1,-1
74,7,105.54,113.57,110.28,74.25,1,-1,-1,-1
74,8,356.24,107.20,97.60,75.37,1,-1,-1,-1
74,9,226.44,82.81,139.79,102.74,1,-1,-1,-1
74,11,30.73,850.26,138.49,132.85,1,-1,-1,-1
75,5,1695.89,114.29,119.53,87.28,1,-1,-1,-1
75,6,1576.68,108.03,107.84,90.67,1,-1,-1,-1
75,7,105.57,113.76,111.10,72.94,1,-1,-1,-1
75,8,356.24,107.98,98.84,74.47,1,-1,-1,-1
75,9,230.22,67.42,140.19,109.39,1,-1,-1,-1
75,11,31.02,850.33,138.07,132.59,1,-1,-1,-1
76,5,1694.29,114.48,119.71,87.30,1,-1,-1,-1
76,6,1572.69,108.03,110.39,90.35,1,-1,-1,-1
76,7,103.63,113.97,113.13,71.75,1,-1,-1,-1
76,8,356.23,108.51,99.77,73.81,1,-1,-1,-1
76,9,224.01,88.60,133.41,98.27,1,-1,-1,-1
76,11,31.07,850.43,137.89,132.39,1,-1,-1,-1
77,5,1692.96,113.85,120.49,87.77,1,-1,-1,-1
77,6,1574.74,107.76,109.63,89.63,1,-1,-1,-1
77,7,103.30,114.38,114.02,70.42,1,-1,-1,-1
77,8,356.15,108.80,100.73,73.37,1,-1,-1,-1
77,9,223.15,99.31,127.53,89.79,1,-1,-1,-1
77,11,31.04,850.54,137.81,132.24,1,-1,-1,-1
78,5,1693.06,114.31,120.27,87.45,1,-1,-1,-1
78,6,1574.51,108.14,109.54,89.46,1,-1,-1,-1
78,7,105.25,115.09,113.43,69.29,1,-1,-1,-1
78,8,355.91,109.12,102.40,73.12,1,-1,-1,-1
78,9,225.19,103.19,122.06,84.37,1,-1,-1,-1
78,11,31.00,850.61,137.83,132.13,1,-1,-1,-1
79,5,1692.88,115.07,120.20,87.43,1,-1,-1,-1
79,6,1573.42,109.02,110.28,90.30,1,-1,-1,-1
79,8,355.07,109.31,103.21,72.92,1,-1,-1,-1
79,9,227.23,105.70,117.74,80.27,1,-1,-1,-1
79,11,31.05,850.67,137.73,132.04,1,-1,-1,-1
79,21,419.87,419.99,126.59,86.86,1,-1,-1,-1
80,5,1691.79,115.11,120.67,88.09,1,-1,-1,-1
80,6,1572.98,109.00,110.55,90.83,1,-1,-1,-1
80,7,112.45,117.65,107.91,73.40,1,-1,-1,-1
80,8,355.03,111.49,102.26,75.62,1,-1,-1,-1
80,9,228.61,108.12,114.50,76.83,1,-1,-1,-1
80,11,31.14,850.78,137.66,131.92,1,-1,-1,-1
81,5,1691.58,114.79,121.32,88.48,1,-1,-1,-1
81,6,1574.68,108.67,109.88,90.61,1,-1,-1,-1
81,7,114.26,117.50,104.49,76.42,1,-1,-1,-1
81,8,354.59,110.08,102.93,75.59,1,-1,-1,-1
81,9,230.32,108.63,111.78,74.86,1,-1,-1,-1
81,11,30.94,850.88,137.74,131.81,1,-1,-1,-1
81,21,441.36,440.23,126.45,88.49,1,-1,-1,-1
82,5,1693.76,114.95,119.20,88.16,1,-1,-1,-1
82,6,1570.21,110.84,112.53,93.76,1,-1,-1,-1
82,7,109.95,115.23,108.06,73.58,1,-1,-1,-1
82,9,246.48,78.32,135.82,95.26,1,-1,-1,-1
82,11,30.90,850.98,137.73,131.74,1,-1,-1,-1
83,5,1696.07,115.64,117.31,88.54,1,-1,-1,-1
83,6,1573.47,110.60,110.95,94.91,1,-1,-1,-1
83,7,113.66,117.49,104.54,76.94,1,-1,-1,-1
83,8,355.18,110.54,101.38,77.28,1,-1,-1,-1
83,9,232.97,94.22,129.01,88.57,1,-1,-1,-1
83,11,31.12,851.02,137.54,131.69,1,-1,-1,-1
84,5,1698.60,116.47,116.26,89.91,1,-1,-1,-1
84,6,1574.98,107.71,109.10,91.80,1,-1,-1,-1
84,7,112.59,116.02,105.38,75.26,1,-1,-1,-1
84,9,249.40,68.99,152.95,106.57,1,-1,-1,-1
84,11,30.03,851.11,137.39,131.82,1,-1,-1,-1
84,21,440.90,478.39,130.25,89.63,1,-1,-1,-1
85,5,1699.94,115.42,114.50,89.53,1,-1,-1,-1
85,6,1572.65,108.87,110.28,92.32,1,-1,-1,-1
85,7,113.35,117.18,103.51,77.05,1,-1,-1,-1
85,8,355.76,110.38,100.09,78.60,1,-1,-1,-1
85,9,238.39,59.41,153.72,113.76,1,-1,-1,-1
86,5,1694.25,114.65,116.96,88.35,1,-1,-1,-1
86,6,1572.84,110.14,110.01,93.86,1,-1,-1,-1
86,7,111.48,115.90,105.52,75.61,1,-1,-1,-1
86,8,355.08,108.82,101.27,76.82,1,-1,-1,-1
86,9,236.62,57.10,155.87,118.02,1,-1,-1,-1
87,5,1695.65,114.20,116.03,87.43,1,-1,-1,-1
87,6,1574.26,108.85,109.08,93.01,1,-1,-1,-1
87,7,110.65,115.70,107.24,74.73,1,-1,-1,-1
87,8,354.57,108.50,102.04,75.49,1,-1,-1,-1
87,9,223.98,81.70,145.40,105.74,1,-1,-1,-1
88,5,1699.28,113.88,113.78,86.03,1,-1,-1,-1
88,6,1576.27,108.52,107.54,91.69,1,-1,-1,-1
88,8,354.45,108.58,102.57,74.56,1,-1,-1,-1
88,9,221.90,92.36,136.19,96.90,1,-1,-1,-1
89,5,1702.18,114.06,111.42,84.62,1,-1,-1,-1
89,6,1577.44,108.52,106.46,90.36,1,-1,-1,-1
89,8,353.55,108.86,102.78,73.83,1,-1,-1,-1
89,9,219.54,101.65,131.18,88.22,1,-1,-1,-1
89,11,32.75,851.35,133.71,130.50,1,-1,-1,-1
90,5,1703.65,113.74,109.93,82.23,1,-1,-1,-1
90,6,1578.02,109.00,105.71,89.41,1,-1,-1,-1
90,8,353.78,110.96,101.32,75.45,1,-1,-1,-1
90,9,219.52,106.98,126.88,82.16,1,-1,-1,-1
90,11,34.48,851.77,131.12,130.56,1,-1,-1,-1
91,5,1703.85,114.32,109.50,81.13,1,-1,-1,-1
91,6,1575.10,115.37,108.52,97.77,1,-1,-1,-1
91,7,113.63,118.77,105.14,79.65,1,-1,-1,-1
91,8,361.00,109.09,114.51,77.77,1,-1,-1,-1
91,9,219.52,110.33,124.05,77.78,1,-1,-1,-1
92,5,1701.00,123.81,112.97,91.61,1,-1,-1,-1
92,6,1572.52,118.32,111.19,106.37,1,-1,-1,-1
92,7,114.63,118.00,104.08,82.36,1,-1,-1,-1
92,8,358.14,108.94,119.10,78.36,1,-1,-1,-1
92,9,220.44,112.27,121.51,74.92,1,-1,-1,-1
93,5,1702.63,116.08,110.74,88.00,1,-1,-1,-1
93,6,1572.78,119.64,111.99,114.71,1,-1,-1,-1
93,8,352.21,112.00,114.62,81.27,1,-1,-1,-1
94,5,1704.76,113.71,107.57,85.61,1,-1,-1,-1
94,6,1574.66,115.74,111.14,117.61,1,-1,-1,-1
94,8,349.19,112.25,111.39,83.12,1,-1,-1,-1
95,5,1706.39,112.97,104.88,83.45,1,-1,-1,-1
95,6,1575.49,116.41,110.27,122.27,1,-1,-1,-1
95,11,37.22,851.61,124.97,129.28,1,-1,-1,-1
96,5,1711.10,110.35,100.27,79.45,1,-1,-1,-1
96,6,1580.11,104.06,109.21,106.87,1,-1,-1,-1
96,11,37.80,852.76,123.37,127.71,1,-1,-1,-1
96,25,1494.89,121.47,103.95,74.60,1,-1,-1,-1
97,5,1713.43,109.35,94.94,74.82,1,-1,-1,-1
97,24,1353.90,349.56,212.33,204.89,1,-1,-1,-1
97,25,1502.14,122.31,97.46,72.10,1,-1,-1,-1
97,26,1380.11,118.33,94.11,76.23,1,-1,-1,-1
98,24,1405.97,431.47,218.20,187.51,1,-1,-1,-1
98,25,1505.22,123.03,95.15,72.07,1,-1,-1,-1
98,26,1382.05,119.15,94.52,76.51,1,-1,-1,-1
99,25,1508.21,123.99,93.32,72.89,1,-1,-1,-1
99,26,1389.51,117.30,113.22,80.56,1,-1,-1,-1
100,25,1510.61,124.03,92.54,73.83,1,-1,-1,-1
100,26,1384.18,117.45,103.10,76.31,1,-1,-1,-1
101,25,1510.70,122.96,93.50,74.19,1,-1,-1,-1
101,26,1382.82,117.82,97.98,74.14,1,-1,-1,-1
102,25,1505.72,122.85,93.48,75.01,1,-1,-1,-1
102,26,1381.88,118.49,96.36,74.67,1,-1,-1,-1
102,27,1367.30,367.60,254.09,232.00,1,-1,-1,-1
103,25,1507.55,124.59,90.82,77.10,1,-1,-1,-1
103,26,1387.11,118.59,111.59,77.45,1,-1,-1,-1
103,28,561.30,117.08,98.08,80.13,1,-1,-1,-1
104,25,1509.38,125.13,88.48,79.13,1,-1,-1,-1
104,26,1387.94,118.24,125.24,79.44,1,-1,-1,-1
104,28,561.59,117.24,98.08,79.93,1,-1,-1,-1
105,25,1511.01,124.83,86.23,80.36,1,-1,-1,-1
105,26,1385.61,118.31,130.77,79.26,1,-1,-1,-1
105,28,560.48,116.69,96.74,78.20,1,-1,-1,-1
106,25,1511.81,123.97,84.66,80.75,1,-1,-1,-1
106,26,1385.67,118.03,139.71,80.45,1,-1,-1,-1
106,28,561.51,116.88,96.12,77.18,1,-1,-1,-1
106,30,1337.33,301.54,178.66,164.83,1,-1,-1,-1
107,25,1510.09,123.50,85.15,81.55,1,-1,-1,-1
107,26,1375.10,117.25,124.25,78.49,1,-1,-1,-1
107,28,561.97,117.00,95.70,76.58,1,-1,-1,-1
107,29,430.08,118.91,100.78,77.58,1,-1,-1,-1
108,25,1508.33,123.02,86.18,82.26,1,-1,-1,-1
108,26,1374.33,117.47,113.31,76.89,1,-1,-1,-1
108,28,563.82,117.04,93.60,75.30,1,-1,-1,-1
109,25,1507.94,122.89,86.55,82.81,1,-1,-1,-1
109,26,1376.00,117.83,105.01,75.52,1,-1,-1,-1
109,28,565.08,117.38,92.03,74.19,1,-1,-1,-1
110,25,1508.59,122.93,86.13,83.17,1,-1,-1,-1
110,26,1377.80,118.33,98.47,74.42,1,-1,-1,-1
110,28,565.01,117.70,91.66,73.79,1,-1,-1,-1
110,30,1293.62,296.30,184.82,192.74,1,-1,-1,-1
111,25,1508.29,122.74,86.26,83.43,1,-1,-1,-1
111,26,1385.60,119.53,105.90,75.44,1,-1,-1,-1
111,28,564.48,117.75,91.78,73.76,1,-1,-1,-1
111,30,1301.85,284.44,180.00,172.39,1,-1,-1,-1
112,25,1506.09,122.81,87.67,84.23,1,-1,-1,-1
112,26,1388.85,119.84,113.29,76.18,1,-1,-1,-1
112,28,563.86,117.60,92.13,73.87,1,-1,-1,-1
112,30,1294.05,277.90,187.10,171.89,1,-1,-1,-1
113,25,1506.96,122.88,87.35,84.79,1,-1,-1,-1
113,26,1390.67,119.42,122.98,78.90,1,-1,-1,-1
113,28,563.75,117.67,92.49,73.83,1,-1,-1,-1
113,30,1294.18,278.37,231.70,211.61,1,-1,-1,-1
114,25,1507.66,123.31,86.97,85.90,1,-1,-1,-1
114,26,1387.95,113.61,130.15,84.15,1,-1,-1,-1
114,28,563.76,117.67,92.42,73.73,1,-1,-1,-1
114,30,1274.45,264.29,225.07,203.39,1,-1,-1,-1
115,25,1508.94,123.12,86.09,86.43,1,-1,-1,-1
115,26,1386.96,104.88,137.29,92.19,1,-1,-1,-1
115,28,563.85,117.67,92.32,73.68,1,-1,-1,-1
115,30,1264.57,261.29,221.46,200.85,1,-1,-1,-1
116,25,1508.95,123.12,85.87,87.15,1,-1,-1,-1
116,26,1386.25,101.23,141.12,97.80,1,-1,-1,-1
116,28,564.14,117.65,92.17,73.65,1,-1,-1,-1
116,30,1260.47,265.32,226.60,213.48,1,-1,-1,-1
117,25,1509.01,122.55,85.68,87.09,1,-1,-1,-1
117,26,1386.58,101.31,144.43,101.81,1,-1,-1,-1
117,28,564.25,117.75,91.89,73.42,1,-1,-1,-1
117,30,1256.76,263.53,225.71,222.97,1,-1,-1,-1
118,25,1507.58,122.05,86.36,86.66,1,-1,-1,-1
118,26,1386.01,98.44,145.84,106.78,1,-1,-1,-1
118,28,564.24,117.87,92.06,73.35,1,-1,-1,-1
118,30,1256.62,256.79,226.65,226.65,1,-1,-1,-1
119,25,1508.48,121.52,85.75,85.92,1,-1,-1,-1
119,26,1381.69,105.38,142.40,104.10,1,-1,-1,-1
119,28,563.78,118.01,92.20,73.43,1,-1,-1,-1
119,30,1254.36,252.82,223.29,227.65,1,-1,-1,-1
120,25,1512.21,121.38,83.31,85.07,1,-1,-1,-1
120,26,1384.54,102.81,145.34,107.94,1,-1,-1,-1
120,28,563.54,118.03,92.21,73.33,1,-1,-1,-1
120,30,1258.70,250.17,214.16,226.81,1,-1,-1,-1
121,25,1513.78,121.00,81.67,83.78,1,-1,-1,-1
121,26,1386.96,108.14,146.90,106.75,1,-1,-1,-1
121,28,563.52,118.09,92.13,73.18,1,-1,-1,-1
121,30,1265.58,244.59,231.74,230.49,1,-1,-1,-1
122,25,1514.97,120.91,80.20,82.51,1,-1,-1,-1
122,26,1383.56,111.03,146.95,102.55,1,-1,-1,-1
122,28,563.38,118.13,92.17,73.06,1,-1,-1,-1
122,30,1264.27,239.63,241.78,232.88,1,-1,-1,-1
123,25,1514.74,120.67,79.73,80.95,1,-1,-1,-1
123,26,1404.59,113.76,136.74,102.78,1,-1,-1,-1
123,28,563.52,118.14,92.02,72.95,1,-1,-1,-1
124,25,1512.45,121.25,80.72,80.63,1,-1,-1,-1
124,26,1411.20,117.91,130.85,101.93,1,-1,-1,-1
124,28,563.74,118.13,91.81,72.85,1,-1,-1,-1
124,30,1269.34,245.27,246.48,219.83,1,-1,-1,-1
125,25,1511.02,121.62,81.74,80.57,1,-1,-1,-1
125,26,1396.19,118.21,137.85,102.86,1,-1,-1,-1
125,28,563.92,118.19,91.59,72.83,1,-1,-1,-1
126,25,1511.36,121.84,81.94,80.58,1,-1,-1,-1
126,26,1407.31,121.04,132.30,102.32,1,-1,-1,-1
126,28,563.85,118.19,91.66,72.93,1,-1,-1,-1
126,30,1244.98,210.35,224.18,194.48,1,-1,-1,-1
127,25,1511.06,122.16,82.32,80.98,1,-1,-1,-1
127,26,1411.86,122.19,128.79,102.62,1,-1,-1,-1
127,28,563.82,118.12,91.70,72.96,1,-1,-1,-1
127,30,1258.38,252.03,232.47,176.44,1,-1,-1,-1
128,25,1509.66,122.62,83.47,81.96,1,-1,-1,-1
128,26,1401.27,124.78,134.80,102.61,1,-1,-1,-1
128,28,563.90,118.08,91.75,72.96,1,-1,-1,-1
128,30,1272.37,262.94,229.90,168.75,1,-1,-1,-1
129,25,1509.32,122.56,84.01,82.56,1,-1,-1,-1
129,26,1381.57,114.71,122.04,96.25,1,-1,-1,-1
129,28,563.86,118.04,91.90,72.97,1,-1,-1,-1
129,30,1250.09,237.54,220.15,177.03,1,-1,-1,-1
130,25,1508.74,122.23,84.68,82.75,1,-1,-1,-1
130,26,1376.79,112.28,112.61,90.83,1,-1,-1,-1
130,28,563.74,118.05,92.10,72.98,1,-1,-1,-1
130,30,1246.31,224.57,216.34,183.92,1,-1,-1,-1
131,25,1475.74,125.74,105.70,92.72,1,-1,-1,-1
131,26,1376.46,112.58,104.80,86.71,1,-1,-1,-1
131,28,563.18,118.06,92.55,73.08,1,-1,-1,-1
131,30,1248.31,216.34,212.75,190.12,1,-1,-1,-1
132,25,1494.64,120.33,99.07,88.90,1,-1,-1,-1
132,26,1378.00,113.70,99.33,83.58,1,-1,-1,-1
132,28,562.75,118.07,92.97,73.20,1,-1,-1,-1
132,30,1245.97,209.78,206.82,193.53,1,-1,-1,-1
133,25,1504.03,119.80,93.54,86.87,1,-1,-1,-1
133,26,1392.21,121.59,119.87,95.35,1,-1,-1,-1
133,28,562.34,118.11,93.40,73.35,1,-1,-1,-1
133,30,1246.13,207.97,197.70,193.69,1,-1,-1,-1
134,25,1473.64,124.82,111.51,97.12,1,-1,-1,-1
134,26,1379.04,116.59,112.29,91.58,1,-1,-1,-1
134,28,562.54,118.10,93.46,73.38,1,-1,-1,-1
134,30,1248.87,203.76,190.00,194.43,1,-1,-1,-1
135,25,1453.30,126.71,113.29,102.01,1,-1,-1,-1
135,26,1375.37,115.74,106.37,88.88,1,-1,-1,-1
135,28,562.78,118.18,93.33,73.35,1,-1,-1,-1
135,30,1263.24,210.25,203.03,189.46,1,-1,-1,-1
136,25,1446.62,126.88,114.44,106.22,1,-1,-1,-1
136,26,1377.13,114.38,100.88,85.04,1,-1,-1,-1
136,28,563.81,118.19,92.74,73.40,1,-1,-1,-1
136,30,1266.05,205.36,210.87,188.66,1,-1,-1,-1
137,25,1451.55,126.41,121.19,109.94,1,-1,-1,-1
137,26,1378.54,114.87,96.87,82.39,1,-1,-1,-1
137,28,564.30,118.24,92.32,73.45,1,-1,-1,-1
138,25,1455.20,125.84,127.81,113.62,1,-1,-1,-1
138,26,1379.65,115.48,93.61,80.22,1,-1,-1,-1
138,28,564.68,118.23,91.92,73.53,1,-1,-1,-1
138,30,1274.74,200.65,218.52,186.69,1,-1,-1,-1
139,25,1455.09,125.51,130.72,115.89,1,-1,-1,-1
139,26,1380.72,116.17,91.34,78.57,1,-1,-1,-1
139,28,564.35,118.02,91.30,73.44,1,-1,-1,-1
139,30,1276.62,206.99,222.77,178.39,1,-1,-1,-1
140,25,1456.73,124.72,132.10,117.75,1,-1,-1,-1
140,26,1381.96,116.88,89.31,77.51,1,-1,-1,-1
140,28,564.38,117.83,90.81,73.42,1,-1,-1,-1
140,30,1279.69,197.91,226.09,180.01,1,-1,-1,-1
141,25,1459.28,124.50,131.28,119.12,1,-1,-1,-1
141,26,1383.48,116.95,87.47,76.16,1,-1,-1,-1
141,28,563.85,117.76,90.75,73.41,1,-1,-1,-1
141,30,1268.99,187.02,208.37,177.03,1,-1,-1,-1
142,25,1462.97,123.99,130.43,119.87,1,-1,-1,-1
142,26,1384.43,117.00,85.97,74.71,1,-1,-1,-1
142,28,563.70,117.71,90.71,73.33,1,-1,-1,-1
142,30,1269.69,183.66,196.51,178.97,1,-1,-1,-1
143,25,1466.33,123.86,128.66,120.62,1,-1,-1,-1
143,26,1382.81,117.89,86.67,74.29,1,-1,-1,-1
143,28,563.59,117.87,90.93,73.26,1,-1,-1,-1
143,30,1277.45,180.19,192.61,181.14,1,-1,-1,-1
144,25,1469.00,123.94,126.27,120.99,1,-1,-1,-1
144,26,1381.88,118.26,87.65,73.94,1,-1,-1,-1
144,28,563.64,118.04,90.98,73.20,1,-1,-1,-1
144,30,1290.96,178.96,200.51,182.04,1,-1,-1,-1
145,25,1471.49,123.49,123.98,121.01,1,-1,-1,-1
145,26,1382.70,118.01,87.46,73.06,1,-1,-1,-1
145,28,563.87,118.13,90.93,73.09,1,-1,-1,-1
145,30,1293.88,178.10,202.23,181.29,1,-1,-1,-1
146,25,1475.57,123.08,121.45,121.05,1,-1,-1,-1
146,26,1383.95,118.13,87.12,72.34,1,-1,-1,-1
146,28,563.93,118.05,90.92,73.08,1,-1,-1,-1
146,30,1297.20,171.79,204.88,182.66,1,-1,-1,-1
147,25,1479.42,122.76,119.11,120.77,1,-1,-1,-1
147,26,1385.05,118.44,86.74,71.90,1,-1,-1,-1
147,28,563.78,117.98,91.12,73.15,1,-1,-1,-1
147,30,1301.09,167.06,207.64,184.35,1,-1,-1,-1
148,25,1482.70,122.78,116.89,120.58,1,-1,-1,-1
148,26,1386.33,118.88,85.78,72.17,1,-1,-1,-1
148,28,563.60,118.00,91.30,73.16,1,-1,-1,-1
148,30,1302.47,168.99,208.96,182.56,1,-1,-1,-1
149,25,1486.22,122.87,114.92,120.65,1,-1,-1,-1
149,26,1386.58,119.03,85.74,71.99,1,-1,-1,-1
149,28,563.37,118.03,91.57,73.24,1,-1,-1,-1
149,30,1304.34,170.88,211.00,179.52,1,-1,-1,-1
150,25,1489.37,122.97,113.09,121.11,1,-1,-1,-1
150,26,1386.35,119.61,85.84,72.60,1,-1,-1,-1
150,28,563.17,118.02,91.77,73.30,1,-1,-1,-1
150,30,1305.31,164.75,211.86,179.12,1,-1,-1,-1
151,25,1491.99,122.92,112.03,121.50,1,-1,-1,-1
151,28,563.04,118.08,91.94,73.35,1,-1,-1,-1
151,30,1307.02,158.18,213.37,181.06,1,-1,-1,-1
152,25,1494.29,122.81,111.93,121.70,1,-1,-1,-1
152,26,1384.74,119.85,86.73,73.35,1,-1,-1,-1
152,28,562.83,118.10,92.13,73.38,1,-1,-1,-1
152,30,1310.97,160.29,212.88,177.87,1,-1,-1,-1
153,25,1503.51,122.86,121.91,123.06,1,-1,-1,-1
153,28,563.34,118.27,92.28,73.44,1,-1,-1,-1
153,30,1309.50,140.20,213.87,186.38,1,-1,-1,-1
154,25,1508.72,122.83,132.53,124.05,1,-1,-1,-1
154,28,563.52,118.32,92.43,73.52,1,-1,-1,-1
154,30,1304.59,128.80,207.68,191.53,1,-1,-1,-1
155,25,1510.37,122.99,138.51,125.10,1,-1,-1,-1
155,28,563.57,118.33,92.50,73.52,1,-1,-1,-1
155,30,1306.01,125.55,207.43,194.60,1,-1,-1,-1
156,25,1508.12,121.81,139.25,125.71,1,-1,-1,-1
156,28,563.57,118.32,92.55,73.46,1,-1,-1,-1
156,30,1303.13,121.42,203.98,195.56,1,-1,-1,-1
157,25,1502.76,121.41,136.54,125.69,1,-1,-1,-1
157,28,563.47,118.33,92.64,73.45,1,-1,-1,-1
157,30,1304.25,118.77,204.04,194.76,1,-1,-1,-1
158,25,1503.04,119.54,133.26,123.44,1,-1,-1,-1
158,28,563.33,118.34,92.75,73.45,1,-1,-1,-1
158,30,1303.34,117.59,204.40,194.10,1,-1,-1,-1
159,25,1513.54,121.30,138.36,124.88,1,-1,-1,-1
159,28,563.21,118.30,92.86,73.42,1,-1,-1,-1
159,30,1302.36,117.13,204.26,193.09,1,-1,-1,-1
160,25,1519.07,125.21,140.31,124.06,1,-1,-1,-1
160,28,563.15,118.29,92.93,73.37,1,-1,-1,-1
160,30,1298.97,118.70,202.96,190.78,1,-1,-1,-1
161,25,1513.50,123.83,145.67,126.05,1,-1,-1,-1
161,28,563.16,118.35,93.13,73.45,1,-1,-1,-1
161,30,1299.13,117.14,202.37,188.23,1,-1,-1,-1
162,25,1510.32,123.07,149.68,127.62,1,-1,-1,-1
162,28,563.12,118.31,93.27,73.48,1,-1,-1,-1
162,30,1297.33,118.96,202.51,184.32,1,-1,-1,-1
163,25,1508.25,122.64,152.80,128.85,1,-1,-1,-1
163,28,563.08,118.28,93.36,73.47,1,-1,-1,-1
163,30,1296.62,119.07,201.58,180.57,1,-1,-1,-1
164,25,1503.27,121.71,155.99,127.87,1,-1,-1,-1
164,28,562.96,118.28,93.47,73.48,1,-1,-1,-1
164,30,1294.57,119.59,201.62,176.01,1,-1,-1,-1
165,25,1515.36,127.80,151.03,125.02,1,-1,-1,-1
165,28,562.95,118.29,93.55,73.49,1,-1,-1,-1
165,30,1292.25,117.46,200.40,173.05,1,-1,-1,-1
166,25,1507.02,125.51,155.22,126.46,1,-1,-1,-1
166,28,562.96,118.31,93.60,73.48,1,-1,-1,-1
166,30,1289.71,117.57,197.78,168.80,1,-1,-1,-1
167,25,1505.86,123.51,156.62,127.77,1,-1,-1,-1
167,28,563.05,118.36,93.62,73.51,1,-1,-1,-1
167,30,1288.12,117.69,195.15,165.40,1,-1,-1,-1
168,25,1505.29,122.63,157.98,128.96,1,-1,-1,-1
168,28,563.18,118.39,93.60,73.54,1,-1,-1,-1
168,30,1287.81,117.38,193.61,162.26,1,-1,-1,-1
169,25,1504.43,122.22,158.86,129.90,1,-1,-1,-1
169,28,563.16,118.38,93.66,73.60,1,-1,-1,-1
169,30,1286.44,118.05,191.88,159.56,1,-1,-1,-1
170,25,1503.90,121.84,159.51,130.53,1,-1,-1,-1
170,28,563.17,118.35,93.71,73.70,1,-1,-1,-1
170,30,1285.92,112.56,191.34,160.37,1,-1,-1,-1
171,25,1503.72,122.16,159.88,131.60,1,-1,-1,-1
171,28,563.13,118.32,93.75,73.74,1,-1,-1,-1
171,30,1284.98,114.93,190.10,156.96,1,-1,-1,-1
171,31,433.10,121.16,92.89,70.34,1,-1,-1,-1
172,25,1503.50,121.94,160.19,132.22,1,-1,-1,-1
172,28,563.10,118.31,93.79,73.78,1,-1,-1,-1
172,30,1284.15,115.46,189.16,153.82,1,-1,-1,-1
173,25,1503.45,121.61,160.69,132.51,1,-1,-1,-1
173,28,563.08,118.30,93.81,73.82,1,-1,-1,-1
173,30,1283.99,115.04,188.67,150.32,1,-1,-1,-1
173,31,432.98,120.81,96.26,72.26,1,-1,-1,-1
174,25,1503.04,120.96,160.99,132.04,1,-1,-1,-1
174,28,563.04,118.30,93.86,73.83,1,-1,-1,-1
174,30,1284.35,112.63,187.01,147.45,1,-1,-1,-1
175,25,1492.20,119.21,153.48,129.46,1,-1,-1,-1
175,28,563.09,118.27,93.85,73.85,1,-1,-1,-1
175,30,1283.43,110.11,186.61,144.84,1,-1,-1,-1
176,25,1500.26,120.81,155.57,130.15,1,-1,-1,-1
176,28,563.07,118.22,93.88,73.87,1,-1,-1,-1
176,30,1282.80,108.44,185.64,142.72,1,-1,-1,-1
177,25,1502.96,121.17,157.07,130.50,1,-1,-1,-1
177,28,563.13,118.17,93.83,73.88,1,-1,-1,-1
177,30,1283.07,105.98,184.78,141.94,1,-1,-1,-1
178,25,1503.72,121.45,158.24,131.03,1,-1,-1,-1
178,28,563.23,118.16,93.79,73.90,1,-1,-1,-1
178,30,1278.33,106.86,177.21,139.69,1,-1,-1,-1
179,25,1503.85,121.99,158.91,132.08,1,-1,-1,-1
179,28,563.23,118.15,93.79,73.93,1,-1,-1,-1
179,30,1280.09,104.18,175.16,139.07,1,-1,-1,-1
180,25,1503.85,121.53,159.24,132.17,1,-1,-1,-1
180,28,563.29,118.12,93.77,73.97,1,-1,-1,-1
180,30,1281.18,102.73,172.24,137.86,1,-1,-1,-1
181,25,1503.38,121.60,159.85,132.75,1,-1,-1,-1
181,28,563.43,118.09,93.64,73.97,1,-1,-1,-1
181,30,1283.56,100.84,172.72,137.71,1,-1,-1,-1
182,25,1502.87,121.63,160.26,133.39,1,-1,-1,-1
182,28,563.67,118.11,93.46,74.01,1,-1,-1,-1
182,30,1284.68,97.85,172.20,138.05,1,-1,-1,-1
183,25,1502.87,121.68,160.47,133.86,1,-1,-1,-1
183,28,563.88,118.10,93.21,74.04,1,-1,-1,-1
183,30,1284.90,95.02,171.89,138.00,1,-1,-1,-1
184,25,1502.94,121.51,160.81,134.15,1,-1,-1,-1
184,28,563.72,117.96,92.80,73.92,1,-1,-1,-1
184,30,1284.50,93.26,168.99,136.34,1,-1,-1,-1
185,25,1512.53,134.21,155.81,126.69,1,-1,-1,-1
185,28,563.83,117.92,92.43,73.79,1,-1,-1,-1
185,30,1288.31,91.83,170.14,134.67,1,-1,-1,-1
186,25,1507.03,127.60,157.41,129.19,1,-1,-1,-1
186,28,563.86,117.90,92.05,73.76,1,-1,-1,-1
186,30,1292.45,91.69,172.63,133.02,1,-1,-1,-1
187,25,1504.96,124.86,158.35,131.36,1,-1,-1,-1
187,28,564.02,117.84,91.69,73.66,1,-1,-1,-1
187,30,1293.86,102.84,175.13,123.43,1,-1,-1,-1
188,25,1504.27,123.56,158.84,133.10,1,-1,-1,-1
188,28,564.16,117.86,91.43,73.59,1,-1,-1,-1
188,30,1296.09,107.92,175.27,117.16,1,-1,-1,-1
189,25,1503.90,123.05,159.21,134.74,1,-1,-1,-1
189,28,564.38,117.87,91.19,73.51,1,-1,-1,-1
189,30,1295.32,88.23,175.82,124.88,1,-1,-1,-1
190,25,1503.86,122.92,159.50,136.29,1,-1,-1,-1
190,28,564.58,117.86,90.91,73.44,1,-1,-1,-1
190,30,1296.60,91.88,175.28,124.06,1,-1,-1,-1
191,25,1503.76,122.60,160.04,137.60,1,-1,-1,-1
191,28,564.88,117.86,90.65,73.35,1,-1,-1,-1
191,30,1296.79,69.65,176.33,135.58,1,-1,-1,-1
192,25,1504.22,119.29,159.89,133.79,1,-1,-1,-1
192,28,565.10,117.97,90.41,73.32,1,-1,-1,-1
192,30,1299.06,63.17,175.48,142.25,1,-1,-1,-1
193,25,1502.04,115.43,160.45,125.07,1,-1,-1,-1
193,28,565.23,118.02,90.18,73.31,1,-1,-1,-1
193,30,1299.74,85.93,174.99,131.80,1,-1,-1,-1
194,25,1502.92,124.94,159.01,127.93,1,-1,-1,-1
194,28,565.09,118.00,90.18,73.30,1,-1,-1,-1
194,30,1301.69,99.77,174.07,121.97,1,-1,-1,-1
195,25,1501.50,120.04,158.61,123.59,1,-1,-1,-1
195,28,565.72,118.15,90.39,73.61,1,-1,-1,-1
195,30,1301.13,76.63,173.60,130.73,1,-1,-1,-1
196,25,1503.01,143.79,159.30,119.77,1,-1,-1,-1
196,28,565.98,118.18,90.50,73.80,1,-1,-1,-1
196,30,1301.51,78.04,171.66,131.13,1,-1,-1,-1
197,25,1500.67,145.31,158.00,122.85,1,-1,-1,-1
197,28,566.19,118.17,90.53,73.93,1,-1,-1,-1
197,30,1302.44,86.15,169.73,125.25,1,-1,-1,-1
198,25,1490.40,136.80,147.34,128.18,1,-1,-1,-1
198,28,565.54,117.96,90.76,73.67,1,-1,-1,-1
198,30,1302.92,82.41,169.49,127.28,1,-1,-1,-1
199,25,1486.52,132.75,139.98,133.23,1,-1,-1,-1
199,28,565.19,117.98,91.03,73.47,1,-1,-1,-1
199,30,1334.52,98.52,151.93,120.02,1,-1,-1,-1
200,25,1484.66,130.21,134.73,137.85,1,-1,-1,-1
200,28,564.87,117.99,91.30,73.38,1,-1,-1,-1
200,30,1330.51,106.60,149.84,112.38,1,-1,-1,-1
201,25,1484.19,129.81,131.48,141.80,1,-1,-1,-1
201,28,564.33,117.93,91.68,73.29,1,-1,-1,-1
201,30,1316.41,98.04,154.85,114.30,1,-1,-1,-1
202,25,1482.93,131.67,127.46,143.90,1,-1,-1,-1
202,28,563.84,117.95,92.08,73.28,1,-1,-1,-1
202,30,1310.82,76.91,159.95,125.91,1,-1,-1,-1
203,25,1482.85,136.27,125.53,144.06,1,-1,-1,-1
203,28,564.30,118.06,92.11,73.44,1,-1,-1,-1
203,30,1307.69,69.74,162.58,132.43,1,-1,-1,-1
204,25,1482.88,145.10,126.49,141.22,1,-1,-1,-1
204,28,563.79,117.92,92.50,73.56,1,-1,-1,-1
204,30,1306.66,86.47,164.86,125.90,1,-1,-1,-1
205,25,1479.50,151.52,126.82,138.56,1,-1,-1,-1
205,28,563.59,117.88,92.73,73.60,1,-1,-1,-1
205,30,1307.10,96.14,165.52,119.87,1,-1,-1,-1
206,25,1475.66,157.92,127.08,135.41,1,-1,-1,-1
206,28,563.56,117.84,92.89,73.66,1,-1,-1,-1
206,30,1307.47,101.89,165.62,114.38,1,-1,-1,-1
207,25,1472.25,158.27,126.93,135.18,1,-1,-1,-1
207,28,563.71,117.82,92.86,73.58,1,-1,-1,-1
207,30,1314.14,108.36,160.66,109.19,1,-1,-1,-1
208,25,1469.38,143.04,127.78,143.81,1,-1,-1,-1
208,28,563.52,117.86,93.05,73.58,1,-1,-1,-1
208,30,1334.40,112.57,145.75,106.28,1,-1,-1,-1
209,25,1467.20,142.82,130.83,148.21,1,-1,-1,-1
209,28,563.47,117.88,93.12,73.56,1,-1,-1,-1
209,30,1345.95,114.85,134.36,103.18,1,-1,-1,-1
210,25,1463.88,148.75,134.76,149.06,1,-1,-1,-1
210,28,563.54,117.92,93.15,73.60,1,-1,-1,-1
210,30,1358.75,116.72,123.08,101.02,1,-1,-1,-1
211,25,1459.68,146.39,138.73,152.36,1,-1,-1,-1
211,28,563.52,117.94,93.39,73.66,1,-1,-1,-1
211,30,1346.39,115.00,125.53,98.55,1,-1,-1,-1
212,25,1455.18,167.11,140.48,141.89,1,-1,-1,-1
212,28,563.15,117.96,93.65,73.71,1,-1,-1,-1
212,30,1327.84,105.41,135.03,103.13,1,-1,-1,-1
213,25,1448.95,176.77,137.94,136.42,1,-1,-1,-1
213,28,562.85,117.97,93.90,73.76,1,-1,-1,-1
213,30,1318.70,98.40,142.14,109.00,1,-1,-1,-1
213,32,1507.01,122.09,88.27,89.61,1,-1,-1,-1
214,25,1444.56,160.50,139.13,145.48,1,-1,-1,-1
214,28,562.66,117.91,94.00,73.70,1,-1,-1,-1
214,30,1314.87,96.13,147.50,111.47,1,-1,-1,-1
215,25,1439.59,159.10,137.45,149.74,1,-1,-1,-1
215,30,1313.41,96.09,150.99,113.04,1,-1,-1,-1
215,32,1509.63,121.94,85.07,86.24,1,-1,-1,-1
216,25,1437.90,160.67,137.71,152.70,1,-1,-1,-1
216,30,1322.35,106.44,148.48,107.40,1,-1,-1,-1
216,32,1511.28,120.77,82.75,80.81,1,-1,-1,-1
217,25,1434.86,158.52,138.10,157.61,1,-1,-1,-1
217,28,562.61,117.91,94.20,73.73,1,-1,-1,-1
217,30,1315.67,93.68,148.91,109.68,1,-1,-1,-1
217,32,1512.67,120.76,81.05,77.22,1,-1,-1,-1
218,25,1430.88,174.73,139.53,151.87,1,-1,-1,-1
218,28,562.66,117.94,94.21,73.82,1,-1,-1,-1
218,30,1314.08,102.53,151.24,105.19,1,-1,-1,-1
218,32,1511.43,122.38,82.23,78.86,1,-1,-1,-1
219,25,1426.03,162.95,141.12,159.58,1,-1,-1,-1
219,28,562.69,117.86,94.14,73.72,1,-1,-1,-1
219,30,1343.39,110.32,135.99,101.76,1,-1,-1,-1
219,32,1511.66,121.60,82.04,77.09,1,-1,-1,-1
220,28,562.62,117.84,94.12,73.68,1,-1,-1,-1
220,30,1360.93,112.72,123.22,97.35,1,-1,-1,-1
220,32,1511.19,121.59,82.56,76.46,1,-1,-1,-1
221,25,1419.04,170.17,141.14,159.91,1,-1,-1,-1
221,28,562.81,117.83,94.14,73.54,1,-1,-1,-1
221,30,1363.31,115.66,117.45,94.90,1,-1,-1,-1
221,32,1510.16,121.91,83.87,76.80,1,-1,-1,-1
222,25,1413.99,181.83,140.37,157.42,1,-1,-1,-1
222,28,562.59,117.88,94.31,73.51,1,-1,-1,-1
222,30,1369.29,117.94,111.76,93.54,1,-1,-1,-1
222,32,1508.32,122.96,86.03,79.09,1,-1,-1,-1
223,25,1410.02,188.26,141.44,156.50,1,-1,-1,-1
223,28,562.46,117.91,94.40,73.50,1,-1,-1,-1
223,30,1373.93,118.45,106.70,91.59,1,-1,-1,-1
223,32,1507.14,123.30,87.70,81.22,1,-1,-1,-1
224,25,1406.65,190.85,141.51,156.45,1,-1,-1,-1
224,28,562.55,117.90,94.39,73.46,1,-1,-1,-1
224,30,1342.14,106.14,123.41,99.87,1,-1,-1,-1
224,32,1506.31,123.47,88.84,83.23,1,-1,-1,-1
225,25,1402.94,195.43,141.24,157.39,1,-1,-1,-1
225,28,562.62,117.93,94.37,73.44,1,-1,-1,-1
225,30,1323.96,100.51,131.06,104.82,1,-1,-1,-1
225,32,1505.80,123.28,89.58,84.69,1,-1,-1,-1
226,25,1400.83,199.69,140.57,158.57,1,-1,-1,-1
226,28,562.69,117.91,94.40,73.39,1,-1,-1,-1
226,30,1316.32,97.29,136.20,107.50,1,-1,-1,-1
226,32,1505.45,122.90,90.10,85.61,1,-1,-1,-1
227,25,1398.22,204.50,143.29,159.08,1,-1,-1,-1
227,28,562.83,117.93,94.28,73.31,1,-1,-1,-1
227,30,1308.99,94.65,132.41,107.31,1,-1,-1,-1
227,32,1505.57,122.39,90.22,85.88,1,-1,-1,-1
228,25,1394.35,209.32,146.16,159.32,1,-1,-1,-1
228,28,563.07,117.99,93.95,73.31,1,-1,-1,-1
228,30,1313.08,94.36,140.14,108.81,1,-1,-1,-1
228,32,1505.38,122.32,90.45,86.36,1,-1,-1,-1
229,25,1390.88,213.56,148.93,160.07,1,-1,-1,-1
229,28,563.50,118.03,93.96,73.37,1,-1,-1,-1
229,30,1313.48,97.82,147.79,110.96,1,-1,-1,-1
229,32,1504.89,122.32,90.81,86.87,1,-1,-1,-1
230,25,1387.08,217.22,149.24,161.29,1,-1,-1,-1
230,28,563.37,118.00,93.38,73.35,1,-1,-1,-1
230,30,1345.24,107.71,134.26,106.18,1,-1,-1,-1
230,32,1504.63,122.17,91.08,87.16,1,-1,-1,-1
231,25,1384.43,218.66,148.95,163.75,1,-1,-1,-1
231,28,563.20,117.95,93.55,73.33,1,-1,-1,-1
231,30,1361.14,112.55,123.11,102.36,1,-1,-1,-1
231,32,1504.37,122.18,91.48,87.59,1,-1,-1,-1
232,25,1381.48,220.18,148.51,165.28,1,-1,-1,-1
232,28,562.65,118.20,94.02,73.78,1,-1,-1,-1
232,30,1362.79,114.89,118.44,99.03,1,-1,-1,-1
232,32,1504.26,122.20,91.77,88.02,1,-1,-1,-1
233,25,1377.31,222.82,151.01,169.15,1,-1,-1,-1
233,28,562.68,118.40,95.25,74.38,1,-1,-1,-1
233,30,1332.39,103.01,121.58,101.21,1,-1,-1,-1
233,32,1504.15,122.03,91.86,88.09,1,-1,-1,-1
234,25,1370.75,227.04,151.01,171.77,1,-1,-1,-1
234,28,562.47,118.83,95.97,75.58,1,-1,-1,-1
234,30,1324.02,98.70,134.04,107.88,1,-1,-1,-1
234,32,1504.33,121.81,91.76,87.89,1,-1,-1,-1
235,25,1364.79,230.50,154.06,173.95,1,-1,-1,-1
235,28,562.93,118.84,95.23,75.95,1,-1,-1,-1
235,30,1318.91,96.14,143.13,111.52,1,-1,-1,-1
235,32,1504.41,121.64,91.66,87.62,1,-1,-1,-1
236,25,1360.55,234.27,155.91,175.89,1,-1,-1,-1
236,28,562.98,118.68,94.61,76.11,1,-1,-1,-1
236,30,1315.03,94.37,150.06,114.00,1,-1,-1,-1
236,32,1504.52,121.72,91.57,87.51,1,-1,-1,-1
237,25,1357.05,238.57,158.42,178.44,1,-1,-1,-1
237,28,562.54,118.59,94.62,76.33,1,-1,-1,-1
237,30,1314.07,94.51,153.82,114.73,1,-1,-1,-1
237,32,1504.79,121.64,91.36,87.20,1,-1,-1,-1
238,25,1352.54,241.57,160.80,180.90,1,-1,-1,-1
238,28,562.11,118.20,94.25,75.97,1,-1,-1,-1
238,30,1313.16,92.09,156.38,115.47,1,-1,-1,-1
238,32,1504.94,121.70,91.22,87.03,1,-1,-1,-1
239,25,1349.32,245.35,163.27,183.24,1,-1,-1,-1
239,28,561.53,117.72,92.96,75.40,1,-1,-1,-1
239,30,1311.50,94.91,158.74,114.88,1,-1,-1,-1
239,32,1504.99,121.79,91.14,86.96,1,-1,-1,-1
240,25,1345.85,249.09,165.40,185.63,1,-1,-1,-1
240,30,1310.41,92.92,160.73,114.59,1,-1,-1,-1
240,32,1504.94,121.88,91.15,86.98,1,-1,-1,-1
241,25,1343.31,252.49,167.11,187.33,1,-1,-1,-1
241,28,563.97,118.30,94.62,76.77,1,-1,-1,-1
241,30,1309.45,97.74,162.28,111.22,1,-1,-1,-1
241,32,1505.40,121.87,90.83,86.89,1,-1,-1,-1
242,25,1341.43,256.80,167.93,190.03,1,-1,-1,-1
242,28,563.86,118.08,95.58,77.69,1,-1,-1,-1
242,30,1338.25,106.95,145.96,106.05,1,-1,-1,-1
242,32,1505.73,121.80,90.51,86.69,1,-1,-1,-1
243,25,1338.87,256.80,167.74,186.68,1,-1,-1,-1
243,28,562.80,118.41,96.40,78.83,1,-1,-1,-1
243,30,1323.39,100.18,151.28,108.15,1,-1,-1,-1
243,32,1505.81,121.83,90.33,86.55,1,-1,-1,-1
244,25,1337.92,265.27,168.20,190.28,1,-1,-1,-1
244,28,562.67,117.65,95.88,78.23,1,-1,-1,-1
244,30,1316.25,97.30,155.65,110.67,1,-1,-1,-1
244,32,1505.96,121.91,90.15,86.50,1,-1,-1,-1
245,25,1337.59,269.44,169.63,194.75,1,-1,-1,-1
245,28,562.23,116.98,95.04,76.87,1,-1,-1,-1
245,30,1312.33,94.83,158.95,113.72,1,-1,-1,-1
245,32,1506.20,121.87,89.91,86.35,1,-1,-1,-1
246,25,1337.62,272.34,171.12,198.26,1,-1,-1,-1
246,28,562.00,117.08,94.44,75.84,1,-1,-1,-1
246,30,1309.12,96.13,161.93,113.69,1,-1,-1,-1
246,32,1506.35,121.87,89.73,86.21,1,-1,-1,-1
247,25,1340.11,276.04,173.69,201.63,1,-1,-1,-1
247,28,562.20,117.54,94.37,75.13,1,-1,-1,-1
247,30,1307.01,93.49,162.94,115.03,1,-1,-1,-1
247,32,1506.48,121.86,89.58,86.09,1,-1,-1,-1
248,25,1340.69,280.42,175.83,204.67,1,-1,-1,-1
248,28,562.74,117.58,94.03,74.34,1,-1,-1,-1
248,30,1304.45,91.62,159.73,114.18,1,-1,-1,-1
248,32,1506.54,121.89,89.49,86.00,1,-1,-1,-1
249,25,1341.17,285.72,177.19,207.73,1,-1,-1,-1
249,28,562.42,117.90,93.95,73.95,1,-1,-1,-1
249,30,1311.66,101.65,158.44,109.39,1,-1,-1,-1
249,32,1506.77,121.79,89.28,85.71,1,-1,-1,-1
250,25,1343.53,289.28,178.33,210.60,1,-1,-1,-1
250,28,561.78,118.10,93.88,73.62,1,-1,-1,-1
250,30,1308.70,101.20,160.80,110.39,1,-1,-1,-1
250,32,1506.91,121.83,89.12,85.55,1,-1,-1,-1
251,25,1346.30,292.95,179.94,213.14,1,-1,-1,-1
251,28,560.69,118.07,94.11,73.58,1,-1,-1,-1
251,30,1340.32,108.80,143.93,105.82,1,-1,-1,-1
251,32,1506.87,121.81,89.06,85.35,1,-1,-1,-1
252,25,1350.29,295.49,182.97,216.03,1,-1,-1,-1
252,28,560.08,117.94,94.08,73.32,1,-1,-1,-1
252,30,1322.12,102.90,150.33,106.32,1,-1,-1,-1
252,32,1507.05,121.70,88.90,84.98,1,-1,-1,-1
253,25,1353.94,298.64,184.85,218.22,1,-1,-1,-1
253,28,560.44,118.20,94.16,73.17,1,-1,-1,-1
253,30,1344.42,110.77,136.82,103.12,1,-1,-1,-1
253,32,1507.14,121.72,88.81,84.74,1,-1,-1,-1
254,25,1356.68,291.39,186.20,204.81,1,-1,-1,-1
254,28,561.36,118.16,93.66,73.10,1,-1,-1,-1
254,30,1320.95,100.21,132.66,104.02,1,-1,-1,-1
254,32,1507.10,121.72,88.79,84.47,1,-1,-1,-1
255,25,1363.26,293.02,183.79,195.95,1,-1,-1,-1
255,28,561.93,117.97,93.23,73.03,1,-1,-1,-1
255,30,1317.79,98.18,142.19,108.54,1,-1,-1,-1
255,32,1507.09,121.76,88.77,84.26,1,-1,-1,-1
256,25,1369.92,308.48,183.78,204.07,1,-1,-1,-1
256,28,562.46,117.81,92.67,72.92,1,-1,-1,-1
256,30,1315.17,94.91,148.99,112.29,1,-1,-1,-1
256,32,1506.99,121.84,88.82,84.18,1,-1,-1,-1
257,25,1376.38,316.97,185.28,210.58,1,-1,-1,-1
257,28,562.95,117.97,92.30,72.92,1,-1,-1,-1
257,30,1312.85,93.31,153.93,114.20,1,-1,-1,-1
257,32,1506.94,121.85,88.90,84.07,1,-1,-1,-1
257,33,434.15,119.17,105.24,79.80,1,-1,-1,-1
258,25,1383.65,318.49,186.72,215.81,1,-1,-1,-1
258,28,563.18,117.95,91.98,72.75,1,-1,-1,-1
258,30,1312.29,93.70,157.10,115.46,1,-1,-1,-1
258,32,1506.86,121.99,89.00,84.16,1,-1,-1,-1
258,33,432.65,120.39,105.89,81.85,1,-1,-1,-1
259,25,1389.87,319.41,187.69,218.84,1,-1,-1,-1
259,28,563.68,118.05,91.69,72.70,1,-1,-1,-1
259,30,1311.45,95.66,159.33,114.38,1,-1,-1,-1
259,32,1507.03,121.96,88.97,84.06,1,-1,-1,-1
259,33,433.74,120.59,103.10,82.17,1,-1,-1,-1
260,25,1398.17,319.12,186.70,220.86,1,-1,-1,-1
260,28,563.82,118.12,91.47,72.64,1,-1,-1,-1
260,30,1308.06,92.74,155.94,113.63,1,-1,-1,-1
260,32,1507.13,121.96,88.94,84.01,1,-1,-1,-1
260,33,433.79,120.66,101.71,81.23,1,-1,-1,-1
260,34,320.33,120.32,98.42,81.93,1,-1,-1,-1
261,25,1405.03,320.13,186.07,222.62,1,-1,-1,-1
261,28,563.60,118.20,91.20,72.59,1,-1,-1,-1
261,30,1309.41,93.09,158.02,114.97,1,-1,-1,-1
261,32,1507.09,122.00,89.02,84.03,1,-1,-1,-1
261,33,432.83,120.76,101.36,80.42,1,-1,-1,-1
261,34,320.27,120.22,98.58,82.41,1,-1,-1,-1
262,25,1410.88,320.55,187.26,225.53,1,-1,-1,-1
262,28,563.35,118.29,90.89,72.57,1,-1,-1,-1
262,30,1310.05,104.54,160.16,107.22,1,-1,-1,-1
262,32,1507.03,121.99,89.13,84.01,1,-1,-1,-1
262,34,320.29,120.11,97.22,80.94,1,-1,-1,-1
263,25,1417.93,320.60,188.31,228.07,1,-1,-1,-1
263,28,563.59,118.22,91.06,72.60,1,-1,-1,-1
263,30,1306.44,96.89,156.28,109.08,1,-1,-1,-1
263,32,1507.19,121.82,89.03,83.79,1,-1,-1,-1
263,34,320.74,120.21,95.58,79.52,1,-1,-1,-1
264,25,1424.01,320.31,188.25,229.76,1,-1,-1,-1
264,28,563.88,118.27,91.71,72.92,1,-1,-1,-1
264,30,1308.98,99.06,158.45,109.41,1,-1,-1,-1
264,32,1507.16,121.91,89.03,83.73,1,-1,-1,-1
264,34,320.47,120.45,94.92,79.37,1,-1,-1,-1
265,25,1431.99,318.54,186.05,227.49,1,-1,-1,-1
265,28,563.67,118.32,92.54,73.21,1,-1,-1,-1
265,30,1311.47,103.84,159.06,107.55,1,-1,-1,-1
265,32,1507.18,122.00,89.01,83.74,1,-1,-1,-1
265,33,437.88,122.85,100.62,78.72,1,-1,-1,-1
265,34,319.98,121.34,95.37,80.83,1,-1,-1,-1
266,25,1439.90,313.34,185.68,215.22,1,-1,-1,-1
266,28,563.96,118.22,93.54,73.41,1,-1,-1,-1
266,30,1310.33,99.34,160.65,110.81,1,-1,-1,-1
266,32,1507.22,122.07,89.01,83.80,1,-1,-1,-1
266,34,320.30,122.89,97.83,84.99,1,-1,-1,-1
267,25,1446.92,322.24,186.50,220.23,1,-1,-1,-1
267,28,563.57,118.29,93.11,73.64,1,-1,-1,-1
267,30,1307.46,98.53,163.13,112.11,1,-1,-1,-1
267,32,1507.25,122.04,88.99,83.78,1,-1,-1,-1
267,33,438.22,121.90,99.97,76.98,1,-1,-1,-1
268,25,1453.49,326.64,187.56,223.76,1,-1,-1,-1
268,28,563.55,118.43,92.93,73.86,1,-1,-1,-1
268,30,1305.63,96.95,165.10,113.14,1,-1,-1,-1
268,32,1507.22,121.95,88.97,83.65,1,-1,-1,-1
268,33,438.72,122.53,98.23,74.05,1,-1,-1,-1
269,25,1460.38,327.85,187.36,226.25,1,-1,-1,-1
269,28,563.60,118.33,92.83,73.88,1,-1,-1,-1
269,30,1305.27,93.73,165.19,114.49,1,-1,-1,-1
269,32,1507.23,121.97,88.92,83.59,1,-1,-1,-1
269,33,438.34,122.47,96.43,72.74,1,-1,-1,-1
269,34,321.04,123.74,98.35,88.31,1,-1,-1,-1
270,25,1467.97,328.68,187.03,227.55,1,-1,-1,-1
270,28,563.52,118.19,92.79,73.94,1,-1,-1,-1
270,30,1301.40,91.24,157.36,112.84,1,-1,-1,-1
270,32,1507.48,121.88,88.75,83.36,1,-1,-1,-1
270,33,438.05,121.36,95.48,72.61,1,-1,-1,-1
270,34,321.81,122.42,97.36,88.28,1,-1,-1,-1
271,25,1473.78,328.32,186.32,229.12,1,-1,-1,-1
271,28,563.46,118.24,93.05,74.19,1,-1,-1,-1
271,30,1307.01,99.16,158.93,111.34,1,-1,-1,-1
271,32,1507.55,121.85,88.60,83.17,1,-1,-1,-1
271,33,437.52,121.10,95.39,73.44,1,-1,-1,-1
272,25,1479.22,328.72,186.94,230.67,1,-1,-1,-1
272,28,563.30,118.33,93.35,74.53,1,-1,-1,-1
272,30,1340.65,107.48,142.19,106.39,1,-1,-1,-1
272,32,1507.43,121.89,88.64,83.08,1,-1,-1,-1
272,33,437.66,121.84,96.21,75.37,1,-1,-1,-1
273,25,1484.40,327.91,187.28,232.56,1,-1,-1,-1
273,28,563.24,118.06,93.51,74.70,1,-1,-1,-1
273,30,1331.64,111.94,144.14,100.02,1,-1,-1,-1
273,32,1507.45,121.84,88.60,82.89,1,-1,-1,-1
273,33,437.19,121.66,96.78,76.11,1,-1,-1,-1
274,25,1488.60,317.07,187.53,219.75,1,-1,-1,-1
274,28,563.25,118.10,93.64,74.68,1,-1,-1,-1
274,30,1320.29,112.72,149.20,99.12,1,-1,-1,-1
274,32,1507.58,121.76,88.53,82.66,1,-1,-1,-1
274,33,436.69,121.43,97.17,76.82,1,-1,-1,-1
275,25,1492.50,313.57,186.28,207.32,1,-1,-1,-1
275,28,563.33,118.15,93.68,74.65,1,-1,-1,-1
275,30,1314.06,101.43,153.19,103.14,1,-1,-1,-1
275,32,1507.54,121.88,88.55,82.62,1,-1,-1,-1
275,33,435.99,120.98,97.19,77.01,1,-1,-1,-1
276,25,1497.33,315.58,185.06,201.71,1,-1,-1,-1
276,28,563.31,118.16,93.70,74.70,1,-1,-1,-1
276,30,1310.13,102.74,157.50,105.09,1,-1,-1,-1
276,32,1507.52,121.85,88.57,82.50,1,-1,-1,-1
276,33,435.72,121.57,97.95,78.43,1,-1,-1,-1
277,25,1501.18,328.50,184.49,210.51,1,-1,-1,-1
277,28,562.84,117.83,94.04,74.62,1,-1,-1,-1
277,30,1307.84,104.45,160.95,105.71,1,-1,-1,-1
277,32,1507.41,121.94,88.66,82.53,1,-1,-1,-1
277,33,435.42,121.70,98.67,79.64,1,-1,-1,-1
277,34,320.52,120.45,97.66,87.94,1,-1,-1,-1
278,25,1505.33,333.75,184.01,216.71,1,-1,-1,-1
278,28,562.90,117.56,94.14,74.47,1,-1,-1,-1
278,30,1306.68,101.98,163.19,107.34,1,-1,-1,-1
278,32,1507.35,121.90,88.70,82.46,1,-1,-1,-1
278,33,435.28,121.71,98.90,80.64,1,-1,-1,-1
279,25,1507.49,334.14,183.50,221.65,1,-1,-1,-1
279,28,563.21,117.48,93.97,74.28,1,-1,-1,-1
279,30,1309.00,100.46,163.14,108.91,1,-1,-1,-1
279,32,1507.38,121.85,88.67,82.31,1,-1,-1,-1
280,25,1509.33,332.80,183.08,224.16,1,-1,-1,-1
280,28,563.42,117.51,93.81,74.18,1,-1,-1,-1
280,30,1308.86,100.98,163.59,107.72,1,-1,-1,-1
280,32,1507.53,121.84,88.60,82.17,1,-1,-1,-1
281,25,1510.54,330.16,183.80,226.31,1,-1,-1,-1
281,28,562.92,117.71,94.06,74.28,1,-1,-1,-1
281,30,1308.92,95.97,163.44,109.37,1,-1,-1,-1
281,32,1507.61,122.06,88.52,82.36,1,-1,-1,-1
282,25,1511.49,329.43,184.03,226.74,1,-1,-1,-1
282,28,562.56,118.04,94.36,74.74,1,-1,-1,-1
282,30,1316.29,107.34,159.20,104.68,1,-1,-1,-1
282,32,1507.13,122.28,88.80,82.86,1,-1,-1,-1
283,25,1513.27,331.28,184.54,227.87,1,-1,-1,-1
283,28,562.37,118.24,94.58,75.29,1,-1,-1,-1
283,30,1312.63,112.03,160.81,99.86,1,-1,-1,-1
283,32,1506.79,122.38,89.09,83.38,1,-1,-1,-1
284,25,1514.09,330.63,183.70,229.30,1,-1,-1,-1
284,28,561.70,118.05,95.13,75.46,1,-1,-1,-1
284,30,1309.95,114.17,162.01,96.33,1,-1,-1,-1
284,32,1507.07,121.79,89.09,83.12,1,-1,-1,-1
284,33,434.04,120.63,99.23,80.51,1,-1,-1,-1
285,25,1514.62,321.87,183.31,218.52,1,-1,-1,-1
285,28,561.38,117.79,95.52,75.31,1,-1,-1,-1
285,30,1308.56,113.46,163.11,96.40,1,-1,-1,-1
285,32,1507.11,121.76,89.09,83.11,1,-1,-1,-1
286,25,1514.82,321.24,182.25,214.77,1,-1,-1,-1
286,28,561.15,117.74,95.88,75.20,1,-1,-1,-1
286,30,1340.60,115.64,145.00,94.37,1,-1,-1,-1
286,32,1507.21,121.51,89.02,82.73,1,-1,-1,-1
286,33,434.23,120.85,100.27,81.55,1,-1,-1,-1
287,25,1514.47,317.86,182.40,206.60,1,-1,-1,-1
287,28,561.01,117.61,96.08,74.91,1,-1,-1,-1
287,30,1324.19,114.04,150.60,96.81,1,-1,-1,-1
287,32,1507.34,121.48,88.94,82.51,1,-1,-1,-1
287,33,433.80,121.48,100.80,83.23,1,-1,-1,-1
288,25,1515.93,328.19,182.25,213.20,1,-1,-1,-1
288,28,560.82,117.45,96.19,74.50,1,-1,-1,-1
288,30,1320.48,116.55,152.43,94.89,1,-1,-1,-1
288,32,1507.40,121.62,88.93,82.42,1,-1,-1,-1
289,25,1515.70,331.40,183.02,218.50,1,-1,-1,-1
289,28,560.90,117.53,96.29,74.31,1,-1,-1,-1
289,30,1317.24,116.46,154.48,94.07,1,-1,-1,-1
289,32,1507.41,121.51,88.88,82.15,1,-1,-1,-1
290,25,1516.21,332.39,183.57,222.55,1,-1,-1,-1
290,28,560.98,117.52,96.25,74.11,1,-1,-1,-1
290,30,1314.95,109.75,157.08,98.64,1,-1,-1,-1
290,32,1507.55,121.46,88.74,81.84,1,-1,-1,-1
291,25,1517.81,332.71,183.84,225.00,1,-1,-1,-1
291,28,561.02,117.51,96.10,73.93,1,-1,-1,-1
291,30,1312.77,108.55,158.59,100.53,1,-1,-1,-1
291,32,1507.59,121.56,88.66,81.69,1,-1,-1,-1
292,25,1518.60,332.16,184.19,226.81,1,-1,-1,-1
292,28,561.10,117.53,95.96,73.80,1,-1,-1,-1
292,30,1313.02,111.97,159.06,100.36,1,-1,-1,-1
292,32,1507.64,121.62,88.59,81.57,1,-1,-1,-1
293,25,1518.24,332.05,183.89,228.66,1,-1,-1,-1
293,28,561.26,117.52,95.72,73.64,1,-1,-1,-1
293,30,1328.75,114.53,150.61,99.55,1,-1,-1,-1
293,32,1507.55,121.84,88.66,81.71,1,-1,-1,-1
294,25,1519.30,328.33,183.03,227.06,1,-1,-1,-1
294,28,561.33,117.52,95.55,73.51,1,-1,-1,-1
294,30,1330.36,115.68,148.28,98.99,1,-1,-1,-1
294,32,1507.43,121.89,88.74,81.84,1,-1,-1,-1
295,25,1519.17,319.08,182.99,212.28,1,-1,-1,-1
295,28,561.26,117.51,95.53,73.45,1,-1,-1,-1
295,30,1333.98,116.10,144.88,98.55,1,-1,-1,-1
295,32,1507.57,121.65,88.64,81.60,1,-1,-1,-1
296,25,1519.40,318.51,183.26,201.87,1,-1,-1,-1
296,28,561.10,117.55,95.49,73.48,1,-1,-1,-1
296,30,1323.99,115.55,149.26,99.06,1,-1,-1,-1
296,32,1507.53,121.73,88.67,81.59,1,-1,-1,-1
297,25,1518.66,322.86,183.29,199.07,1,-1,-1,-1
297,28,560.98,117.57,95.47,73.54,1,-1,-1,-1
297,30,1319.19,113.83,153.22,101.37,1,-1,-1,-1
297,32,1507.19,121.90,88.89,81.80,1,-1,-1,-1
298,25,1518.87,334.94,183.25,208.64,1,-1,-1,-1
298,28,560.92,117.55,95.61,73.62,1,-1,-1,-1
298,30,1316.61,114.73,156.18,101.67,1,-1,-1,-1
298,32,1507.05,122.13,89.08,82.19,1,-1,-1,-1
299,25,1520.62,336.31,183.69,215.00,1,-1,-1,-1
299,28,560.83,117.44,95.78,73.70,1,-1,-1,-1
299,30,1315.15,116.02,159.14,101.42,1,-1,-1,-1
299,32,1506.91,122.20,89.27,82.59,1,-1,-1,-1
300,25,1520.61,335.49,183.98,220.46,1,-1,-1,-1
300,28,560.85,117.41,95.89,73.76,1,-1,-1,-1
300,30,1314.43,116.96,160.35,101.27,1,-1,-1,-1
300,32,1506.76,122.01,89.43,82.67,1,-1,-1,-1
301,25,1519.51,333.93,184.78,224.27,1,-1,-1,-1
301,28,560.67,117.48,95.87,73.84,1,-1,-1,-1
301,30,1314.88,117.53,160.57,102.18,1,-1,-1,-1
301,32,1507.29,121.74,89.43,82.48,1,-1,-1,-1
