1,1,708.93,298.34,159.88,159.13,1,car,1
1,2,326.65,391.08,142.5,105.47,1,car,1
1,3,493.25,172.66,111.79,95.68,1,car,1
2,1,708.82,298.35,159.85,159.12,1,car,1
2,2,326.95,391.07,142.25,105.54,1,car,1
2,3,490.52,173.0,111.56,96.15,1,car,1
3,1,708.7,298.36,159.82,159.11,1,car,1
3,2,327.26,391.05,141.99,105.61,1,car,1
3,3,487.8,173.35,111.33,96.62,1,car,1
4,1,708.59,298.37,159.79,159.11,1,car,1
4,2,327.56,391.04,141.73,105.68,1,car,1
4,3,485.07,173.7,111.11,97.1,1,car,1
5,1,708.47,298.38,159.76,159.1,1,car,1
5,2,327.86,391.02,141.47,105.75,1,car,1
5,3,482.35,174.04,110.88,97.57,1,car,1
6,1,708.36,298.39,159.74,159.09,1,car,1
6,2,328.16,391.0,141.21,105.82,1,car,1
6,3,479.62,174.39,110.65,98.05,1,car,1
7,1,708.36,298.71,159.96,158.77,1,car,1
7,2,327.69,390.99,141.7,105.85,1,car,1
7,3,475.58,175.19,111.0,97.97,1,car,1
8,1,708.37,299.03,160.18,158.46,1,car,1
8,2,327.22,390.97,142.19,105.87,1,car,1
8,3,471.53,175.99,111.35,97.9,1,car,1
9,1,708.38,299.36,160.41,158.14,1,car,1
9,2,326.76,390.95,142.68,105.89,1,car,1
9,3,467.49,176.79,111.7,97.83,1,car,1
10,1,708.38,299.68,160.63,157.82,1,car,1
10,2,326.29,390.93,143.17,105.92,1,car,1
10,3,463.44,177.59,112.05,97.76,1,car,1
11,1,708.39,300.0,160.86,157.5,1,car,1
11,2,325.83,390.91,143.66,105.94,1,car,1
11,3,459.4,178.39,112.39,97.69,1,car,1
12,1,710.34,299.82,158.7,159.36,1,car,1
12,2,325.36,390.9,144.15,105.96,1,car,1
12,3,455.09,179.26,112.4,97.38,1,car,1
13,1,712.29,299.63,156.55,161.22,1,car,1
13,2,325.54,390.88,143.97,105.99,1,car,1
13,3,450.78,180.13,112.41,97.07,1,car,1
14,1,714.25,299.45,154.39,163.08,1,car,1
14,2,325.73,390.87,143.8,106.01,1,car,1
14,3,446.47,181.0,112.41,96.76,1,car,1
15,1,716.2,299.26,152.23,164.94,1,car,1
15,2,325.91,390.85,143.62,106.03,1,car,1
15,3,442.16,181.87,112.42,96.45,1,car,1
16,1,718.15,299.08,150.08,166.8,1,car,1
16,2,326.1,390.84,143.44,106.06,1,car,1
16,3,437.85,182.75,112.43,96.14,1,car,1
17,1,716.3,309.39,154.53,155.56,1,car,1
17,2,326.28,390.83,143.27,106.08,1,car,1
17,3,433.17,183.27,112.44,96.24,1,car,1
18,1,714.45,319.7,158.98,144.31,1,car,1
18,2,326.47,390.81,143.09,106.1,1,car,1
18,3,428.49,183.78,112.46,96.34,1,car,1
19,1,712.6,330.01,163.42,133.07,1,car,1
19,2,326.83,390.84,142.73,106.17,1,car,1
19,3,423.8,184.3,112.48,96.45,1,car,1
20,1,710.74,340.32,167.87,121.83,1,car,1
20,2,327.19,390.86,142.38,106.24,1,car,1
20,3,419.12,184.82,112.5,96.55,1,car,1
20,4,767.16,298.41,101.8,88.67,1,car,1
20,5,816.03,403.94,72.4,68.36,1,car,1
21,1,708.89,350.63,172.32,110.59,1,car,1
21,2,327.56,390.89,142.02,106.3,1,car,1
21,3,414.44,185.34,112.52,96.66,1,car,1
21,4,767.16,297.91,101.86,88.56,1,car,1
21,5,816.33,403.94,72.38,68.24,1,car,1
22,1,708.98,350.63,168.83,109.92,1,car,1
22,2,327.92,390.92,141.66,106.37,1,car,1
22,3,409.93,185.65,113.26,96.65,1,car,1
22,4,767.17,297.41,101.91,88.45,1,car,1
22,5,816.63,403.94,72.36,68.12,1,car,1
23,1,709.07,350.62,165.35,109.24,1,car,1
23,2,328.29,390.94,141.31,106.44,1,car,1
23,3,405.43,185.96,114.01,96.63,1,car,1
23,4,767.17,296.92,101.97,88.34,1,car,1
23,5,816.93,403.94,72.34,68.01,1,car,1
24,1,709.16,350.62,161.86,108.57,1,car,1
24,2,328.26,391.01,141.35,106.31,1,car,1
24,3,400.92,186.26,114.75,96.62,1,car,1
24,4,767.18,296.42,102.02,88.23,1,car,1
24,5,817.23,403.94,72.32,67.89,1,car,1
25,1,709.25,350.62,158.38,107.89,1,car,1
25,2,328.23,391.07,141.39,106.18,1,car,1
25,3,396.42,186.57,115.5,96.61,1,car,1
25,4,767.18,295.92,102.07,88.12,1,car,1
25,5,817.53,403.93,72.3,67.77,1,car,1
26,1,709.34,350.62,154.89,107.22,1,car,1
26,2,328.2,391.14,141.43,106.04,1,car,1
26,3,391.92,186.88,116.24,96.6,1,car,1
26,4,767.19,295.42,102.13,88.01,1,car,1
26,5,817.83,403.93,72.29,67.66,1,car,1
27,1,709.43,350.62,151.4,106.55,1,car,1
27,2,328.17,391.21,141.47,105.91,1,car,1
27,3,390.17,186.92,114.59,96.19,1,car,1
27,4,767.19,294.92,102.18,87.9,1,car,1
27,5,817.69,404.0,72.34,67.61,1,car,1
28,1,709.52,350.62,147.92,105.87,1,car,1
28,2,328.15,391.27,141.52,105.78,1,car,1
28,3,388.42,186.96,112.93,95.78,1,car,1
28,4,767.2,294.42,102.24,87.79,1,car,1
28,5,817.54,404.07,72.4,67.57,1,car,1
29,1,709.61,350.62,144.43,105.2,1,car,1
29,2,327.71,391.27,141.92,105.78,1,car,1
29,3,386.68,187.0,111.27,95.36,1,car,1
29,4,767.2,294.68,102.55,87.76,1,car,1
29,5,817.4,404.13,72.46,67.52,1,car,1
30,1,709.7,350.62,140.95,104.53,1,car,1
30,2,327.28,391.27,142.33,105.78,1,car,1
30,3,384.93,187.04,109.61,94.95,1,car,1
30,4,767.2,294.94,102.86,87.72,1,car,1
30,5,817.25,404.2,72.52,67.48,1,car,1
31,1,709.85,350.61,140.88,104.27,1,car,1
31,2,326.84,391.27,142.73,105.78,1,car,1
31,3,383.19,187.07,107.96,94.54,1,car,1
31,4,767.2,295.2,103.16,87.69,1,car,1
31,5,817.11,404.26,72.57,67.44,1,car,1
32,1,710.01,350.6,140.81,104.01,1,car,1
32,2,326.41,391.28,143.14,105.78,1,car,1
32,3,378.27,186.81,110.4,94.48,1,car,1
32,4,767.2,295.46,103.47,87.65,1,car,1
32,5,817.6,404.59,72.23,67.09,1,car,1
33,1,710.17,350.59,140.74,103.75,1,car,1
33,2,325.98,391.28,143.54,105.77,1,car,1
33,3,373.35,186.55,112.85,94.42,1,car,1
33,4,767.2,295.72,103.78,87.62,1,car,1
33,5,818.1,404.91,71.9,66.73,1,car,1
34,1,710.33,350.57,140.67,103.49,1,car,1
34,2,325.83,391.2,143.7,105.82,1,car,1
34,3,368.44,186.29,115.29,94.36,1,car,1
34,4,767.19,296.09,103.44,86.87,1,car,1
34,5,818.59,405.23,71.56,66.38,1,car,1
35,1,710.48,350.56,140.6,103.23,1,car,1
35,2,325.69,391.13,143.85,105.86,1,car,1
35,3,363.52,186.02,117.73,94.29,1,car,1
35,4,767.19,296.46,103.1,86.11,1,car,1
35,5,819.09,405.55,71.22,66.03,1,car,1
36,1,710.26,350.49,140.69,103.57,1,car,1
36,2,325.55,391.06,144.01,105.9,1,car,1
36,3,358.61,185.76,120.18,94.23,1,car,1
36,4,767.18,296.84,102.76,85.36,1,car,1
36,5,819.58,405.88,70.88,65.68,1,car,1
37,1,710.04,350.42,140.79,103.91,1,car,1
37,2,325.4,390.99,144.16,105.94,1,car,1
37,3,355.77,185.43,120.34,94.6,1,car,1
37,4,767.17,297.21,102.42,84.61,1,car,1
37,5,819.32,405.81,71.0,65.78,1,car,1
38,1,709.82,350.34,140.88,104.25,1,car,1
38,2,325.26,390.92,144.32,105.99,1,car,1
38,3,352.94,185.09,120.51,94.97,1,car,1
38,4,767.16,297.59,102.08,83.86,1,car,1
38,5,819.07,405.73,71.12,65.88,1,car,1
39,1,709.59,350.27,140.97,104.58,1,car,1
39,2,324.09,390.8,145.49,106.08,1,car,1
39,3,350.11,184.75,120.67,95.34,1,car,1
39,4,767.3,297.47,101.74,85.06,1,car,1
39,5,818.81,405.66,71.25,65.99,1,car,1
40,1,709.37,350.2,141.07,104.92,1,car,1
40,2,322.92,390.68,146.66,106.17,1,car,1
40,3,347.28,184.42,120.84,95.71,1,car,1
40,4,767.43,297.35,101.4,86.26,1,car,1
40,5,818.55,405.59,71.37,66.09,1,car,1
41,1,709.44,350.41,140.98,104.68,1,car,1
41,2,321.75,390.56,147.84,106.25,1,car,1
41,3,344.44,184.08,121.01,96.08,1,car,1
41,4,767.56,297.24,101.05,87.46,1,car,1
41,5,818.29,405.52,71.49,66.19,1,car,1
42,1,709.5,350.62,140.9,104.45,1,car,1
42,2,320.59,390.45,149.01,106.34,1,car,1
42,3,343.93,184.24,121.47,95.92,1,car,1
42,4,767.7,297.12,100.71,88.66,1,car,1
42,5,818.34,405.48,71.5,66.24,1,car,1
43,1,709.57,350.82,140.82,104.21,1,car,1
43,2,319.42,390.33,150.18,106.43,1,car,1
43,3,343.42,184.4,121.94,95.75,1,car,1
43,4,767.83,297.0,100.37,89.86,1,car,1
43,5,818.38,405.44,71.52,66.29,1,car,1
44,1,709.64,351.03,140.73,103.97,1,car,1
44,2,320.3,390.38,149.3,106.38,1,car,1
44,3,342.91,184.56,122.41,95.59,1,car,1
44,4,767.68,297.04,100.46,89.77,1,car,1
44,5,818.43,405.4,71.53,66.34,1,car,1
45,1,709.7,351.24,140.65,103.73,1,car,1
45,2,321.17,390.42,148.42,106.33,1,car,1
45,3,342.39,184.73,122.88,95.43,1,car,1
45,4,767.54,297.09,100.55,89.68,1,car,1
45,5,818.48,405.36,71.55,66.39,1,car,1
46,1,709.96,351.24,139.95,103.59,1,car,1
46,2,322.05,390.47,147.55,106.28,1,car,1
46,3,341.88,184.89,123.35,95.26,1,car,1
46,4,767.39,297.13,100.64,89.6,1,car,1
46,5,818.52,405.32,71.56,66.44,1,car,1
47,1,710.21,351.24,139.26,103.44,1,car,1
47,2,322.92,390.51,146.67,106.23,1,car,1
47,3,342.5,185.02,123.77,95.61,1,car,1
47,4,767.24,297.17,100.73,89.51,1,car,1
47,5,818.71,405.43,71.55,66.26,1,car,1
48,1,710.46,351.24,138.56,103.3,1,car,1
48,2,323.8,390.56,145.79,106.18,1,car,1
48,3,343.12,185.14,124.2,95.95,1,car,1
48,4,767.09,297.21,100.82,89.42,1,car,1
48,5,818.9,405.53,71.54,66.08,1,car,1
49,1,710.72,351.24,137.87,103.15,1,car,1
49,2,325.3,390.69,144.21,106.09,1,car,1
49,3,343.74,185.27,124.62,96.29,1,car,1
49,4,767.11,297.09,100.73,89.09,1,car,1
49,5,819.08,405.64,71.53,65.89,1,car,1
50,1,710.97,351.24,137.17,103.01,1,car,1
50,2,326.81,390.82,142.63,106.01,1,car,1
50,3,344.36,185.4,125.04,96.63,1,car,1
50,4,767.14,296.96,100.63,88.76,1,car,1
50,5,819.27,405.75,71.51,65.71,1,car,1
51,1,710.75,351.17,137.87,103.24,1,car,1
51,2,328.31,390.94,141.05,105.92,1,car,1
51,3,344.97,185.53,125.47,96.97,1,car,1
51,4,767.16,296.84,100.53,88.44,1,car,1
51,5,819.46,405.85,71.5,65.53,1,car,1
52,1,710.52,351.1,138.57,103.47,1,car,1
52,2,329.82,391.07,139.47,105.84,1,car,1
52,3,347.4,186.07,124.62,97.49,1,car,1
52,4,767.18,296.72,100.44,88.11,1,car,1
52,5,819.16,405.67,71.62,65.81,1,car,1
53,1,710.3,351.03,139.27,103.7,1,car,1
53,2,331.32,391.2,137.89,105.75,1,car,1
53,3,349.82,186.61,123.78,98.01,1,car,1
53,4,767.2,296.59,100.34,87.78,1,car,1
53,5,818.86,405.48,71.75,66.09,1,car,1
54,1,710.07,350.96,139.96,103.94,1,car,1
54,2,330.85,391.08,138.37,105.83,1,car,1
54,3,352.25,187.15,122.94,98.54,1,car,1
54,4,767.22,296.47,100.24,87.45,1,car,1
54,5,818.56,405.3,71.87,66.37,1,car,1
55,1,709.85,350.89,140.66,104.17,1,car,1
55,2,330.39,390.96,138.85,105.9,1,car,1
55,3,354.67,187.69,122.09,99.06,1,car,1
55,4,767.24,296.34,100.15,87.13,1,car,1
55,5,818.26,405.12,71.99,66.65,1,car,1
56,1,709.62,350.82,141.36,104.4,1,car,1
56,2,329.92,390.84,139.33,105.97,1,car,1
56,3,357.1,188.23,121.25,99.58,1,car,1
56,4,767.26,296.22,100.05,86.8,1,car,1
56,5,817.96,404.93,72.11,66.93,1,car,1
57,1,709.4,350.75,142.05,104.64,1,car,1
57,2,329.45,390.72,139.82,106.05,1,car,1
57,3,358.33,189.41,122.79,101.13,1,car,1
57,4,767.29,296.09,99.95,86.47,1,car,1
57,5,817.52,404.85,72.23,67.01,1,car,1
58,1,709.36,350.86,141.76,104.62,1,car,1
58,2,328.98,390.6,140.3,106.12,1,car,1
58,3,359.57,190.6,124.33,102.68,1,car,1
58,4,767.31,295.97,99.85,86.15,1,car,1
58,5,817.08,404.76,72.35,67.09,1,car,1
59,1,709.33,350.97,141.46,104.6,1,car,1
59,2,328.95,390.61,140.31,106.18,1,car,1
59,3,360.8,191.79,125.87,104.23,1,car,1
59,4,767.33,295.84,99.76,85.82,1,car,1
59,5,816.64,404.67,72.46,67.17,1,car,1
60,1,709.29,351.07,141.16,104.59,1,car,1
60,2,328.92,390.62,140.32,106.23,1,car,1
60,3,362.04,192.98,127.41,105.78,1,car,1
60,4,767.35,295.72,99.66,85.49,1,car,1
60,5,816.2,404.59,72.58,67.25,1,car,1
61,1,709.26,351.18,140.86,104.57,1,car,1
61,2,328.89,390.63,140.34,106.28,1,car,1
61,3,363.27,194.17,128.96,107.33,1,car,1
61,4,767.74,295.69,99.62,85.21,1,car,1
61,5,815.77,404.5,72.7,67.32,1,car,1
62,1,709.23,351.28,140.56,104.56,1,car,1
62,2,328.86,390.64,140.35,106.34,1,car,1
62,3,365.15,195.35,129.99,107.43,1,car,1
62,4,768.14,295.65,99.58,84.94,1,car,1
62,5,815.55,403.95,72.56,67.97,1,car,1
63,1,708.79,351.31,141.68,104.99,1,car,1
63,2,328.82,390.65,140.36,106.39,1,car,1
63,3,367.03,196.54,131.02,107.53,1,car,1
63,4,768.53,295.62,99.54,84.66,1,car,1
63,5,815.34,403.4,72.42,68.61,1,car,1
64,1,708.36,351.35,142.79,105.43,1,car,1
64,2,329.53,390.68,139.67,106.48,1,car,1
64,3,368.91,197.73,132.06,107.63,1,car,1
64,4,768.92,295.58,99.5,84.38,1,car,1
64,5,815.13,402.85,72.28,69.25,1,car,1
65,1,707.92,351.38,143.91,105.87,1,car,1
65,2,330.24,390.71,138.97,106.57,1,car,1
65,3,370.79,198.92,133.09,107.73,1,car,1
65,4,769.32,295.55,99.45,84.11,1,car,1
65,5,814.91,402.3,72.14,69.9,1,car,1
66,1,707.49,351.41,145.03,106.31,1,car,1
66,2,330.95,390.74,138.28,106.66,1,car,1
66,3,372.67,200.11,134.13,107.83,1,car,1
66,4,768.98,296.48,95.78,82.09,1,car,1
66,5,814.7,401.75,72.0,70.54,1,car,1
67,1,707.06,351.44,146.15,106.74,1,car,1
67,2,331.66,390.77,137.58,106.75,1,car,1
67,3,376.93,200.85,133.14,108.44,1,car,1
67,4,768.64,297.42,92.1,80.07,1,car,1
67,5,807.53,398.83,75.88,73.8,1,car,1
68,1,707.87,350.67,145.44,106.52,1,car,1
68,2,332.37,390.81,136.89,106.84,1,car,1
68,3,381.19,201.6,132.15,109.06,1,car,1
68,4,768.3,298.36,88.42,78.05,1,car,1
68,5,800.35,395.91,79.76,77.06,1,car,1
69,1,708.69,349.9,144.73,106.3,1,car,1
69,2,332.19,390.94,137.03,106.74,1,car,1
69,3,385.45,202.35,131.16,109.67,1,car,1
69,4,767.96,299.29,84.75,76.02,1,car,1
69,5,793.17,392.99,83.64,80.33,1,car,1
70,1,709.51,349.12,144.03,106.08,1,car,1
70,2,332.01,391.08,137.17,106.64,1,car,1
70,3,389.71,203.09,130.17,110.28,1,car,1
70,4,767.63,300.23,81.07,74.0,1,car,1
70,5,786.0,390.07,87.52,83.59,1,car,1
71,1,710.33,348.35,143.32,105.86,1,car,1
71,2,331.83,391.21,137.32,106.54,1,car,1
71,3,393.96,203.84,129.19,110.89,1,car,1
71,4,767.29,301.16,77.39,71.98,1,car,1
71,5,778.82,387.15,91.4,86.85,1,car,1
72,1,711.15,347.58,142.61,105.64,1,car,1
72,2,331.65,391.35,137.46,106.45,1,car,1
72,3,395.53,204.65,131.27,111.54,1,car,1
72,4,766.95,302.1,73.71,69.96,1,car,1
72,5,771.65,384.23,95.28,90.11,1,car,1
73,1,711.97,346.81,141.91,105.42,1,car,1
73,2,331.47,391.49,137.6,106.35,1,car,1
73,3,397.09,205.46,133.35,112.18,1,car,1
73,4,766.61,303.03,70.04,67.94,1,car,1
73,5,764.47,381.31,99.16,93.37,1,car,1
74,1,712.79,346.03,141.2,105.2,1,car,1
74,2,331.16,391.33,137.9,106.42,1,car,1
74,3,398.65,206.27,135.43,112.82,1,car,1
74,4,766.27,303.97,66.36,65.92,1,car,1
74,5,757.29,378.39,103.04,96.64,1,car,1
75,1,713.61,345.26,140.5,104.97,1,car,1
75,2,330.85,391.17,138.19,106.49,1,car,1
75,3,400.21,207.08,137.52,113.46,1,car,1
75,4,765.0,302.94,69.54,66.86,1,car,1
75,5,750.12,375.47,106.92,99.9,1,car,1
76,1,714.43,344.49,139.79,104.75,1,car,1
76,2,330.54,391.01,138.49,106.55,1,car,1
76,3,401.77,207.89,139.6,114.1,1,car,1
76,4,763.73,301.91,72.73,67.8,1,car,1
76,5,742.94,372.55,110.8,103.16,1,car,1
77,1,715.25,343.72,139.08,104.53,1,car,1
77,2,330.22,390.85,138.78,106.62,1,car,1
77,3,404.62,208.93,140.87,114.26,1,car,1
77,4,762.46,300.87,75.91,68.75,1,car,1
77,5,735.76,369.63,114.69,106.42,1,car,1
78,1,716.07,342.94,138.38,104.31,1,car,1
78,2,329.91,390.69,139.08,106.69,1,car,1
78,3,407.46,209.97,142.15,114.42,1,car,1
78,4,761.19,299.84,79.09,69.69,1,car,1
78,5,728.59,366.71,118.57,109.68,1,car,1
79,1,716.89,342.17,137.67,104.09,1,car,1
79,2,330.09,390.88,138.79,106.39,1,car,1
79,3,410.3,211.0,143.43,114.58,1,car,1
79,4,759.91,298.81,82.28,70.63,1,car,1
79,5,721.41,363.78,122.45,112.95,1,car,1
80,1,717.71,341.4,136.96,103.87,1,car,1
80,2,330.27,391.06,138.5,106.08,1,car,1
80,3,413.15,212.04,144.7,114.74,1,car,1
80,4,756.18,298.21,82.88,71.02,1,car,1
80,5,714.24,360.86,126.33,116.21,1,car,1
81,1,718.53,340.63,136.26,103.65,1,car,1
81,2,330.44,391.25,138.21,105.78,1,car,1
81,3,415.99,213.08,145.98,114.9,1,car,1
81,4,752.44,297.61,83.48,71.42,1,car,1
81,5,707.06,357.94,130.21,119.47,1,car,1
82,1,719.35,339.85,135.55,103.43,1,car,1
82,2,330.62,391.43,137.92,105.47,1,car,1
82,3,419.62,213.47,145.84,115.69,1,car,1
82,4,748.71,297.01,84.08,71.82,1,car,1
82,5,699.88,355.02,134.09,122.73,1,car,1
83,1,720.17,339.08,134.85,103.21,1,car,1
83,2,330.8,391.62,137.63,105.17,1,car,1
83,3,423.25,213.86,145.71,116.49,1,car,1
83,4,744.97,296.41,84.68,72.21,1,car,1
83,5,698.76,354.76,131.37,117.15,1,car,1
84,1,720.99,338.31,134.14,102.98,1,car,1
84,2,330.72,391.51,137.87,105.29,1,car,1
84,3,426.88,214.25,145.57,117.28,1,car,1
84,4,741.24,295.81,85.28,72.61,1,car,1
84,5,697.64,354.49,128.66,111.57,1,car,1
84,6,744.54,405.29,77.18,68.84,1,car,1
85,1,721.81,337.54,133.43,102.76,1,car,1
85,2,330.64,391.41,138.12,105.42,1,car,1
85,3,430.51,214.64,145.43,118.07,1,car,1
85,4,741.27,295.82,86.03,73.15,1,car,1
85,5,696.52,354.22,125.94,105.98,1,car,1
85,6,744.55,405.03,75.95,68.39,1,car,1
86,1,722.63,336.76,132.73,102.54,1,car,1
86,2,330.56,391.3,138.36,105.54,1,car,1
86,3,434.14,215.03,145.29,118.86,1,car,1
86,4,741.3,295.83,86.78,73.68,1,car,1
86,5,695.39,353.96,123.22,100.4,1,car,1
86,6,744.57,404.77,74.71,67.94,1,car,1
87,1,723.45,335.99,132.02,102.32,1,car,1
87,2,330.48,391.2,138.6,105.66,1,car,1
87,3,436.99,215.71,144.84,118.87,1,car,1
87,4,741.33,295.84,87.53,74.22,1,car,1
87,5,694.27,353.69,120.51,94.82,1,car,1
87,6,744.59,404.51,73.48,67.49,1,car,1
88,1,724.27,335.22,131.31,102.1,1,car,1
88,2,330.4,391.09,138.84,105.79,1,car,1
88,3,439.84,216.39,144.39,118.88,1,car,1
88,4,741.36,295.85,88.28,74.76,1,car,1
88,5,693.15,353.42,117.79,89.23,1,car,1
88,6,744.6,404.25,72.25,67.04,1,car,1
89,1,725.09,334.45,130.61,101.88,1,car,1
89,2,330.37,391.11,138.89,105.84,1,car,1
89,3,442.69,217.06,143.95,118.89,1,car,1
89,4,741.4,295.86,89.03,75.29,1,car,1
89,5,692.02,353.15,115.08,83.65,1,car,1
89,6,744.62,404.0,71.01,66.59,1,car,1
90,1,725.91,333.67,129.9,101.66,1,car,1
90,2,330.34,391.13,138.93,105.89,1,car,1
90,3,445.54,217.74,143.5,118.9,1,car,1
90,4,741.43,295.87,89.78,75.83,1,car,1
90,5,690.9,352.89,112.36,78.07,1,car,1
90,6,744.63,403.74,69.78,66.15,1,car,1
91,1,726.73,332.9,129.2,101.44,1,car,1
91,2,330.31,391.14,138.98,105.94,1,car,1
91,3,448.39,218.42,143.05,118.91,1,car,1
91,4,741.46,295.88,90.53,76.37,1,car,1
91,5,694.04,351.29,111.88,80.98,1,car,1
91,6,744.65,403.48,68.55,65.7,1,car,1
92,1,727.55,332.13,128.49,101.22,1,car,1
92,2,330.28,391.16,139.02,106.0,1,car,1
92,3,453.05,218.0,144.02,119.27,1,car,1
92,4,741.49,295.89,91.27,76.9,1,car,1
92,5,697.18,349.69,111.4,83.88,1,car,1
92,6,744.66,403.22,67.32,65.25,1,car,1
93,1,728.36,331.36,127.78,101.0,1,car,1
93,2,330.25,391.18,139.07,106.05,1,car,1
93,3,457.71,217.58,144.99,119.63,1,car,1
93,4,741.53,295.89,92.02,77.44,1,car,1
93,5,700.32,348.1,110.93,86.79,1,car,1
93,6,744.68,402.96,66.08,64.8,1,car,1
94,1,729.18,330.58,127.08,100.77,1,car,1
94,2,330.42,391.11,138.88,106.1,1,car,1
94,3,462.37,217.16,145.96,119.99,1,car,1
94,4,741.56,295.9,92.77,77.98,1,car,1
94,5,703.45,346.5,110.45,89.7,1,car,1
94,6,745.42,404.0,65.83,63.37,1,car,1
95,1,730.0,329.81,126.37,100.55,1,car,1
95,2,330.59,391.05,138.68,106.15,1,car,1
95,3,467.03,216.74,146.93,120.36,1,car,1
95,4,741.59,295.91,93.52,78.51,1,car,1
95,5,706.59,344.9,109.97,92.61,1,car,1
95,6,746.15,405.05,65.59,61.94,1,car,1
96,1,730.82,329.04,125.66,100.33,1,car,1
96,2,330.76,390.98,138.49,106.2,1,car,1
96,3,471.69,216.32,147.9,120.72,1,car,1
96,4,741.62,295.92,94.27,79.05,1,car,1
96,5,709.73,343.31,109.49,95.52,1,car,1
96,6,746.89,406.09,65.34,60.51,1,car,1
97,1,731.64,328.27,124.96,100.11,1,car,1
97,2,330.93,390.91,138.3,106.25,1,car,1
97,3,476.2,215.85,147.27,120.22,1,car,1
97,4,741.66,295.93,95.02,79.59,1,car,1
97,5,712.87,341.71,109.02,98.42,1,car,1
97,6,747.63,407.13,65.09,59.08,1,car,1
98,1,732.46,327.49,124.25,99.89,1,car,1
98,2,331.1,390.84,138.1,106.31,1,car,1
98,3,480.72,215.38,146.65,119.72,1,car,1
98,4,741.69,295.94,95.77,80.12,1,car,1
98,5,716.01,340.11,108.54,101.33,1,car,1
98,6,748.37,408.18,64.84,57.64,1,car,1
99,1,733.28,326.72,123.55,99.67,1,car,1
99,2,330.94,390.8,138.3,106.34,1,car,1
99,3,485.23,214.91,146.02,119.22,1,car,1
99,4,741.72,295.95,96.52,80.66,1,car,1
99,5,719.15,338.52,108.06,104.24,1,car,1
99,6,748.81,407.41,64.39,57.58,1,car,1
100,1,734.1,325.95,122.84,99.45,1,car,1
100,2,330.78,390.76,138.5,106.38,1,car,1
100,3,489.74,214.44,145.39,118.73,1,car,1
100,4,741.75,295.96,97.27,81.2,1,car,1
100,5,722.28,336.92,107.58,107.15,1,car,1
100,6,749.25,406.64,63.95,57.51,1,car,1
101,1,734.92,325.18,122.13,99.23,1,car,1
101,2,330.61,390.71,138.7,106.41,1,car,1
101,3,494.25,213.97,144.77,118.23,1,car,1
101,4,741.79,295.97,98.02,81.73,1,car,1
101,5,725.42,335.32,107.11,110.06,1,car,1
101,6,749.7,405.88,63.5,57.44,1,car,1
102,1,735.74,324.4,121.43,99.01,1,car,1
102,2,330.45,390.67,138.89,106.45,1,car,1
102,3,498.32,212.71,144.29,117.95,1,car,1
102,4,741.82,295.98,98.77,82.27,1,car,1
102,5,728.56,333.73,106.63,112.96,1,car,1
102,6,750.14,405.11,63.06,57.37,1,car,1
103,1,736.56,323.63,120.72,98.78,1,car,1
103,2,330.28,390.63,139.09,106.49,1,car,1
103,3,502.4,211.46,143.82,117.67,1,car,1
103,4,741.85,295.99,99.52,82.81,1,car,1
103,5,731.7,332.13,106.15,115.87,1,car,1
103,6,750.58,404.34,62.61,57.3,1,car,1
104,1,737.38,322.86,120.01,98.56,1,car,1
104,2,330.0,390.61,139.36,106.5,1,car,1
104,3,506.47,210.2,143.34,117.4,1,car,1
104,4,741.88,296.0,100.27,83.34,1,car,1
104,5,734.84,330.53,105.67,118.78,1,car,1
104,6,751.03,403.58,62.17,57.23,1,car,1
105,1,738.2,322.09,119.31,98.34,1,car,1
105,2,329.73,390.58,139.63,106.52,1,car,1
105,3,510.54,208.95,142.87,117.12,1,car,1
105,4,741.91,296.01,101.02,83.88,1,car,1
105,5,737.98,328.94,105.2,121.69,1,car,1
105,6,751.47,402.81,61.72,57.16,1,car,1
106,1,739.02,321.32,118.6,98.12,1,car,1
106,2,329.45,390.56,139.91,106.53,1,car,1
106,3,514.62,207.69,142.39,116.84,1,car,1
106,4,741.95,296.02,101.77,84.42,1,car,1
106,5,741.11,327.34,104.72,124.6,1,car,1
106,6,751.91,402.04,61.27,57.09,1,car,1
107,1,739.84,320.54,117.9,97.9,1,car,1
107,2,329.17,390.54,140.18,106.55,1,car,1
107,3,518.96,207.01,141.75,116.57,1,car,1
107,4,741.98,296.03,102.52,84.95,1,car,1
107,5,744.25,325.74,104.24,127.5,1,car,1
107,6,752.35,401.28,60.83,57.02,1,car,1
108,1,740.66,319.77,117.19,97.68,1,car,1
108,2,328.89,390.51,140.45,106.57,1,car,1
108,3,523.29,206.32,141.1,116.29,1,car,1
108,4,742.01,296.04,103.27,85.49,1,car,1
108,5,747.39,324.15,103.76,130.41,1,car,1
108,6,752.8,400.51,60.38,56.96,1,car,1
108,7,898.17,428.72,67.56,44.17,1,car,1
109,1,741.48,319.0,116.48,97.46,1,car,1
109,2,328.9,390.56,140.31,106.33,1,car,1
109,3,527.63,205.63,140.45,116.01,1,car,1
109,4,742.04,296.05,104.02,86.03,1,car,1
109,5,750.53,322.55,103.29,133.32,1,car,1
109,6,752.49,399.92,61.24,57.72,1,car,1
109,7,893.55,426.9,67.72,46.73,1,car,1
110,1,742.3,318.23,115.78,97.24,1,car,1
110,2,328.91,390.6,140.18,106.09,1,car,1
110,3,531.97,204.95,139.8,115.73,1,car,1
110,4,742.08,296.06,104.77,86.56,1,car,1
110,5,750.72,323.07,104.83,133.19,1,car,1
110,6,752.18,399.33,62.09,58.49,1,car,1
110,7,888.93,425.09,67.87,49.29,1,car,1
111,1,743.12,317.45,115.07,97.02,1,car,1
111,2,328.92,390.64,140.05,105.85,1,car,1
111,3,536.31,204.26,139.15,115.46,1,car,1
111,4,742.11,296.07,105.52,87.1,1,car,1
111,5,750.9,323.6,106.37,133.07,1,car,1
111,6,751.88,398.73,62.95,59.25,1,car,1
111,7,884.3,423.27,68.03,51.85,1,car,1
112,1,743.94,316.68,114.36,96.8,1,car,1
112,2,328.93,390.69,139.91,105.61,1,car,1
112,3,540.23,203.49,138.92,114.83,1,car,1
112,4,742.14,296.08,106.27,87.64,1,car,1
112,5,751.09,324.12,107.92,132.94,1,car,1
112,6,751.57,398.14,63.81,60.02,1,car,1
112,7,879.68,421.45,68.18,54.41,1,car,1
113,1,744.76,315.91,113.66,96.57,1,car,1
113,2,328.94,390.73,139.78,105.37,1,car,1
113,3,544.16,202.71,138.68,114.2,1,car,1
113,4,742.17,296.09,107.01,88.17,1,car,1
113,5,751.28,324.65,109.46,132.81,1,car,1
113,6,751.26,397.55,64.66,60.78,1,car,1
113,7,875.06,419.64,68.34,56.97,1,car,1
114,1,745.58,315.14,112.95,96.35,1,car,1
114,2,328.31,390.21,140.49,105.86,1,car,1
114,3,548.08,201.94,138.45,113.57,1,car,1
114,4,742.21,296.1,107.76,88.71,1,car,1
114,5,751.47,325.17,111.01,132.69,1,car,1
114,6,750.96,396.96,65.52,61.55,1,car,1
114,7,873.35,419.62,67.76,56.63,1,car,1
115,1,746.4,314.36,112.25,96.13,1,car,1
115,2,327.68,389.69,141.19,106.34,1,car,1
115,3,552.01,201.17,138.22,112.94,1,car,1
115,4,742.24,296.11,108.51,89.25,1,car,1
115,5,751.65,325.7,112.55,132.56,1,car,1
115,6,750.65,396.37,66.37,62.31,1,car,1
115,7,871.64,419.61,67.19,56.29,1,car,1
116,1,747.22,313.59,111.54,95.91,1,car,1
116,2,327.06,389.17,141.9,106.83,1,car,1
116,3,555.93,200.39,137.98,112.31,1,car,1
116,4,742.27,296.12,109.26,89.78,1,car,1
116,5,751.84,326.22,114.1,132.43,1,car,1
116,6,750.35,395.77,67.23,63.08,1,car,1
116,7,869.93,419.59,66.61,55.96,1,car,1
117,1,748.04,312.82,110.83,95.69,1,car,1
117,2,326.43,388.65,142.61,107.32,1,car,1
117,3,559.71,200.01,137.68,111.58,1,car,1
117,4,742.3,296.13,110.01,90.32,1,car,1
117,5,752.03,326.75,115.64,132.31,1,car,1
117,6,750.04,395.18,68.09,63.84,1,car,1
117,7,868.22,419.57,66.04,55.62,1,car,1
118,1,748.86,312.05,110.13,95.47,1,car,1
118,2,325.81,388.12,143.31,107.8,1,car,1
118,3,563.48,199.62,137.38,110.85,1,car,1
118,4,742.34,296.14,110.76,90.86,1,car,1
118,5,752.22,327.27,117.19,132.18,1,car,1
118,6,749.73,394.59,68.94,64.61,1,car,1
118,7,866.51,419.56,65.46,55.28,1,car,1
119,1,749.67,311.27,109.42,95.25,1,car,1
119,2,326.4,388.58,142.62,107.4,1,car,1
119,3,567.25,199.23,137.08,110.13,1,car,1
119,4,742.37,296.15,111.51,91.39,1,car,1
119,5,752.4,327.8,118.73,132.05,1,car,1
119,6,749.43,394.0,69.8,65.38,1,car,1
119,7,867.37,420.88,64.87,53.66,1,car,1
120,1,750.49,310.5,108.71,95.03,1,car,1
120,2,327.0,389.03,141.92,106.99,1,car,1
120,3,571.03,198.85,136.78,109.4,1,car,1
120,4,742.4,296.16,112.26,91.93,1,car,1
120,5,752.59,328.32,120.28,131.93,1,car,1
120,6,749.12,393.4,70.65,66.14,1,car,1
120,7,868.22,422.21,64.28,52.04,1,car,1
121,1,751.31,309.73,108.01,94.81,1,car,1
121,2,327.6,389.49,141.22,106.59,1,car,1
121,3,574.8,198.46,136.48,108.67,1,car,1
121,4,742.43,296.17,113.01,92.47,1,car,1
121,5,752.78,328.85,121.82,131.8,1,car,1
121,6,748.81,392.81,71.51,66.91,1,car,1
121,7,869.08,423.54,63.69,50.43,1,car,1
122,1,752.13,308.96,107.3,94.58,1,car,1
122,2,328.19,389.94,140.53,106.18,1,car,1
122,3,577.95,198.52,135.56,108.75,1,car,1
122,4,742.46,296.18,113.76,93.0,1,car,1
122,5,752.97,329.37,123.37,131.67,1,car,1
122,6,748.51,392.22,72.36,67.67,1,car,1
122,7,869.94,424.86,63.09,48.81,1,car,1
123,1,752.95,308.18,106.6,94.36,1,car,1
123,2,328.79,390.4,139.83,105.78,1,car,1
123,3,581.1,198.58,134.64,108.82,1,car,1
123,4,742.5,296.19,114.51,93.54,1,car,1
123,5,753.15,329.9,124.91,131.55,1,car,1
123,6,748.2,391.63,73.22,68.44,1,car,1
123,7,870.8,426.19,62.5,47.19,1,car,1
124,1,753.77,307.41,105.89,94.14,1,car,1
124,2,327.72,390.19,140.88,106.15,1,car,1
124,3,584.25,198.64,133.72,108.9,1,car,1
124,4,742.53,296.2,115.26,94.08,1,car,1
124,5,753.34,330.42,126.45,131.42,1,car,1
124,6,747.89,391.04,74.08,69.2,1,car,1
124,7,870.81,425.99,62.67,47.3,1,car,1
125,1,754.59,306.64,105.18,93.92,1,car,1
125,2,326.66,389.99,141.93,106.52,1,car,1
125,3,587.4,198.7,132.8,108.97,1,car,1
125,4,742.56,296.21,116.01,94.61,1,car,1
125,5,753.53,330.95,128.0,131.29,1,car,1
125,6,747.59,390.44,74.93,69.97,1,car,1
125,7,870.83,425.79,62.83,47.4,1,car,1
126,1,755.41,305.87,104.48,93.7,1,car,1
126,2,325.59,389.79,142.97,106.89,1,car,1
126,3,590.55,198.76,131.88,109.04,1,car,1
126,4,742.59,296.22,116.76,95.15,1,car,1
126,5,753.72,331.47,129.54,131.17,1,car,1
126,6,747.28,389.85,75.79,70.73,1,car,1
126,7,870.85,425.59,63.0,47.51,1,car,1
127,1,756.23,305.09,103.77,93.48,1,car,1
127,2,324.53,389.58,144.02,107.26,1,car,1
127,3,591.42,200.05,131.91,108.47,1,car,1
127,4,742.63,296.23,117.51,95.69,1,car,1
127,5,753.9,332.0,131.09,131.04,1,car,1
127,6,746.97,389.26,76.64,71.5,1,car,1
127,7,870.86,425.4,63.17,47.61,1,car,1
128,1,757.05,304.32,103.06,93.26,1,car,1
128,2,323.47,389.38,145.07,107.63,1,car,1
128,3,592.29,201.34,131.95,107.9,1,car,1
128,4,742.66,296.24,118.26,96.22,1,car,1
128,5,754.09,332.52,132.63,130.91,1,car,1
128,6,746.67,388.67,77.5,72.27,1,car,1
128,7,870.88,425.2,63.34,47.71,1,car,1
129,1,757.87,303.55,102.36,93.04,1,car,1
129,2,322.39,389.18,146.19,107.79,1,car,1
129,3,593.16,202.63,131.98,107.33,1,car,1
129,4,742.69,296.25,119.01,96.76,1,car,1
129,5,754.28,333.05,134.18,130.79,1,car,1
129,6,746.36,388.08,78.36,73.03,1,car,1
129,7,867.26,423.24,64.52,49.91,1,car,1
130,1,758.69,302.78,101.65,92.82,1,car,1
130,2,321.31,388.98,147.31,107.96,1,car,1
130,3,594.03,203.91,132.02,106.76,1,car,1
130,4,742.72,296.26,119.76,97.3,1,car,1
130,5,754.47,333.57,135.72,130.66,1,car,1
130,6,746.05,387.48,79.21,73.8,1,car,1
130,7,863.64,421.27,65.7,52.11,1,car,1
131,1,759.51,302.0,100.95,92.6,1,car,1
131,2,320.24,388.78,148.43,108.12,1,car,1
131,3,594.91,205.2,132.05,106.19,1,car,1
131,4,742.76,296.27,120.51,97.83,1,car,1
131,5,754.65,334.1,137.27,130.53,1,car,1
131,6,745.75,386.89,80.07,74.56,1,car,1
131,7,860.03,419.31,66.88,54.31,1,car,1
132,1,760.33,301.23,100.24,92.37,1,car,1
132,2,319.16,388.57,149.55,108.29,1,car,1
132,3,595.09,205.4,132.22,107.43,1,car,1
132,4,742.79,296.28,121.26,98.37,1,car,1
132,5,754.84,334.62,138.81,130.41,1,car,1
132,6,745.44,386.3,80.92,75.33,1,car,1
132,7,856.41,417.35,68.06,56.51,1,car,1
133,1,761.15,300.46,99.53,92.15,1,car,1
133,2,318.09,388.37,150.67,108.45,1,car,1
133,3,595.28,205.61,132.4,108.67,1,car,1
133,4,742.82,296.29,122.01,98.91,1,car,1
133,5,755.03,335.15,140.36,130.28,1,car,1
133,6,745.14,385.71,81.78,76.09,1,car,1
133,7,852.79,415.39,69.24,58.71,1,car,1
134,1,761.97,299.69,98.83,91.93,1,car,1
134,2,318.19,388.39,150.55,108.42,1,car,1
134,3,595.47,205.81,132.57,109.9,1,car,1
134,4,742.85,296.3,122.75,99.44,1,car,1
134,5,755.21,335.67,141.9,130.15,1,car,1
134,6,744.83,385.12,82.64,76.86,1,car,1
134,7,849.17,413.42,70.42,60.91,1,car,1
135,1,762.79,298.91,98.12,91.71,1,car,1
135,2,318.29,388.41,150.42,108.38,1,car,1
135,3,595.65,206.01,132.74,111.14,1,car,1
135,4,742.88,296.31,123.5,99.98,1,car,1
135,5,755.4,336.2,143.44,130.03,1,car,1
135,6,744.52,384.52,83.49,77.62,1,car,1
135,7,849.32,413.47,70.35,60.72,1,car,1
136,1,763.61,298.14,97.41,91.49,1,car,1
136,2,318.39,388.43,150.3,108.35,1,car,1
136,3,595.84,206.21,132.92,112.37,1,car,1
136,4,742.92,296.32,124.25,100.52,1,car,1
136,5,755.59,336.72,144.99,129.9,1,car,1
136,6,744.22,383.93,84.35,78.39,1,car,1
136,7,849.46,413.51,70.28,60.53,1,car,1
137,1,764.43,297.37,96.71,91.27,1,car,1
137,2,318.49,388.44,150.18,108.31,1,car,1
137,3,596.9,206.4,131.69,112.14,1,car,1
137,4,742.95,296.33,125.0,101.05,1,car,1
137,5,755.78,337.25,146.53,129.77,1,car,1
137,6,743.91,383.34,85.2,79.16,1,car,1
137,7,849.61,413.55,70.21,60.34,1,car,1
138,1,765.25,296.6,96.0,91.05,1,car,1
138,2,318.59,388.46,150.06,108.28,1,car,1
138,3,597.96,206.59,130.46,111.91,1,car,1
138,4,742.98,296.34,125.75,101.59,1,car,1
138,5,755.96,337.77,148.08,129.65,1,car,1
138,6,743.6,382.75,86.06,79.92,1,car,1
138,7,849.75,413.59,70.14,60.15,1,car,1
139,1,766.07,295.82,95.3,90.83,1,car,1
139,2,318.69,388.48,149.94,108.24,1,car,1
139,3,599.02,206.77,129.23,111.68,1,car,1
139,4,743.01,296.35,126.5,102.13,1,car,1
139,5,756.15,338.3,149.62,129.52,1,car,1
139,6,743.3,382.16,86.92,80.69,1,car,1
139,7,849.9,413.63,70.07,59.97,1,car,1
140,1,766.89,295.05,94.59,90.61,1,car,1
140,2,318.79,388.49,149.82,108.21,1,car,1
140,3,600.08,206.96,128.0,111.45,1,car,1
140,4,743.05,296.36,127.25,102.66,1,car,1
140,5,756.34,338.82,151.17,129.39,1,car,1
140,6,742.99,381.56,87.77,81.45,1,car,1
140,7,850.04,413.67,70.0,59.78,1,car,1
141,1,767.71,294.28,93.88,90.38,1,car,1
141,2,317.8,388.12,150.82,108.66,1,car,1
141,3,601.14,207.15,126.77,111.21,1,car,1
141,4,743.08,296.37,128.0,103.2,1,car,1
141,5,756.53,339.35,152.71,129.27,1,car,1
141,6,742.68,380.97,88.63,82.22,1,car,1
141,7,850.19,413.71,69.93,59.59,1,car,1
142,1,768.53,293.51,93.18,90.16,1,car,1
142,2,316.8,387.74,151.83,109.11,1,car,1
142,3,603.02,207.0,125.5,110.71,1,car,1
142,4,743.11,296.38,128.75,103.74,1,car,1
142,5,756.71,339.87,154.26,129.14,1,car,1
142,6,742.38,380.38,89.48,82.98,1,car,1
142,7,850.33,413.75,69.86,59.4,1,car,1
143,1,769.35,292.73,92.47,89.94,1,car,1
143,2,315.81,387.36,152.83,109.56,1,car,1
143,3,604.91,206.86,124.22,110.2,1,car,1
143,4,743.14,296.39,129.5,104.27,1,car,1
143,5,756.9,340.4,155.8,129.01,1,car,1
143,6,742.07,379.79,90.34,83.75,1,car,1
143,7,850.48,413.79,69.79,59.21,1,car,1
144,1,770.16,291.96,91.76,89.72,1,car,1
144,2,314.81,386.98,153.84,110.02,1,car,1
144,3,606.79,206.71,122.95,109.7,1,car,1
144,4,743.18,296.4,130.25,104.81,1,car,1
144,5,757.09,340.92,157.35,128.88,1,car,1
144,6,741.76,379.2,91.19,84.51,1,car,1
144,7,850.62,413.83,69.72,59.02,1,car,1
145,1,770.98,291.19,91.06,89.5,1,car,1
145,2,313.81,386.6,154.85,110.47,1,car,1
145,3,608.67,206.56,121.68,109.19,1,car,1
145,4,743.21,296.41,131.0,105.35,1,car,1
145,5,757.28,341.45,158.89,128.76,1,car,1
145,6,741.46,378.6,92.05,85.28,1,car,1
145,7,850.77,413.88,69.65,58.83,1,car,1
146,1,771.51,291.11,89.86,87.67,1,car,1
146,2,314.47,386.89,154.24,110.27,1,car,1
146,3,610.56,206.42,120.4,108.69,1,car,1
146,4,743.24,296.42,131.75,105.88,1,car,1
146,5,757.46,341.97,160.44,128.63,1,car,1
146,6,741.15,378.01,92.91,86.04,1,car,1
146,7,850.91,413.92,69.58,58.64,1,car,1
147,1,772.04,291.02,88.67,85.85,1,car,1
147,2,315.12,387.17,153.63,110.08,1,car,1
147,3,613.12,205.92,119.77,108.56,1,car,1
147,4,743.27,296.43,132.5,106.42,1,car,1
147,5,757.65,342.5,161.98,128.5,1,car,1
147,6,740.84,377.42,93.76,86.81,1,car,1
147,7,851.06,413.96,69.51,58.45,1,car,1
148,1,772.56,290.94,87.47,84.02,1,car,1
148,2,315.78,387.45,153.02,109.89,1,car,1
148,3,615.69,205.42,119.13,108.43,1,car,1
148,4,743.31,296.44,133.25,106.96,1,car,1
148,5,757.84,343.02,163.52,128.38,1,car,1
148,6,740.54,376.83,94.62,87.58,1,car,1
148,7,851.2,414.0,69.44,58.26,1,car,1
149,1,773.09,290.86,86.28,82.19,1,car,1
149,2,316.44,387.73,152.41,109.7,1,car,1
149,3,618.26,204.91,118.5,108.3,1,car,1
149,4,743.34,296.45,134.0,107.49,1,car,1
149,5,758.03,343.55,165.07,128.25,1,car,1
149,6,740.23,376.24,95.47,88.34,1,car,1
149,7,851.35,414.04,69.36,58.07,1,car,1
150,1,773.61,290.78,85.08,80.37,1,car,1
150,2,317.09,388.01,151.8,109.5,1,car,1
150,3,620.83,204.41,117.86,108.17,1,car,1
150,4,743.37,296.46,134.75,108.03,1,car,1
150,5,758.21,344.07,166.61,128.12,1,car,1
150,6,739.93,375.64,96.33,89.11,1,car,1
150,7,851.49,414.08,69.29,57.88,1,car,1
151,1,772.41,290.02,87.66,85.03,1,car,1
151,2,317.2,388.03,151.63,109.38,1,car,1
151,3,623.4,203.91,117.23,108.05,1,car,1
151,4,743.4,296.47,135.5,108.57,1,car,1
151,5,758.4,344.6,168.16,128.0,1,car,1
151,6,739.62,375.05,97.19,89.87,1,car,1
151,7,851.64,414.12,69.22,57.69,1,car,1
152,1,771.21,289.27,90.25,89.7,1,car,1
152,2,317.31,388.05,151.46,109.25,1,car,1
152,3,627.34,203.41,117.44,106.88,1,car,1
152,4,743.43,296.48,136.25,109.1,1,car,1
152,5,758.59,345.12,169.7,127.87,1,car,1
152,6,739.31,374.46,98.04,90.64,1,car,1
152,7,851.78,414.16,69.15,57.5,1,car,1
153,1,770.01,288.51,92.83,94.37,1,car,1
153,2,317.41,388.07,151.29,109.13,1,car,1
153,3,631.28,202.91,117.65,105.71,1,car,1
153,4,743.47,296.49,137.0,109.64,1,car,1
153,5,758.57,345.64,168.94,127.36,1,car,1
153,6,739.01,373.87,98.9,91.4,1,car,1
153,7,851.93,414.2,69.08,57.31,1,car,1
154,1,768.82,287.76,95.41,99.03,1,car,1
154,2,317.52,388.09,151.12,109.0,1,car,1
154,3,635.22,202.42,117.86,104.54,1,car,1
154,4,743.5,296.5,137.75,110.18,1,car,1
154,5,758.56,346.15,168.17,126.85,1,car,1
154,6,738.7,373.28,99.75,92.17,1,car,1
154,7,852.07,414.24,69.01,57.12,1,car,1
155,1,767.62,287.0,97.99,103.7,1,car,1
155,2,317.63,388.11,150.95,108.87,1,car,1
155,3,639.15,201.92,118.06,103.37,1,car,1
155,4,743.53,296.51,138.5,110.71,1,car,1
155,5,758.55,346.66,167.4,126.34,1,car,1
155,6,738.39,372.68,100.61,92.93,1,car,1
155,7,852.22,414.28,68.94,56.93,1,car,1
156,1,766.42,286.25,100.57,108.36,1,car,1
156,2,317.22,388.08,151.39,108.93,1,car,1
156,3,643.09,201.42,118.27,102.2,1,car,1
156,4,743.56,296.52,139.24,111.25,1,car,1
156,5,758.54,347.17,166.63,125.82,1,car,1
156,6,738.09,372.09,101.47,93.7,1,car,1
156,7,852.36,414.33,68.87,56.74,1,car,1
157,1,767.51,286.48,99.87,107.58,1,car,1
157,2,316.81,388.05,151.83,108.99,1,car,1
157,3,647.56,200.52,117.83,102.98,1,car,1
157,4,743.6,296.53,139.99,111.79,1,car,1
157,5,758.52,347.68,165.87,125.31,1,car,1
157,6,737.78,371.5,102.32,94.47,1,car,1
157,7,852.51,414.37,68.8,56.55,1,car,1
158,1,768.61,286.71,99.18,106.79,1,car,1
158,2,316.41,388.02,152.28,109.05,1,car,1
158,3,652.02,199.61,117.39,103.76,1,car,1
158,4,743.63,296.54,140.74,112.32,1,car,1
158,5,758.51,348.19,165.1,124.8,1,car,1
158,6,737.47,370.91,103.18,95.23,1,car,1
158,7,852.65,414.41,68.73,56.36,1,car,1
159,1,769.71,286.94,98.48,106.0,1,car,1
159,2,316.0,387.99,152.72,109.11,1,car,1
159,3,656.48,198.71,116.94,104.54,1,car,1
159,4,743.66,296.55,141.49,112.86,1,car,1
159,5,758.5,348.71,164.33,124.29,1,car,1
159,6,737.17,370.32,104.03,96.0,1,car,1
159,7,852.8,414.45,68.66,56.17,1,car,1
160,1,770.81,287.18,97.79,105.22,1,car,1
160,2,315.59,387.96,153.17,109.16,1,car,1
160,3,660.94,197.8,116.5,105.32,1,car,1
160,4,743.69,296.56,142.24,113.4,1,car,1
160,5,758.48,349.22,163.56,123.78,1,car,1
160,6,736.86,369.72,104.89,96.76,1,car,1
160,7,852.94,414.49,68.59,55.98,1,car,1
161,1,771.9,287.41,97.09,104.43,1,car,1
161,2,316.34,388.12,152.39,109.01,1,car,1
161,3,665.4,196.9,116.06,106.1,1,car,1
161,4,743.73,296.57,142.99,113.93,1,car,1
161,5,758.47,349.73,162.8,123.27,1,car,1
161,6,736.55,369.13,105.75,97.53,1,car,1
161,7,853.09,414.53,68.52,55.79,1,car,1
162,1,773.0,287.64,96.39,103.64,1,car,1
162,2,317.08,388.27,151.61,108.86,1,car,1
162,3,669.99,196.5,118.89,106.63,1,car,1
162,4,743.76,296.58,143.74,114.47,1,car,1
162,5,758.46,350.24,162.03,122.76,1,car,1
162,6,736.25,368.54,106.6,98.29,1,car,1
162,7,853.23,414.57,68.45,55.6,1,car,1
163,1,774.1,287.87,95.7,102.86,1,car,1
163,2,317.83,388.42,150.83,108.71,1,car,1
163,3,674.58,196.09,121.71,107.15,1,car,1
163,4,743.79,296.59,144.49,115.01,1,car,1
163,5,758.44,350.75,161.26,122.24,1,car,1
163,6,735.94,367.95,107.46,99.06,1,car,1
163,7,853.38,414.61,68.38,55.41,1,car,1
164,1,775.19,288.11,95.0,102.07,1,car,1
164,2,318.58,388.57,150.05,108.56,1,car,1
164,3,679.17,195.69,124.54,107.68,1,car,1
164,4,743.82,296.6,145.24,115.54,1,car,1
164,5,758.43,351.27,160.49,121.73,1,car,1
164,6,735.63,367.36,108.31,99.82,1,car,1
164,7,853.52,414.65,68.31,55.22,1,car,1
165,1,776.29,288.34,94.3,101.28,1,car,1
165,2,319.32,388.73,149.27,108.41,1,car,1
165,3,683.76,195.28,127.37,108.2,1,car,1
165,4,743.86,296.61,145.99,116.08,1,car,1
165,5,758.42,351.78,159.73,121.22,1,car,1
165,6,735.33,366.76,109.17,100.59,1,car,1
165,7,853.67,414.69,68.24,55.03,1,car,1
166,1,777.39,288.57,93.61,100.5,1,car,1
166,2,320.4,388.95,148.29,108.17,1,car,1
166,3,688.35,194.88,130.2,108.73,1,car,1
166,4,743.89,296.62,146.74,116.62,1,car,1
166,5,758.4,352.29,158.96,120.71,1,car,1
166,6,735.02,366.17,110.02,101.35,1,car,1
166,7,853.81,414.74,68.17,54.84,1,car,1
167,1,778.49,288.8,92.91,99.71,1,car,1
167,2,321.47,389.17,147.3,107.92,1,car,1
167,3,692.75,194.54,128.72,107.63,1,car,1
167,4,743.92,296.63,147.49,117.15,1,car,1
167,5,758.39,352.8,158.19,120.2,1,car,1
167,6,734.72,365.58,110.88,102.12,1,car,1
167,7,853.95,414.78,68.1,54.65,1,car,1
168,1,779.58,289.03,92.22,98.92,1,car,1
168,2,322.54,389.4,146.31,107.68,1,car,1
168,3,697.15,194.2,127.25,106.54,1,car,1
168,4,743.95,296.64,148.24,117.69,1,car,1
168,5,758.38,353.31,157.42,119.69,1,car,1
168,6,734.41,364.99,111.74,102.89,1,car,1
168,7,854.1,414.82,68.03,54.46,1,car,1
169,1,780.68,289.27,91.52,98.14,1,car,1
169,2,323.62,389.62,145.33,107.43,1,car,1
169,3,701.55,193.86,125.77,105.45,1,car,1
169,4,743.98,296.65,148.99,118.23,1,car,1
169,5,758.36,353.82,156.66,119.17,1,car,1
169,6,734.1,364.4,112.59,103.65,1,car,1
169,7,854.24,414.86,67.96,54.27,1,car,1
170,1,781.78,289.5,90.82,97.35,1,car,1
170,2,324.69,389.85,144.34,107.19,1,car,1
170,3,705.94,193.53,124.3,104.35,1,car,1
170,4,744.02,296.66,149.74,118.76,1,car,1
170,5,758.35,354.34,155.89,118.66,1,car,1
170,6,733.8,363.8,113.45,104.42,1,car,1
170,7,854.39,414.9,67.89,54.08,1,car,1
171,1,782.87,289.73,90.13,96.56,1,car,1
171,2,323.94,389.84,145.05,107.19,1,car,1
171,3,710.34,193.19,122.82,103.26,1,car,1
171,4,744.05,296.67,150.49,119.3,1,car,1
171,5,758.34,354.85,155.12,118.15,1,car,1
171,6,733.49,363.21,114.3,105.18,1,car,1
171,7,854.53,414.94,67.81,53.89,1,car,1
172,1,783.97,289.96,89.43,95.78,1,car,1
172,2,323.2,389.84,145.75,107.18,1,car,1
172,3,714.88,193.22,122.12,102.07,1,car,1
172,4,744.08,296.67,151.24,119.84,1,car,1
172,5,758.32,355.36,154.35,117.64,1,car,1
172,6,733.18,362.62,115.16,105.95,1,car,1
172,7,854.68,414.98,67.74,53.7,1,car,1
173,1,785.07,290.19,88.74,94.99,1,car,1
173,2,322.45,389.84,146.46,107.18,1,car,1
173,3,719.43,193.26,121.41,100.88,1,car,1
173,4,744.11,296.68,151.99,120.37,1,car,1
173,5,758.31,355.87,153.59,117.13,1,car,1
173,6,732.88,362.03,116.02,106.71,1,car,1
173,7,854.82,415.02,67.67,53.51,1,car,1
174,1,786.17,290.43,88.04,94.2,1,car,1
174,2,321.7,389.83,147.16,107.18,1,car,1
174,3,723.97,193.29,120.71,99.68,1,car,1
174,4,744.15,296.69,152.74,120.91,1,car,1
174,5,758.3,356.38,152.82,116.62,1,car,1
174,6,732.57,361.44,116.87,107.48,1,car,1
174,7,854.97,415.06,67.6,53.32,1,car,1
175,1,787.26,290.66,87.34,93.42,1,car,1
175,2,320.96,389.83,147.87,107.18,1,car,1
175,3,728.51,193.33,120.0,98.49,1,car,1
175,4,744.18,296.7,153.49,121.45,1,car,1
175,5,758.28,356.89,152.05,116.1,1,car,1
175,6,732.26,360.84,117.73,108.24,1,car,1
175,7,855.11,415.1,67.53,53.13,1,car,1
176,1,788.36,290.89,86.65,92.63,1,car,1
176,2,319.97,389.39,148.84,107.68,1,car,1
176,3,733.06,193.36,119.3,97.3,1,car,1
176,4,744.21,296.71,154.24,121.98,1,car,1
176,5,758.27,357.41,151.28,115.59,1,car,1
176,6,731.96,360.25,118.58,109.01,1,car,1
176,7,855.26,415.15,67.46,52.94,1,car,1
177,1,789.46,291.12,85.95,91.84,1,car,1
177,2,318.98,388.95,149.82,108.18,1,car,1
177,3,736.32,193.35,118.05,97.44,1,car,1
177,4,744.24,296.72,154.98,122.52,1,car,1
177,5,758.26,357.92,150.52,115.08,1,car,1
177,6,731.65,359.66,119.44,109.78,1,car,1
177,7,855.4,415.19,67.39,52.75,1,car,1
178,1,790.55,291.36,85.25,91.06,1,car,1
178,2,317.99,388.52,150.8,108.68,1,car,1
178,3,739.59,193.34,116.81,97.58,1,car,1
178,4,744.28,296.73,155.73,123.06,1,car,1
178,5,758.24,358.43,149.75,114.57,1,car,1
178,6,731.34,359.07,120.3,110.54,1,car,1
178,7,855.55,415.23,67.32,52.56,1,car,1
179,1,791.65,291.59,84.56,90.27,1,car,1
179,2,317.01,388.08,151.78,109.18,1,car,1
179,3,742.85,193.32,115.57,97.72,1,car,1
179,4,744.31,296.74,156.48,123.59,1,car,1
179,5,758.23,358.94,148.98,114.06,1,car,1
179,6,731.04,358.48,121.15,111.31,1,car,1
179,7,855.69,415.27,67.25,52.37,1,car,1
180,1,792.75,291.82,83.86,89.48,1,car,1
180,2,316.02,387.64,152.75,109.67,1,car,1
180,3,746.12,193.31,114.33,97.86,1,car,1
180,4,744.34,296.75,157.23,124.13,1,car,1
180,5,758.22,359.45,148.21,113.55,1,car,1
180,6,730.73,357.88,122.01,112.07,1,car,1
180,7,855.84,415.31,67.18,52.18,1,car,1
181,1,793.85,292.05,83.17,88.7,1,car,1
181,2,316.35,387.55,152.44,109.84,1,car,1
181,3,749.38,193.29,113.08,98.0,1,car,1
181,4,744.37,296.76,157.98,124.67,1,car,1
181,5,758.2,359.97,147.45,113.04,1,car,1
181,6,730.42,357.29,122.86,112.84,1,car,1
181,7,855.98,415.35,67.11,51.99,1,car,1
182,1,794.94,292.28,82.47,87.91,1,car,1
182,2,316.68,387.45,152.12,110.01,1,car,1
182,3,752.65,193.28,111.84,98.14,1,car,1
182,4,744.41,296.77,158.73,125.2,1,car,1
182,5,758.19,360.48,146.68,112.52,1,car,1
182,6,730.12,356.7,123.72,113.6,1,car,1
182,7,856.13,415.39,67.04,51.8,1,car,1
183,1,796.04,292.52,81.77,87.12,1,car,1
183,2,317.01,387.36,151.8,110.18,1,car,1
183,3,757.29,193.79,109.09,98.3,1,car,1
183,4,744.44,296.78,159.48,125.74,1,car,1
183,5,758.18,360.99,145.91,112.01,1,car,1
183,6,729.81,356.11,124.58,114.37,1,car,1
183,7,856.27,415.43,66.97,51.61,1,car,1
184,1,797.14,292.75,81.08,86.34,1,car,1
184,2,317.34,387.26,151.48,110.35,1,car,1
184,4,744.47,296.79,160.23,126.28,1,car,1
184,5,758.16,361.5,145.14,111.5,1,car,1
184,6,729.51,355.52,125.43,115.13,1,car,1
184,7,856.42,415.47,66.9,51.42,1,car,1
185,1,798.23,292.98,80.38,85.55,1,car,1
185,2,317.67,387.17,151.17,110.52,1,car,1
185,4,744.5,296.8,160.98,126.81,1,car,1
185,5,758.15,362.01,144.38,110.99,1,car,1
185,6,729.2,354.92,126.29,115.9,1,car,1
185,7,856.56,415.51,66.83,51.23,1,car,1
186,1,799.33,293.21,79.69,84.76,1,car,1
186,2,318.3,387.39,150.53,110.28,1,car,1
186,4,744.53,296.81,161.73,127.35,1,car,1
186,5,758.14,362.52,143.61,110.48,1,car,1
186,6,728.89,354.33,127.14,116.67,1,car,1
186,7,856.71,415.56,66.76,51.04,1,car,1
187,1,800.43,293.44,78.99,83.98,1,car,1
187,2,318.93,387.62,149.89,110.04,1,car,1
187,4,744.57,296.82,162.48,127.89,1,car,1
187,5,758.12,363.04,142.84,109.97,1,car,1
187,6,728.59,353.74,128.0,117.43,1,car,1
187,7,856.85,415.6,66.69,50.85,1,car,1
188,1,801.53,293.68,78.29,83.19,1,car,1
188,2,319.56,387.84,149.24,109.81,1,car,1
188,4,744.6,296.83,163.23,128.42,1,car,1
188,5,758.11,363.55,142.07,109.45,1,car,1
188,6,728.28,353.15,128.85,118.2,1,car,1
188,7,857.0,415.64,66.62,50.66,1,car,1
189,1,802.62,293.91,77.6,82.4,1,car,1
189,2,320.18,388.06,148.6,109.57,1,car,1
189,4,744.63,296.84,163.98,128.96,1,car,1
189,5,758.1,364.06,141.31,108.94,1,car,1
189,6,727.97,352.56,129.71,118.96,1,car,1
189,7,857.14,415.68,66.55,50.47,1,car,1
190,1,803.72,294.14,76.9,81.62,1,car,1
190,2,320.81,388.29,147.96,109.33,1,car,1
190,4,744.66,296.85,164.73,129.5,1,car,1
190,5,758.08,364.57,140.54,108.43,1,car,1
190,6,727.67,351.96,130.57,119.73,1,car,1
190,7,857.29,415.72,66.48,50.28,1,car,1
191,1,804.82,294.37,76.2,80.83,1,car,1
191,2,321.43,388.4,147.34,109.23,1,car,1
191,4,744.7,296.86,165.48,130.03,1,car,1
191,5,758.07,365.08,139.77,107.92,1,car,1
191,6,727.36,351.37,131.42,120.49,1,car,1
191,7,857.43,415.76,66.41,50.09,1,car,1
192,1,805.91,294.61,75.51,80.04,1,car,1
192,2,322.05,388.51,146.72,109.13,1,car,1
192,4,744.73,296.87,166.23,130.57,1,car,1
192,5,758.06,365.6,139.0,107.41,1,car,1
192,6,727.05,350.78,132.28,121.26,1,car,1
192,7,857.58,415.8,66.34,49.91,1,car,1
193,1,807.01,294.84,74.81,79.26,1,car,1
193,2,322.67,388.63,146.1,109.03,1,car,1
193,4,744.76,296.88,166.98,131.11,1,car,1
193,5,758.04,366.11,138.24,106.9,1,car,1
193,6,726.75,350.19,133.13,122.02,1,car,1
193,7,857.72,415.84,66.27,49.72,1,car,1
194,1,808.11,295.07,74.12,78.47,1,car,1
194,2,323.29,388.74,145.47,108.93,1,car,1
194,4,744.79,296.89,167.73,131.64,1,car,1
194,5,758.03,366.62,137.47,106.38,1,car,1
194,6,726.44,349.59,133.99,122.79,1,car,1
194,7,857.87,415.88,66.19,49.53,1,car,1
195,1,809.21,295.3,73.42,77.68,1,car,1
195,2,323.91,388.86,144.85,108.83,1,car,1
195,4,744.83,296.9,168.48,132.18,1,car,1
195,5,758.02,367.13,136.7,105.87,1,car,1
195,6,726.13,349.0,134.85,123.55,1,car,1
195,7,858.01,415.92,66.12,49.34,1,car,1
196,1,810.3,295.53,72.72,76.89,1,car,1
196,2,325.29,389.11,143.5,108.44,1,car,1
196,4,744.86,296.91,169.23,132.72,1,car,1
196,5,758.0,367.64,135.93,105.36,1,car,1
196,6,725.83,348.41,135.7,124.32,1,car,1
196,7,858.16,415.97,66.05,49.15,1,car,1
197,1,811.4,295.77,72.03,76.11,1,car,1
197,2,326.66,389.36,142.14,108.06,1,car,1
197,4,744.89,296.92,169.98,133.25,1,car,1
197,5,757.99,368.15,135.17,104.85,1,car,1
197,6,725.52,347.82,136.56,125.09,1,car,1
197,7,858.3,416.01,65.98,48.96,1,car,1
198,1,812.5,296.0,71.33,75.32,1,car,1
198,2,328.03,389.62,140.79,107.68,1,car,1
198,4,744.92,296.93,170.72,133.79,1,car,1
198,5,757.98,368.67,134.4,104.34,1,car,1
198,6,723.56,340.51,141.21,133.06,1,car,1
198,7,858.45,416.05,65.91,48.77,1,car,1
199,1,813.59,296.23,70.63,74.53,1,car,1
199,2,329.4,389.87,139.44,107.29,1,car,1
199,4,744.96,296.94,171.47,134.33,1,car,1
199,5,757.97,369.18,133.63,103.83,1,car,1
199,6,721.6,333.2,145.87,141.04,1,car,1
199,7,858.59,416.09,65.84,48.58,1,car,1
200,1,814.69,296.46,69.94,73.75,1,car,1
200,2,330.78,390.12,138.09,106.91,1,car,1
200,4,744.99,296.95,172.22,134.86,1,car,1
200,5,757.95,369.69,132.86,103.32,1,car,1
200,6,719.63,325.9,150.52,149.02,1,car,1
200,7,858.73,416.13,65.77,48.39,1,car,1
201,1,815.79,296.69,69.24,72.96,1,car,1
201,2,330.81,390.19,138.06,106.84,1,car,1
201,4,745.02,296.96,172.97,135.4,1,car,1
201,5,757.94,370.2,132.1,102.8,1,car,1
201,6,717.67,318.59,155.17,157.0,1,car,1
201,7,858.88,416.17,65.7,48.2,1,car,1
202,1,816.89,296.93,68.55,72.17,1,car,1
202,2,330.85,390.26,138.03,106.77,1,car,1
202,4,745.05,296.97,173.72,135.94,1,car,1
202,5,757.93,370.71,131.33,102.29,1,car,1
202,6,715.71,311.28,159.83,164.98,1,car,1
202,7,859.02,416.21,65.63,48.01,1,car,1
203,1,817.98,297.16,67.85,71.39,1,car,1
203,2,330.89,390.33,138.01,106.69,1,car,1
203,4,745.08,296.98,174.47,136.47,1,car,1
203,5,757.91,371.23,130.56,101.78,1,car,1
203,6,713.75,303.97,164.48,172.96,1,car,1
203,7,859.17,416.25,65.56,47.82,1,car,1
204,1,819.08,297.39,67.15,70.6,1,car,1
204,2,330.93,390.4,137.98,106.62,1,car,1
204,4,745.12,296.99,175.22,137.01,1,car,1
204,5,757.9,371.74,129.79,101.27,1,car,1
204,6,711.79,296.67,169.14,180.94,1,car,1
204,7,859.31,416.29,65.49,47.63,1,car,1
205,1,820.18,297.62,66.46,69.81,1,car,1
205,2,330.97,390.47,137.95,106.55,1,car,1
205,4,745.15,297.0,175.97,137.55,1,car,1
205,5,757.89,372.25,129.03,100.76,1,car,1
205,6,711.13,300.93,164.82,175.73,1,car,1
205,7,859.46,416.33,65.42,47.44,1,car,1
206,1,821.28,297.86,65.76,69.03,1,car,1
206,2,330.84,390.52,137.92,106.4,1,car,1
206,4,745.18,297.01,176.72,138.08,1,car,1
206,5,757.87,372.76,128.26,100.25,1,car,1
206,6,710.47,305.2,160.51,170.52,1,car,1
206,7,859.6,416.38,65.35,47.25,1,car,1
207,1,822.37,298.09,65.07,68.24,1,car,1
207,2,330.71,390.56,137.89,106.24,1,car,1
207,4,745.21,297.02,177.47,138.62,1,car,1
207,5,757.86,373.27,127.49,99.73,1,car,1
207,6,709.8,309.47,156.2,165.31,1,car,1
207,7,859.75,416.42,65.28,47.06,1,car,1
208,1,823.47,298.32,64.37,67.45,1,car,1
208,2,330.58,390.6,137.86,106.09,1,car,1
208,4,745.25,297.03,178.22,139.16,1,car,1
208,5,757.85,373.78,126.72,99.22,1,car,1
208,6,709.14,313.74,151.89,160.11,1,car,1
208,7,859.89,416.46,65.21,46.87,1,car,1
209,1,824.57,298.55,63.67,66.67,1,car,1
209,2,330.45,390.64,137.83,105.93,1,car,1
209,4,742.93,299.74,170.62,133.07,1,car,1
209,5,757.83,374.3,125.96,98.71,1,car,1
209,6,708.48,318.0,147.57,154.9,1,car,1
209,7,860.04,416.5,65.14,46.68,1,car,1
210,1,825.66,298.78,62.98,65.88,1,car,1
210,2,330.32,390.69,137.8,105.78,1,car,1
210,4,740.61,302.44,163.01,126.99,1,car,1
210,5,757.82,374.81,125.19,98.2,1,car,1
210,6,707.82,322.27,143.26,149.69,1,car,1
210,7,860.18,416.54,65.07,46.49,1,car,1
211,1,826.76,299.02,62.28,65.09,1,car,1
211,2,330.56,390.79,137.66,105.74,1,car,1
211,4,738.29,305.15,155.41,120.91,1,car,1
211,5,757.81,375.32,124.42,97.69,1,car,1
211,6,707.16,326.54,138.95,144.48,1,car,1
211,7,860.33,416.58,65.0,46.3,1,car,1
212,1,827.86,299.25,61.58,64.31,1,car,1
212,2,330.8,390.9,137.52,105.7,1,car,1
212,4,735.97,307.85,147.81,114.82,1,car,1
212,5,757.79,375.83,123.65,97.18,1,car,1
212,6,706.5,330.8,134.63,139.28,1,car,1
212,7,860.47,416.62,64.93,46.11,1,car,1
213,1,828.96,299.48,60.89,63.52,1,car,1
213,2,331.04,391.01,137.38,105.65,1,car,1
213,4,733.64,310.56,140.2,108.74,1,car,1
213,5,757.78,376.34,122.89,96.66,1,car,1
213,6,705.84,335.07,130.32,134.07,1,car,1
213,7,860.62,416.66,64.86,45.92,1,car,1
214,1,830.05,299.71,60.19,62.73,1,car,1
214,2,331.27,391.11,137.24,105.61,1,car,1
214,4,731.32,313.26,132.6,102.66,1,car,1
214,5,757.77,376.86,122.12,96.15,1,car,1
214,6,705.18,339.34,126.01,128.86,1,car,1
214,7,860.76,416.7,64.79,45.73,1,car,1
215,1,831.15,299.95,59.5,61.95,1,car,1
215,2,331.51,391.22,137.1,105.57,1,car,1
215,4,729.0,315.97,125.0,96.58,1,car,1
215,5,757.75,377.37,121.35,95.64,1,car,1
215,6,704.52,343.61,121.69,123.65,1,car,1
215,7,860.91,416.74,64.72,45.54,1,car,1
216,1,832.25,300.18,58.8,61.16,1,car,1
216,2,331.36,391.08,137.23,105.71,1,car,1
216,4,726.68,318.67,117.39,90.49,1,car,1
216,5,757.74,377.88,120.58,95.13,1,car,1
216,6,703.86,347.87,117.38,118.44,1,car,1
216,7,861.05,416.78,64.64,45.35,1,car,1
217,1,833.34,300.41,58.1,60.37,1,car,1
217,2,331.2,390.95,137.36,105.85,1,car,1
217,4,724.36,321.38,109.79,84.41,1,car,1
217,5,757.73,378.39,119.82,94.62,1,car,1
217,6,703.2,352.14,113.07,113.24,1,car,1
217,7,861.2,416.83,64.57,45.16,1,car,1
217,8,877.84,217.0,105.78,105.64,1,car,1
218,1,834.44,300.64,57.41,59.59,1,car,1
218,2,331.04,390.81,137.49,106.0,1,car,1
218,4,722.04,324.08,102.18,78.33,1,car,1
218,5,757.71,378.9,119.05,94.11,1,car,1
218,6,702.54,356.41,108.76,108.03,1,car,1
218,7,861.34,416.87,64.5,44.97,1,car,1
218,8,881.51,219.88,107.25,105.12,1,car,1
219,1,835.54,300.87,56.71,58.8,1,car,1
219,2,330.88,390.68,137.62,106.14,1,car,1
219,4,719.72,326.79,94.58,72.24,1,car,1
219,5,757.7,379.41,118.28,93.59,1,car,1
219,6,701.88,360.68,104.44,102.82,1,car,1
219,7,861.49,416.91,64.43,44.78,1,car,1
219,8,885.17,222.76,108.73,104.61,1,car,1
220,1,836.64,301.11,56.02,58.01,1,car,1
220,2,330.73,390.54,137.75,106.28,1,car,1
220,4,717.4,329.49,86.98,66.16,1,car,1
220,5,757.69,379.93,117.51,93.08,1,car,1
220,6,701.22,364.94,100.13,97.61,1,car,1
220,7,861.63,416.95,64.36,44.59,1,car,1
220,8,888.83,225.64,110.2,104.09,1,car,1
221,1,837.73,301.34,55.32,57.23,1,car,1
221,2,330.83,390.54,137.67,106.24,1,car,1
221,4,717.59,329.47,87.29,66.12,1,car,1
221,5,757.67,380.44,116.75,92.57,1,car,1
221,6,700.56,369.21,95.82,92.41,1,car,1
221,7,861.78,416.99,64.29,44.4,1,car,1
221,8,892.49,228.51,111.67,103.58,1,car,1
222,1,838.83,301.57,54.62,56.44,1,car,1
222,2,330.92,390.54,137.58,106.2,1,car,1
222,4,717.79,329.44,87.6,66.09,1,car,1
222,5,757.66,380.95,115.98,92.06,1,car,1
222,6,699.9,373.48,91.5,87.2,1,car,1
222,7,861.92,417.03,64.22,44.21,1,car,1
222,8,896.15,231.39,113.14,103.06,1,car,1
223,1,839.93,301.8,53.93,55.65,1,car,1
223,2,331.02,390.54,137.5,106.15,1,car,1
223,4,717.98,329.42,87.91,66.05,1,car,1
223,5,757.65,381.46,115.21,91.55,1,car,1
223,6,699.24,377.75,87.19,81.99,1,car,1
223,7,862.07,417.07,64.15,44.02,1,car,1
223,8,899.81,234.27,114.61,102.55,1,car,1
224,1,841.02,302.03,53.23,54.87,1,car,1
224,2,331.12,390.54,137.41,106.11,1,car,1
224,4,718.17,329.39,88.22,66.01,1,car,1
224,5,757.63,381.97,114.44,91.04,1,car,1
224,6,698.58,382.01,82.88,76.78,1,car,1
224,7,862.21,417.11,64.08,43.83,1,car,1
224,8,903.47,237.15,116.09,102.03,1,car,1
225,2,331.22,390.54,137.33,106.07,1,car,1
225,4,718.36,329.36,88.53,65.97,1,car,1
225,5,757.62,382.48,113.68,90.53,1,car,1
225,6,697.92,386.28,78.56,71.58,1,car,1
225,7,862.36,417.15,64.01,43.64,1,car,1
225,8,907.13,240.03,117.56,101.52,1,car,1
226,2,331.35,390.55,137.17,106.03,1,car,1
226,4,718.55,329.34,88.84,65.93,1,car,1
226,5,757.61,383.0,112.91,90.01,1,car,1
226,6,697.26,390.55,74.25,66.37,1,car,1
226,7,862.5,417.19,63.94,43.45,1,car,1
226,8,910.8,242.91,119.03,101.0,1,car,1
227,2,331.49,390.56,137.01,106.0,1,car,1
227,4,718.74,329.31,89.15,65.9,1,car,1
227,5,757.59,383.51,112.14,89.5,1,car,1
227,7,862.65,417.24,63.87,43.26,1,car,1
227,8,914.46,245.79,120.5,100.49,1,car,1
227,9,239.23,397.61,119.01,101.39,1,car,1
228,2,331.62,390.58,136.85,105.96,1,car,1
228,4,718.94,329.29,89.46,65.86,1,car,1
228,5,757.58,384.02,111.37,88.99,1,car,1
228,7,862.79,417.28,63.8,43.07,1,car,1
228,8,918.12,248.67,121.97,99.97,1,car,1
228,9,239.19,397.42,119.27,101.58,1,car,1
229,2,331.76,390.59,136.69,105.93,1,car,1
229,4,719.13,329.26,89.77,65.82,1,car,1
229,5,757.57,384.53,110.61,88.48,1,car,1
229,7,862.94,417.32,63.73,42.88,1,car,1
229,8,921.78,251.55,123.45,99.46,1,car,1
229,9,239.16,397.23,119.52,101.78,1,car,1
230,2,331.9,390.6,136.53,105.89,1,car,1
230,4,719.32,329.24,90.08,65.78,1,car,1
230,5,757.55,385.04,109.84,87.97,1,car,1
230,7,863.08,417.36,63.66,42.69,1,car,1
230,8,925.44,254.43,124.92,98.94,1,car,1
230,9,239.13,397.03,119.77,101.97,1,car,1
231,2,331.72,390.71,136.55,105.79,1,car,1
231,4,719.51,329.21,90.39,65.74,1,car,1
231,5,757.54,385.56,109.07,87.46,1,car,1
231,7,866.01,416.15,62.77,43.41,1,car,1
231,8,929.1,257.31,126.39,98.43,1,car,1
231,9,239.09,396.84,120.03,102.16,1,car,1
232,2,331.55,390.81,136.57,105.68,1,car,1
232,4,719.7,329.18,90.7,65.71,1,car,1
232,5,757.53,386.07,108.3,86.94,1,car,1
232,7,868.93,414.94,61.89,44.13,1,car,1
232,8,932.76,260.19,127.86,97.91,1,car,1
232,9,239.06,396.65,120.28,102.35,1,car,1
233,2,331.38,390.92,136.59,105.57,1,car,1
233,4,722.78,329.53,88.65,65.37,1,car,1
233,5,757.51,386.58,107.54,86.43,1,car,1
233,8,936.42,263.06,129.33,97.4,1,car,1
233,9,239.02,396.46,120.53,102.55,1,car,1
234,2,331.2,391.03,136.61,105.46,1,car,1
234,4,725.85,329.87,86.59,65.04,1,car,1
234,5,757.5,387.09,106.77,85.92,1,car,1
234,8,940.09,265.94,130.81,96.88,1,car,1
234,9,238.99,396.26,120.79,102.74,1,car,1
235,2,331.03,391.13,136.63,105.35,1,car,1
235,4,728.92,330.21,84.53,64.7,1,car,1
235,5,757.49,387.6,106.0,85.41,1,car,1
235,8,943.75,268.82,132.28,96.37,1,car,1
235,9,238.96,396.07,121.04,102.93,1,car,1
236,2,331.04,391.11,136.73,105.41,1,car,1
236,4,732.0,330.55,82.48,64.37,1,car,1
236,5,757.47,388.11,105.23,84.9,1,car,1
236,8,947.41,271.7,133.75,95.85,1,car,1
236,9,238.92,395.88,121.29,103.13,1,car,1
237,2,331.04,391.08,136.84,105.46,1,car,1
237,4,735.07,330.89,80.42,64.03,1,car,1
237,5,757.46,388.63,104.47,84.39,1,car,1
237,8,951.07,274.58,135.22,95.34,1,car,1
237,9,238.89,395.68,121.54,103.32,1,car,1
238,2,331.05,391.06,136.95,105.52,1,car,1
238,4,738.14,331.23,78.37,63.7,1,car,1
238,5,757.45,389.14,103.7,83.87,1,car,1
238,8,954.73,277.46,136.69,94.82,1,car,1
238,9,238.85,395.49,121.8,103.51,1,car,1
239,2,331.05,391.03,137.06,105.58,1,car,1
239,4,740.51,331.48,77.57,63.71,1,car,1
239,5,757.44,389.65,102.93,83.36,1,car,1
239,8,958.39,280.34,138.17,94.31,1,car,1
239,9,238.82,395.3,122.05,103.7,1,car,1
240,2,331.06,391.01,137.17,105.63,1,car,1
240,4,742.88,331.72,76.78,63.71,1,car,1
240,5,757.42,390.16,102.16,82.85,1,car,1
240,8,955.45,278.48,139.18,95.06,1,car,1
240,9,238.79,395.1,122.3,103.9,1,car,1
241,2,330.61,390.93,137.52,105.63,1,car,1
241,4,745.25,331.96,75.98,63.72,1,car,1
241,5,757.41,390.67,101.4,82.34,1,car,1
241,8,952.5,276.62,140.19,95.82,1,car,1
241,9,238.75,394.91,122.56,104.09,1,car,1
242,2,330.16,390.86,137.87,105.63,1,car,1
242,4,747.62,332.21,75.19,63.73,1,car,1
242,5,757.4,391.19,100.63,81.83,1,car,1
242,8,949.56,274.76,141.2,96.57,1,car,1
242,9,238.72,394.72,122.81,104.28,1,car,1
243,2,329.71,390.79,138.23,105.63,1,car,1
243,4,750.0,332.45,74.39,63.74,1,car,1
243,5,757.38,391.7,99.86,81.32,1,car,1
243,8,946.61,272.9,142.21,97.33,1,car,1
243,9,238.68,394.53,123.06,104.47,1,car,1
244,2,329.26,390.72,138.58,105.63,1,car,1
244,4,750.18,332.36,74.77,63.6,1,car,1
244,5,757.37,392.21,99.1,80.81,1,car,1
244,8,943.67,271.03,143.23,98.09,1,car,1
244,9,238.65,394.33,123.32,104.67,1,car,1
245,2,328.81,390.65,138.94,105.63,1,car,1
245,4,750.36,332.27,75.16,63.46,1,car,1
245,5,757.36,392.72,98.33,80.29,1,car,1
245,8,940.72,269.17,144.24,98.84,1,car,1
245,9,238.62,394.14,123.57,104.86,1,car,1
246,2,329.02,390.65,138.79,105.64,1,car,1
246,4,750.54,332.17,75.54,63.33,1,car,1
246,5,757.34,393.23,97.56,79.78,1,car,1
246,8,937.78,267.31,145.25,99.6,1,car,1
246,9,238.58,393.95,123.82,105.05,1,car,1
247,2,329.23,390.64,138.65,105.65,1,car,1
247,4,750.72,332.08,75.92,63.19,1,car,1
247,5,757.33,393.74,96.79,79.27,1,car,1
247,8,934.83,265.45,146.26,100.35,1,car,1
247,9,238.55,393.75,124.07,105.24,1,car,1
248,2,329.45,390.64,138.51,105.67,1,car,1
248,4,750.9,331.99,76.3,63.06,1,car,1
248,5,757.32,394.26,96.03,78.76,1,car,1
248,8,931.89,263.59,147.27,101.11,1,car,1
248,9,238.51,393.56,124.33,105.44,1,car,1
249,2,329.66,390.63,138.37,105.68,1,car,1
249,4,750.8,331.94,76.28,63.27,1,car,1
249,5,757.3,394.77,95.26,78.25,1,car,1
249,8,928.94,261.73,148.28,101.86,1,car,1
249,9,238.48,393.37,124.58,105.63,1,car,1
250,2,329.87,390.63,138.22,105.69,1,car,1
250,4,750.7,331.9,76.25,63.48,1,car,1
250,5,757.29,395.28,94.49,77.74,1,car,1
250,8,926.0,259.87,149.3,102.62,1,car,1
250,9,238.45,393.17,124.83,105.82,1,car,1
251,2,330.28,390.73,137.55,105.49,1,car,1
251,4,750.61,331.86,76.23,63.69,1,car,1
251,5,757.28,395.79,93.72,77.22,1,car,1
251,8,923.05,258.01,150.31,103.37,1,car,1
251,9,238.41,392.98,125.09,106.01,1,car,1
252,2,330.68,390.84,136.88,105.3,1,car,1
252,4,750.51,331.81,76.2,63.9,1,car,1
252,5,757.26,396.3,92.96,76.71,1,car,1
252,8,920.11,256.15,151.32,104.13,1,car,1
252,9,238.38,392.79,125.34,106.21,1,car,1
253,2,331.09,390.94,136.2,105.1,1,car,1
253,4,750.41,331.77,76.18,64.11,1,car,1
253,5,757.25,396.82,92.19,76.2,1,car,1
253,8,917.16,254.29,152.33,104.89,1,car,1
253,9,238.34,392.6,125.59,106.4,1,car,1
254,2,331.5,391.05,135.53,104.91,1,car,1
254,4,750.56,331.8,76.04,64.11,1,car,1
254,5,757.24,397.33,91.42,75.69,1,car,1
254,8,914.22,252.43,153.34,105.64,1,car,1
254,9,238.31,392.4,125.85,106.59,1,car,1
255,2,331.9,391.15,134.86,104.72,1,car,1
255,4,750.72,331.84,75.9,64.1,1,car,1
255,5,757.22,397.84,90.65,75.18,1,car,1
255,8,911.27,250.56,154.35,106.4,1,car,1
255,9,238.28,392.21,126.1,106.78,1,car,1
256,2,332.09,391.19,134.29,104.61,1,car,1
256,4,750.87,331.88,75.77,64.1,1,car,1
256,5,757.21,398.35,89.89,74.67,1,car,1
256,8,908.33,248.7,155.37,107.15,1,car,1
256,9,238.24,392.02,126.35,106.98,1,car,1
257,2,332.27,391.23,133.72,104.49,1,car,1
257,4,751.02,331.91,75.63,64.1,1,car,1
257,5,757.2,398.86,89.12,74.15,1,car,1
257,8,905.38,246.84,156.38,107.91,1,car,1
257,9,238.21,391.82,126.6,107.17,1,car,1
258,2,332.45,391.27,133.15,104.38,1,car,1
258,4,751.17,331.95,75.49,64.1,1,car,1
258,5,757.18,399.37,88.35,73.64,1,car,1
258,8,902.44,244.98,157.39,108.66,1,car,1
258,9,238.17,391.63,126.86,107.36,1,car,1
259,2,332.63,391.31,132.58,104.27,1,car,1
259,4,751.52,332.04,75.68,63.74,1,car,1
259,5,757.17,399.89,87.58,73.13,1,car,1
259,8,899.49,243.12,158.4,109.42,1,car,1
259,9,238.14,391.44,127.11,107.55,1,car,1
260,2,332.81,391.35,132.01,104.16,1,car,1
260,4,751.86,332.13,75.87,63.37,1,car,1
260,5,757.16,400.4,86.82,72.62,1,car,1
260,8,896.55,241.26,159.41,110.17,1,car,1
260,9,238.11,391.24,127.36,107.75,1,car,1
261,2,332.7,391.4,132.33,104.12,1,car,1
261,4,752.2,332.21,76.06,63.01,1,car,1
261,5,757.14,400.91,86.05,72.11,1,car,1
261,8,893.6,239.4,160.43,110.93,1,car,1
261,9,238.07,391.05,127.62,107.94,1,car,1
262,2,332.58,391.45,132.64,104.08,1,car,1
262,4,752.55,332.3,76.25,62.64,1,car,1
262,5,757.13,401.42,85.28,71.6,1,car,1
262,8,890.66,237.54,161.44,111.69,1,car,1
262,9,238.04,390.86,127.87,108.13,1,car,1
263,2,332.46,391.5,132.96,104.04,1,car,1
263,4,752.89,332.39,76.45,62.28,1,car,1
263,5,757.12,401.93,84.51,71.09,1,car,1
263,8,887.71,235.68,162.45,112.44,1,car,1
263,9,238.0,390.67,128.12,108.33,1,car,1
264,2,332.34,391.55,133.28,103.99,1,car,1
264,4,748.08,332.48,81.37,62.82,1,car,1
264,5,757.1,402.45,83.75,70.57,1,car,1
264,8,884.77,233.82,163.46,113.2,1,car,1
264,9,237.97,390.47,128.38,108.52,1,car,1
265,2,332.22,391.6,133.6,103.95,1,car,1
265,4,743.27,332.56,86.3,63.36,1,car,1
265,5,757.09,402.96,82.98,70.06,1,car,1
265,8,881.83,231.95,164.47,113.95,1,car,1
265,9,237.94,390.28,128.63,108.71,1,car,1
266,2,331.92,391.5,134.18,104.09,1,car,1
266,4,738.46,332.64,91.23,63.9,1,car,1
266,5,757.08,403.47,82.21,69.55,1,car,1
266,8,878.88,230.09,165.48,114.71,1,car,1
266,9,237.9,390.09,128.88,108.9,1,car,1
267,2,331.62,391.4,134.77,104.23,1,car,1
267,4,733.65,332.73,96.16,64.45,1,car,1
267,5,757.06,403.98,81.44,69.04,1,car,1
267,8,876.31,230.52,155.8,113.55,1,car,1
267,9,237.87,389.89,129.14,109.1,1,car,1
268,2,331.32,391.3,135.35,104.37,1,car,1
268,4,728.84,332.81,101.08,64.99,1,car,1
268,5,757.05,404.49,80.68,68.53,1,car,1
268,8,873.73,230.95,146.12,112.39,1,car,1
268,9,237.83,389.7,129.39,109.29,1,car,1
269,2,331.02,391.2,135.94,104.51,1,car,1
269,4,724.03,332.9,106.01,65.53,1,car,1
269,5,757.04,405.0,79.91,68.02,1,car,1
269,8,871.16,231.38,136.44,111.23,1,car,1
269,9,242.25,389.76,129.8,109.1,1,car,1
270,2,330.72,391.09,136.53,104.66,1,car,1
270,4,719.22,332.98,110.94,66.07,1,car,1
270,5,757.02,405.52,79.14,67.5,1,car,1
270,8,868.58,231.8,126.75,110.07,1,car,1
270,9,246.67,389.82,130.21,108.9,1,car,1
271,2,330.99,391.18,136.41,104.66,1,car,1
271,4,714.41,333.06,115.87,66.62,1,car,1
271,5,757.01,406.03,78.37,66.99,1,car,1
271,8,866.01,232.23,117.07,108.91,1,car,1
271,9,251.08,389.88,130.62,108.71,1,car,1
272,2,331.25,391.26,136.3,104.66,1,car,1
272,4,721.24,333.7,107.94,65.91,1,car,1
272,5,757.0,406.54,77.61,66.48,1,car,1
272,8,864.25,232.08,116.37,108.65,1,car,1
272,9,255.5,389.94,131.03,108.52,1,car,1
273,2,331.52,391.34,136.19,104.66,1,car,1
273,4,728.06,334.33,100.02,65.2,1,car,1
273,5,756.98,407.05,76.84,65.97,1,car,1
273,8,862.5,231.93,115.67,108.4,1,car,1
273,9,259.91,390.01,131.44,108.32,1,car,1
274,2,331.79,391.42,136.07,104.66,1,car,1
274,4,734.89,334.96,92.09,64.5,1,car,1
274,5,756.97,407.56,76.07,65.46,1,car,1
274,8,860.74,231.78,114.96,108.14,1,car,1
274,9,264.33,390.07,131.85,108.13,1,car,1
275,2,332.06,391.51,135.96,104.66,1,car,1
275,4,741.71,335.59,84.16,63.79,1,car,1
275,5,756.96,408.07,75.3,64.95,1,car,1
275,8,858.99,231.64,114.26,107.88,1,car,1
275,9,268.75,390.13,132.26,107.94,1,car,1
276,2,331.79,391.46,136.19,104.66,1,car,1
276,4,748.54,336.23,76.24,63.09,1,car,1
276,5,756.94,408.59,74.54,64.43,1,car,1
276,8,857.23,231.49,113.56,107.63,1,car,1
276,9,273.16,390.19,132.67,107.74,1,car,1
277,2,331.52,391.41,136.43,104.66,1,car,1
277,4,747.87,335.8,76.58,63.11,1,car,1
277,5,756.93,409.1,73.77,63.92,1,car,1
277,8,856.77,234.87,110.43,104.08,1,car,1
277,9,277.58,390.25,133.08,107.55,1,car,1
278,2,331.24,391.37,136.66,104.65,1,car,1
278,4,747.2,335.37,76.91,63.13,1,car,1
278,5,756.92,409.61,73.0,63.41,1,car,1
278,8,856.31,238.26,107.3,100.53,1,car,1
278,9,281.99,390.31,133.48,107.36,1,car,1
279,2,330.97,391.32,136.89,104.65,1,car,1
279,4,746.53,334.95,77.25,63.15,1,car,1
279,5,756.9,410.12,72.23,62.9,1,car,1
279,8,855.85,241.65,104.17,96.99,1,car,1
279,9,286.41,390.37,133.89,107.16,1,car,1
280,2,330.7,391.28,137.13,104.65,1,car,1
280,4,745.86,334.52,77.59,63.16,1,car,1
280,5,756.89,410.63,71.47,62.39,1,car,1
280,8,855.39,245.03,101.04,93.44,1,car,1
280,9,290.82,390.43,134.3,106.97,1,car,1
281,2,330.54,391.25,137.22,104.74,1,car,1
281,4,745.18,334.09,77.93,63.18,1,car,1
281,5,756.88,411.15,70.7,61.88,1,car,1
281,8,854.94,248.42,97.91,89.89,1,car,1
281,9,295.24,390.49,134.71,106.78,1,car,1
282,2,330.39,391.22,137.32,104.84,1,car,1
282,4,745.04,334.09,78.31,64.14,1,car,1
282,5,756.87,411.66,69.93,61.36,1,car,1
282,8,852.96,246.43,98.52,89.86,1,car,1
282,9,299.66,390.56,135.12,106.59,1,car,1
283,2,330.24,391.18,137.42,104.93,1,car,1
283,4,744.9,334.1,78.7,65.09,1,car,1
283,5,756.85,412.17,69.16,60.85,1,car,1
283,8,850.98,244.45,99.13,89.82,1,car,1
283,9,304.07,390.62,135.53,106.39,1,car,1
284,2,330.09,391.15,137.51,105.03,1,car,1
284,4,744.76,334.1,79.09,66.05,1,car,1
284,5,756.84,412.68,68.4,60.34,1,car,1
284,8,849.0,242.46,99.74,89.78,1,car,1
284,9,308.49,390.68,135.94,106.2,1,car,1
285,2,329.93,391.12,137.61,105.12,1,car,1
285,4,744.62,334.1,79.48,67.0,1,car,1
285,5,756.83,413.19,67.63,59.83,1,car,1
285,8,847.02,240.47,100.36,89.75,1,car,1
285,9,312.9,390.74,136.35,106.01,1,car,1
286,4,744.48,334.1,79.87,67.96,1,car,1
286,5,756.81,413.7,66.86,59.32,1,car,1
286,8,845.04,238.48,100.97,89.71,1,car,1
286,9,317.32,390.8,136.76,105.81,1,car,1
287,4,737.82,334.42,86.84,69.38,1,car,1
287,5,756.8,414.22,66.09,58.81,1,car,1
287,8,842.87,235.18,104.48,92.42,1,car,1
287,9,321.74,390.86,137.17,105.62,1,car,1
288,4,731.15,334.73,93.82,70.81,1,car,1
288,5,756.79,414.73,65.33,58.3,1,car,1
288,8,840.71,231.87,107.99,95.14,1,car,1
288,9,326.15,390.92,137.58,105.43,1,car,1
289,4,724.48,335.04,100.79,72.23,1,car,1
289,5,756.77,415.24,64.56,57.78,1,car,1
289,8,838.54,228.57,111.51,97.85,1,car,1
289,9,330.57,390.98,137.99,105.23,1,car,1
290,4,717.81,335.36,107.77,73.65,1,car,1
290,5,756.76,415.75,63.79,57.27,1,car,1
290,8,836.37,225.26,115.02,100.56,1,car,1
290,9,330.5,391.07,137.94,105.21,1,car,1
291,4,711.14,335.67,114.74,75.08,1,car,1
291,5,756.59,415.2,64.55,58.41,1,car,1
291,8,834.21,221.96,118.53,103.27,1,car,1
291,9,330.43,391.16,137.88,105.18,1,car,1
292,4,718.56,331.78,116.02,82.7,1,car,1
292,5,756.41,414.66,65.31,59.55,1,car,1
292,8,831.66,221.42,119.33,104.46,1,car,1
292,9,330.37,391.24,137.83,105.16,1,car,1
293,4,725.98,327.9,117.29,90.32,1,car,1
293,5,756.24,414.11,66.06,60.69,1,car,1
293,8,829.11,220.87,120.13,105.65,1,car,1
293,9,330.3,391.33,137.78,105.13,1,car,1
294,4,733.39,324.01,118.57,97.94,1,car,1
294,8,826.56,220.33,120.93,106.84,1,car,1
294,9,330.24,391.41,137.73,105.1,1,car,1
295,4,740.81,320.12,119.85,105.56,1,car,1
295,8,824.02,219.79,121.73,108.02,1,car,1
295,9,330.09,391.29,137.95,105.33,1,car,1
296,4,748.22,316.24,121.12,113.18,1,car,1
296,8,821.47,219.25,122.54,109.21,1,car,1
296,9,329.94,391.16,138.17,105.57,1,car,1
297,4,755.64,312.35,122.4,120.8,1,car,1
297,8,818.92,218.71,123.34,110.4,1,car,1
297,9,329.79,391.03,138.39,105.8,1,car,1
298,4,763.06,308.46,123.68,128.42,1,car,1
298,9,329.64,390.9,138.61,106.03,1,car,1
299,4,770.47,304.58,124.95,136.04,1,car,1
299,9,329.49,390.78,138.83,106.26,1,car,1
300,4,777.89,300.69,126.23,143.66,1,car,1
300,9,329.66,390.69,138.94,106.25,1,car,1
