2,1,723.67,586.00,277.03,267.71,1,-1,-1,-1
2,2,569.05,385.97,199.64,145.65,1,-1,-1,-1
3,1,728.36,650.21,255.92,157.92,1,-1,-1,-1
3,2,569.05,385.68,199.64,146.14,1,-1,-1,-1
4,1,711.02,590.24,303.93,260.81,1,-1,-1,-1
4,2,569.00,386.65,199.72,144.65,1,-1,-1,-1
5,1,718.28,580.45,308.14,256.77,1,-1,-1,-1
5,2,568.90,386.35,199.83,145.33,1,-1,-1,-1
6,1,739.78,570.59,254.87,257.22,1,-1,-1,-1
6,2,568.93,386.03,199.75,145.79,1,-1,-1,-1
7,1,733.30,562.15,297.49,254.02,1,-1,-1,-1
7,2,568.82,386.03,199.89,145.64,1,-1,-1,-1
7,3,5.85,421.91,45.29,168.16,1,-1,-1,-1
8,1,761.96,556.92,273.47,248.33,1,-1,-1,-1
8,2,568.73,386.62,199.37,144.60,1,-1,-1,-1
8,3,1.85,421.16,52.19,171.13,1,-1,-1,-1
9,1,757.89,561.96,268.41,235.69,1,-1,-1,-1
9,2,568.52,386.47,199.38,144.84,1,-1,-1,-1
9,3,2.12,422.99,48.43,165.37,1,-1,-1,-1
10,1,754.13,550.63,297.11,246.47,1,-1,-1,-1
10,2,568.38,385.82,199.46,145.69,1,-1,-1,-1
11,1,761.05,545.18,297.38,248.02,1,-1,-1,-1
11,2,568.76,384.39,199.53,147.63,1,-1,-1,-1
12,1,769.49,540.10,295.15,249.22,1,-1,-1,-1
12,2,568.86,385.96,199.14,145.07,1,-1,-1,-1
12,3,-2.12,471.24,71.19,93.42,1,-1,-1,-1
13,1,776.14,537.77,294.36,246.41,1,-1,-1,-1
13,2,568.96,384.35,199.54,147.66,1,-1,-1,-1
13,3,-1.71,438.14,79.61,138.02,1,-1,-1,-1
14,1,782.84,534.20,290.92,242.47,1,-1,-1,-1
14,2,569.15,384.70,199.54,147.00,1,-1,-1,-1
14,3,-0.50,455.04,83.93,106.09,1,-1,-1,-1
15,1,788.57,533.59,290.23,235.70,1,-1,-1,-1
15,2,569.22,384.98,199.64,146.68,1,-1,-1,-1
15,3,0.37,454.85,87.01,106.34,1,-1,-1,-1
16,1,794.72,526.53,290.74,240.90,1,-1,-1,-1
16,2,569.28,385.37,199.54,146.29,1,-1,-1,-1
16,3,1.02,448.24,88.36,115.41,1,-1,-1,-1
17,1,802.74,522.49,283.73,240.84,1,-1,-1,-1
17,2,569.22,385.23,199.65,146.61,1,-1,-1,-1
17,3,1.33,448.29,88.51,106.85,1,-1,-1,-1
18,1,802.83,519.14,291.77,240.21,1,-1,-1,-1
18,2,569.20,384.72,199.60,147.28,1,-1,-1,-1
18,3,1.70,444.83,86.25,105.35,1,-1,-1,-1
19,1,807.18,513.98,289.26,240.34,1,-1,-1,-1
19,2,569.21,385.80,199.54,145.73,1,-1,-1,-1
19,3,3.29,425.25,75.51,139.23,1,-1,-1,-1
20,1,824.62,511.35,266.65,232.45,1,-1,-1,-1
20,2,569.19,385.90,199.49,145.82,1,-1,-1,-1
21,1,820.00,506.82,278.98,231.94,1,-1,-1,-1
21,2,569.17,385.42,199.50,146.51,1,-1,-1,-1
21,3,-0.29,424.44,80.80,132.05,1,-1,-1,-1
22,1,827.29,503.22,270.88,230.39,1,-1,-1,-1
22,2,569.14,385.87,199.55,145.86,1,-1,-1,-1
22,3,-1.82,434.77,88.69,112.34,1,-1,-1,-1
23,1,827.32,501.67,272.93,226.94,1,-1,-1,-1
23,2,569.18,386.44,199.46,145.17,1,-1,-1,-1
23,3,-2.03,432.01,95.46,118.40,1,-1,-1,-1
24,1,829.37,497.41,270.46,230.61,1,-1,-1,-1
24,2,569.14,384.32,199.48,148.06,1,-1,-1,-1
24,3,0.53,431.81,91.58,118.98,1,-1,-1,-1
25,1,828.73,494.39,271.79,229.31,1,-1,-1,-1
25,2,568.92,386.62,199.21,144.34,1,-1,-1,-1
25,3,-0.79,418.42,98.57,134.38,1,-1,-1,-1
26,1,830.65,493.11,268.17,220.51,1,-1,-1,-1
26,2,568.89,385.32,199.57,146.70,1,-1,-1,-1
26,3,0.43,412.63,97.89,135.99,1,-1,-1,-1
27,1,836.36,489.25,259.96,217.87,1,-1,-1,-1
27,2,569.01,384.78,199.57,147.27,1,-1,-1,-1
27,3,2.07,409.18,91.42,134.01,1,-1,-1,-1
28,1,834.86,483.87,263.09,218.80,1,-1,-1,-1
28,2,569.04,385.90,199.57,145.60,1,-1,-1,-1
28,3,0.38,409.21,94.25,125.76,1,-1,-1,-1
29,1,840.21,480.00,256.18,218.23,1,-1,-1,-1
29,2,569.10,386.68,199.53,144.91,1,-1,-1,-1
29,3,-1.34,407.72,101.49,124.29,1,-1,-1,-1
30,1,840.49,475.56,256.55,220.33,1,-1,-1,-1
30,2,569.10,385.18,199.55,147.10,1,-1,-1,-1
30,3,-0.59,406.18,103.04,129.25,1,-1,-1,-1
31,1,850.85,476.54,243.49,210.78,1,-1,-1,-1
31,2,569.07,386.11,199.54,145.63,1,-1,-1,-1
31,3,-0.17,407.03,104.66,132.79,1,-1,-1,-1
32,1,856.61,473.91,239.56,208.71,1,-1,-1,-1
32,2,569.11,388.63,199.58,142.55,1,-1,-1,-1
32,3,0.50,409.56,104.11,129.86,1,-1,-1,-1
33,1,859.94,471.21,236.68,205.08,1,-1,-1,-1
33,2,569.29,388.51,199.45,143.41,1,-1,-1,-1
33,3,1.43,408.90,100.01,133.96,1,-1,-1,-1
34,1,850.91,468.06,248.49,201.97,1,-1,-1,-1
34,2,569.15,387.71,199.83,144.68,1,-1,-1,-1
34,3,1.30,410.14,96.99,139.16,1,-1,-1,-1
35,1,853.79,463.28,242.24,202.95,1,-1,-1,-1
35,2,569.29,388.06,199.50,144.01,1,-1,-1,-1
35,3,1.84,421.59,89.92,129.23,1,-1,-1,-1
36,1,860.91,460.48,236.50,202.41,1,-1,-1,-1
36,2,569.36,388.75,199.43,143.10,1,-1,-1,-1
36,3,2.27,428.39,80.09,121.43,1,-1,-1,-1
37,1,866.44,458.01,233.12,202.43,1,-1,-1,-1
37,2,569.48,388.73,199.36,143.25,1,-1,-1,-1
37,3,0.50,440.76,77.26,111.68,1,-1,-1,-1
38,1,866.50,456.08,236.38,203.06,1,-1,-1,-1
38,2,569.45,388.36,199.39,143.66,1,-1,-1,-1
38,3,-1.16,452.26,78.30,103.44,1,-1,-1,-1
39,1,869.03,454.97,234.54,202.47,1,-1,-1,-1
39,2,569.37,388.93,199.46,142.79,1,-1,-1,-1
39,3,-2.02,453.81,81.24,108.68,1,-1,-1,-1
40,1,870.43,453.69,233.04,202.70,1,-1,-1,-1
40,2,569.33,389.55,199.52,142.12,1,-1,-1,-1
40,3,-0.68,451.79,78.07,115.27,1,-1,-1,-1
41,1,870.23,452.46,233.24,204.33,1,-1,-1,-1
41,2,569.35,389.75,199.51,142.06,1,-1,-1,-1
42,1,872.79,452.24,228.92,204.50,1,-1,-1,-1
42,2,569.28,389.72,199.62,142.18,1,-1,-1,-1
42,3,2.26,428.72,56.01,152.29,1,-1,-1,-1
43,1,876.92,453.62,223.39,202.82,1,-1,-1,-1
43,2,569.15,389.07,199.80,142.95,1,-1,-1,-1
44,1,877.45,454.04,223.65,202.84,1,-1,-1,-1
44,2,569.12,387.32,199.87,144.90,1,-1,-1,-1
45,1,880.68,454.86,219.75,202.46,1,-1,-1,-1
45,2,569.14,387.10,199.76,144.65,1,-1,-1,-1
45,3,0.92,419.63,31.84,156.63,1,-1,-1,-1
46,1,863.20,455.60,241.80,203.54,1,-1,-1,-1
46,2,569.12,386.75,199.77,144.93,1,-1,-1,-1
46,3,-1.26,409.90,32.24,167.19,1,-1,-1,-1
47,1,858.96,456.48,241.23,203.81,1,-1,-1,-1
47,2,569.04,387.75,199.86,143.51,1,-1,-1,-1
48,1,858.03,457.27,240.16,204.26,1,-1,-1,-1
48,2,569.27,387.41,199.65,144.32,1,-1,-1,-1
49,1,851.91,458.25,246.39,204.37,1,-1,-1,-1
49,2,569.60,387.74,199.25,143.97,1,-1,-1,-1
50,1,864.42,459.25,227.05,203.96,1,-1,-1,-1
50,2,569.69,387.91,199.23,143.89,1,-1,-1,-1
51,1,855.58,459.73,238.43,204.11,1,-1,-1,-1
51,2,569.64,388.39,199.35,143.38,1,-1,-1,-1
52,1,848.04,459.90,246.26,206.08,1,-1,-1,-1
52,2,569.45,387.52,199.57,144.62,1,-1,-1,-1
53,1,842.22,460.62,250.85,207.02,1,-1,-1,-1
53,2,569.46,387.17,199.48,144.86,1,-1,-1,-1
54,1,843.44,461.88,247.03,207.43,1,-1,-1,-1
54,2,569.34,386.45,199.58,145.63,1,-1,-1,-1
55,1,838.97,463.62,251.96,206.75,1,-1,-1,-1
55,2,569.33,386.26,199.57,145.64,1,-1,-1,-1
56,1,836.31,463.79,254.57,209.21,1,-1,-1,-1
56,2,569.26,386.16,199.66,145.65,1,-1,-1,-1
57,1,831.62,466.32,258.44,209.53,1,-1,-1,-1
57,2,569.30,386.37,199.53,145.33,1,-1,-1,-1
58,1,829.68,468.61,258.07,209.74,1,-1,-1,-1
58,2,569.25,386.44,199.60,145.28,1,-1,-1,-1
59,1,829.17,471.52,256.83,207.39,1,-1,-1,-1
59,2,569.25,386.69,199.57,145.00,1,-1,-1,-1
60,1,827.60,471.75,257.91,214.81,1,-1,-1,-1
60,2,569.26,387.56,199.57,144.01,1,-1,-1,-1
61,1,825.08,473.35,261.95,220.28,1,-1,-1,-1
61,2,569.14,387.11,199.70,144.84,1,-1,-1,-1
62,1,826.31,474.88,259.10,221.57,1,-1,-1,-1
62,2,569.16,386.29,199.62,145.82,1,-1,-1,-1
63,1,829.79,477.35,254.52,219.72,1,-1,-1,-1
63,2,569.17,386.77,199.64,144.96,1,-1,-1,-1
64,1,827.24,477.52,259.37,221.06,1,-1,-1,-1
64,2,569.04,387.04,199.86,144.67,1,-1,-1,-1
65,1,828.26,479.69,258.23,218.86,1,-1,-1,-1
65,2,569.19,386.88,199.62,144.96,1,-1,-1,-1
66,1,827.99,481.95,259.48,216.70,1,-1,-1,-1
66,2,569.15,386.29,199.67,145.64,1,-1,-1,-1
67,1,828.19,483.39,259.28,218.35,1,-1,-1,-1
67,2,569.09,386.80,199.78,144.84,1,-1,-1,-1
68,1,825.64,485.03,263.31,220.30,1,-1,-1,-1
68,2,569.13,387.82,199.76,143.66,1,-1,-1,-1
69,1,826.81,487.92,260.85,219.33,1,-1,-1,-1
69,2,569.11,388.45,199.85,143.12,1,-1,-1,-1
70,1,826.69,489.82,260.12,220.07,1,-1,-1,-1
70,2,569.17,388.78,199.74,142.97,1,-1,-1,-1
71,1,815.55,488.28,276.07,234.31,1,-1,-1,-1
71,2,569.14,388.71,199.77,143.19,1,-1,-1,-1
72,1,811.23,493.26,281.74,231.26,1,-1,-1,-1
72,2,569.10,388.19,199.83,143.80,1,-1,-1,-1
73,1,810.56,496.71,277.36,229.24,1,-1,-1,-1
73,2,569.13,388.60,199.78,143.12,1,-1,-1,-1
74,1,809.68,499.64,277.99,227.10,1,-1,-1,-1
74,2,569.17,388.59,199.73,143.18,1,-1,-1,-1
75,1,809.62,500.33,277.99,226.78,1,-1,-1,-1
75,2,569.16,388.58,199.75,143.20,1,-1,-1,-1
76,1,812.14,501.41,274.69,225.19,1,-1,-1,-1
76,2,569.19,388.14,199.66,143.78,1,-1,-1,-1
77,1,813.85,500.92,271.59,222.93,1,-1,-1,-1
77,2,569.14,387.36,199.71,144.66,1,-1,-1,-1
78,1,815.62,498.43,267.87,225.20,1,-1,-1,-1
78,2,569.32,386.71,199.41,145.23,1,-1,-1,-1
79,1,816.24,496.39,265.97,224.93,1,-1,-1,-1
79,2,569.20,386.27,199.65,145.56,1,-1,-1,-1
80,1,816.09,495.28,266.28,218.93,1,-1,-1,-1
80,2,569.24,386.78,199.56,144.80,1,-1,-1,-1
81,1,816.09,491.90,266.05,217.18,1,-1,-1,-1
81,2,569.24,386.77,199.56,144.91,1,-1,-1,-1
82,1,817.90,488.82,262.31,217.54,1,-1,-1,-1
82,2,569.22,386.74,199.61,145.01,1,-1,-1,-1
83,1,820.88,487.84,257.84,213.91,1,-1,-1,-1
83,2,569.10,386.72,199.76,145.11,1,-1,-1,-1
84,1,823.85,483.97,253.98,216.03,1,-1,-1,-1
84,2,569.15,387.11,199.62,144.64,1,-1,-1,-1
85,1,824.71,480.30,254.76,217.45,1,-1,-1,-1
85,2,569.13,386.80,199.63,145.16,1,-1,-1,-1
86,1,826.35,477.43,252.32,218.92,1,-1,-1,-1
86,2,569.13,386.53,199.63,145.48,1,-1,-1,-1
87,1,827.78,475.84,250.99,218.74,1,-1,-1,-1
87,2,569.11,387.54,199.68,144.09,1,-1,-1,-1
88,1,828.51,474.29,249.43,218.64,1,-1,-1,-1
88,2,569.24,388.58,199.48,142.99,1,-1,-1,-1
89,1,828.17,473.93,249.77,218.39,1,-1,-1,-1
89,2,569.24,388.77,199.56,143.10,1,-1,-1,-1
90,1,827.35,473.71,251.23,218.67,1,-1,-1,-1
90,2,569.19,386.82,199.64,145.85,1,-1,-1,-1
91,1,826.34,473.78,252.66,219.26,1,-1,-1,-1
91,2,569.32,388.11,199.48,143.59,1,-1,-1,-1
92,1,825.49,474.20,253.16,219.37,1,-1,-1,-1
92,2,569.15,387.35,199.73,144.73,1,-1,-1,-1
93,1,825.54,474.89,251.93,220.17,1,-1,-1,-1
93,2,569.14,387.67,199.69,144.14,1,-1,-1,-1
94,1,824.73,476.04,252.09,220.13,1,-1,-1,-1
94,2,569.03,386.80,199.72,145.28,1,-1,-1,-1
95,1,824.63,477.89,250.96,219.39,1,-1,-1,-1
95,2,569.18,387.68,199.48,143.92,1,-1,-1,-1
96,1,820.53,481.59,255.33,215.33,1,-1,-1,-1
96,2,569.15,388.70,199.52,142.77,1,-1,-1,-1
97,1,823.02,482.20,249.43,218.28,1,-1,-1,-1
97,2,569.05,388.07,199.60,143.94,1,-1,-1,-1
98,1,818.85,485.53,254.21,216.22,1,-1,-1,-1
98,2,569.10,388.15,199.53,143.76,1,-1,-1,-1
99,1,808.00,487.55,269.98,218.16,1,-1,-1,-1
99,2,569.10,388.58,199.53,143.12,1,-1,-1,-1
100,1,806.25,489.78,266.48,222.37,1,-1,-1,-1
100,2,569.07,388.41,199.66,143.41,1,-1,-1,-1
101,1,803.35,491.66,268.10,229.69,1,-1,-1,-1
101,2,569.09,388.37,199.69,143.42,1,-1,-1,-1
102,1,803.36,495.86,264.08,230.81,1,-1,-1,-1
102,2,569.18,388.32,199.66,143.47,1,-1,-1,-1
103,1,802.65,498.01,263.98,230.78,1,-1,-1,-1
103,2,569.20,388.25,199.68,143.53,1,-1,-1,-1
104,1,799.10,501.44,265.70,229.05,1,-1,-1,-1
104,2,569.26,388.55,199.65,143.13,1,-1,-1,-1
105,1,794.98,505.08,268.99,229.35,1,-1,-1,-1
105,2,569.25,388.60,199.70,143.15,1,-1,-1,-1
106,1,794.29,510.26,268.24,228.35,1,-1,-1,-1
106,2,569.05,390.34,200.01,141.12,1,-1,-1,-1
107,1,790.83,510.88,272.55,233.73,1,-1,-1,-1
107,2,568.84,390.88,200.30,140.91,1,-1,-1,-1
108,1,785.99,513.13,277.87,238.58,1,-1,-1,-1
108,2,568.99,391.03,199.96,140.86,1,-1,-1,-1
109,1,785.53,517.99,276.15,240.38,1,-1,-1,-1
109,2,569.07,390.82,199.83,141.13,1,-1,-1,-1
110,1,780.86,521.27,275.80,239.09,1,-1,-1,-1
110,2,568.94,390.81,200.05,141.06,1,-1,-1,-1
111,1,782.17,524.78,264.09,239.87,1,-1,-1,-1
111,2,569.05,390.94,199.95,140.84,1,-1,-1,-1
112,1,807.06,533.73,231.97,221.72,1,-1,-1,-1
112,2,568.99,390.09,200.07,141.85,1,-1,-1,-1
113,1,772.83,530.23,282.77,242.89,1,-1,-1,-1
113,2,569.04,389.94,200.01,141.80,1,-1,-1,-1
114,1,763.25,535.42,291.42,247.53,1,-1,-1,-1
114,2,568.97,389.36,200.16,142.41,1,-1,-1,-1
115,1,763.63,540.48,280.71,249.94,1,-1,-1,-1
115,2,568.98,389.80,200.03,141.61,1,-1,-1,-1
116,1,774.26,544.78,261.56,247.26,1,-1,-1,-1
116,2,568.93,389.59,200.10,141.99,1,-1,-1,-1
117,1,751.81,562.91,284.33,230.28,1,-1,-1,-1
117,2,568.93,389.35,200.05,142.29,1,-1,-1,-1
118,1,765.38,555.90,260.73,250.36,1,-1,-1,-1
118,2,568.96,390.23,199.99,141.11,1,-1,-1,-1
119,1,741.45,557.24,288.97,252.35,1,-1,-1,-1
119,2,569.02,389.98,199.89,141.64,1,-1,-1,-1
120,1,741.36,558.64,279.43,258.49,1,-1,-1,-1
120,2,568.97,389.72,199.94,141.96,1,-1,-1,-1
121,1,717.94,562.04,303.27,261.64,1,-1,-1,-1
121,2,568.97,389.76,199.92,141.83,1,-1,-1,-1
122,1,707.39,568.19,302.06,258.11,1,-1,-1,-1
122,2,569.02,390.07,199.87,141.41,1,-1,-1,-1
123,1,699.41,571.77,300.84,260.91,1,-1,-1,-1
123,2,569.10,389.95,199.86,141.68,1,-1,-1,-1
124,1,696.66,574.91,294.57,262.16,1,-1,-1,-1
124,2,569.10,389.95,199.92,141.67,1,-1,-1,-1
125,1,739.92,578.74,226.91,260.91,1,-1,-1,-1
125,2,568.88,390.43,199.48,140.71,1,-1,-1,-1
126,1,677.78,606.62,299.94,238.66,1,-1,-1,-1
126,2,568.89,389.95,199.85,141.68,1,-1,-1,-1
127,1,690.46,591.97,267.17,266.81,1,-1,-1,-1
127,2,569.02,389.20,199.85,142.63,1,-1,-1,-1
128,1,713.31,601.95,230.34,215.42,1,-1,-1,-1
128,2,569.11,389.33,199.86,142.30,1,-1,-1,-1
129,1,651.99,581.62,307.20,275.47,1,-1,-1,-1
129,2,569.18,389.57,199.79,141.94,1,-1,-1,-1
130,1,636.81,590.21,298.07,275.07,1,-1,-1,-1
130,2,569.17,389.42,199.84,142.18,1,-1,-1,-1
131,1,614.81,595.80,309.06,278.09,1,-1,-1,-1
131,2,569.36,387.98,199.62,143.95,1,-1,-1,-1
132,1,600.98,601.46,312.89,281.39,1,-1,-1,-1
132,2,569.15,389.40,199.83,141.83,1,-1,-1,-1
133,1,592.02,683.62,242.83,184.50,1,-1,-1,-1
133,2,569.17,389.80,199.93,141.51,1,-1,-1,-1
134,1,624.27,640.68,210.25,216.91,1,-1,-1,-1
134,2,569.24,390.13,199.80,141.33,1,-1,-1,-1
135,1,615.83,619.93,242.74,232.72,1,-1,-1,-1
135,2,569.27,390.05,199.78,141.53,1,-1,-1,-1
137,4,7.52,669.77,136.05,183.55,1,-1,-1,-1
137,5,1533.24,488.93,161.32,204.90,1,-1,-1,-1
137,6,1466.63,580.58,115.79,95.51,1,-1,-1,-1
137,7,1640.41,120.42,97.61,79.00,1,-1,-1,-1
137,8,303.09,119.81,94.84,77.50,1,-1,-1,-1
137,9,393.80,373.37,78.14,105.33,1,-1,-1,-1
137,10,183.19,121.32,92.10,69.22,1,-1,-1,-1
138,4,4.60,666.72,139.20,185.79,1,-1,-1,-1
138,5,1533.14,488.83,161.44,205.01,1,-1,-1,-1
138,6,1466.77,580.39,115.96,95.93,1,-1,-1,-1
138,7,1640.65,120.45,97.27,78.80,1,-1,-1,-1
138,8,303.06,119.85,94.87,77.39,1,-1,-1,-1
138,9,392.51,374.03,78.59,104.16,1,-1,-1,-1
138,10,183.17,121.36,92.12,69.14,1,-1,-1,-1
139,4,-5.72,653.87,166.84,186.48,1,-1,-1,-1
139,5,1487.90,488.83,225.50,204.85,1,-1,-1,-1
139,7,1640.89,119.96,97.02,80.14,1,-1,-1,-1
139,8,302.99,119.45,95.13,78.67,1,-1,-1,-1
139,9,372.86,372.24,108.40,107.26,1,-1,-1,-1
139,10,183.25,121.37,92.02,69.13,1,-1,-1,-1
140,4,-2.14,642.16,166.84,186.46,1,-1,-1,-1
140,5,1475.44,488.73,225.09,204.93,1,-1,-1,-1
140,7,1640.88,120.15,97.15,80.16,1,-1,-1,-1
140,8,303.03,119.66,95.16,78.75,1,-1,-1,-1
140,9,367.97,371.97,110.46,107.27,1,-1,-1,-1
140,10,183.27,121.36,92.07,69.21,1,-1,-1,-1
141,4,1.95,623.12,157.81,218.26,1,-1,-1,-1
141,5,1468.01,488.77,225.26,204.70,1,-1,-1,-1
141,7,1641.20,120.41,96.72,79.54,1,-1,-1,-1
141,8,303.18,119.82,94.70,78.68,1,-1,-1,-1
141,9,360.02,369.99,115.66,109.92,1,-1,-1,-1
141,10,183.24,121.40,92.07,69.04,1,-1,-1,-1
142,4,-2.26,617.26,174.63,211.02,1,-1,-1,-1
142,5,1466.27,488.82,223.61,204.54,1,-1,-1,-1
142,7,1641.15,120.23,96.88,80.21,1,-1,-1,-1
142,8,303.23,119.92,94.43,78.41,1,-1,-1,-1
142,9,342.59,369.46,134.14,108.64,1,-1,-1,-1
142,10,183.26,121.38,92.01,69.07,1,-1,-1,-1
143,4,-3.04,610.92,190.14,209.36,1,-1,-1,-1
143,5,1515.35,488.97,161.47,204.40,1,-1,-1,-1
143,6,1467.96,580.58,111.74,95.54,1,-1,-1,-1
143,7,1640.41,120.27,97.76,80.38,1,-1,-1,-1
143,8,303.14,119.95,94.44,78.10,1,-1,-1,-1
143,9,335.40,369.38,136.13,108.75,1,-1,-1,-1
143,10,183.14,121.34,92.15,69.13,1,-1,-1,-1
144,4,0.60,607.79,190.24,209.51,1,-1,-1,-1
144,5,1526.59,488.98,161.52,204.45,1,-1,-1,-1
144,6,1467.80,580.49,111.96,95.66,1,-1,-1,-1
144,7,1640.27,120.34,97.71,80.28,1,-1,-1,-1
144,8,303.18,119.95,94.31,77.69,1,-1,-1,-1
144,9,332.69,369.47,136.16,108.74,1,-1,-1,-1
144,10,183.10,121.38,92.17,68.98,1,-1,-1,-1
145,4,-5.62,599.90,225.68,225.01,1,-1,-1,-1
145,5,1533.32,489.27,160.78,204.09,1,-1,-1,-1
145,6,1468.25,580.87,109.71,94.93,1,-1,-1,-1
145,7,1640.30,120.37,97.52,80.17,1,-1,-1,-1
145,8,303.08,119.88,94.38,77.48,1,-1,-1,-1
145,9,313.80,365.68,154.86,113.56,1,-1,-1,-1
145,10,183.03,121.32,92.32,69.11,1,-1,-1,-1
146,4,-1.61,603.36,235.18,202.58,1,-1,-1,-1
146,5,1537.45,489.66,159.05,203.68,1,-1,-1,-1
146,6,1467.71,580.84,110.41,95.02,1,-1,-1,-1
146,7,1640.35,120.38,97.43,80.05,1,-1,-1,-1
146,8,302.98,119.83,94.58,77.32,1,-1,-1,-1
146,9,299.67,363.43,164.73,116.20,1,-1,-1,-1
146,10,182.98,121.33,92.43,69.14,1,-1,-1,-1
147,4,2.42,599.60,235.16,202.17,1,-1,-1,-1
147,5,1538.52,489.81,158.83,203.65,1,-1,-1,-1
147,6,1467.80,580.76,109.79,95.12,1,-1,-1,-1
147,7,1640.47,120.34,97.36,80.16,1,-1,-1,-1
147,8,302.89,119.73,94.66,77.58,1,-1,-1,-1
147,9,294.17,362.35,166.32,117.07,1,-1,-1,-1
147,10,182.82,121.29,92.61,69.20,1,-1,-1,-1
148,4,3.34,590.64,239.51,210.57,1,-1,-1,-1
148,5,1537.10,490.05,160.34,203.45,1,-1,-1,-1
148,6,1467.76,580.60,109.53,95.41,1,-1,-1,-1
148,7,1640.97,120.30,96.88,80.32,1,-1,-1,-1
148,8,303.11,119.87,94.31,77.06,1,-1,-1,-1
148,9,294.22,365.34,145.28,112.71,1,-1,-1,-1
148,10,182.83,121.29,92.52,69.24,1,-1,-1,-1
149,4,6.47,592.27,231.87,184.24,1,-1,-1,-1
149,5,1537.27,490.14,158.96,203.47,1,-1,-1,-1
149,6,1467.71,580.61,109.67,95.49,1,-1,-1,-1
149,7,1640.24,120.26,98.00,80.54,1,-1,-1,-1
149,8,303.24,119.86,93.83,76.70,1,-1,-1,-1
149,9,286.14,366.11,144.60,113.50,1,-1,-1,-1
149,10,182.86,121.29,92.37,69.18,1,-1,-1,-1
150,4,5.11,582.18,233.01,197.51,1,-1,-1,-1
150,5,1537.33,490.13,158.11,203.48,1,-1,-1,-1
150,6,1467.75,580.60,109.63,95.55,1,-1,-1,-1
150,7,1639.81,120.27,98.39,80.71,1,-1,-1,-1
150,8,303.13,119.71,93.90,77.03,1,-1,-1,-1
150,9,277.36,367.16,147.85,113.20,1,-1,-1,-1
150,10,182.77,121.27,92.41,69.18,1,-1,-1,-1
151,4,3.41,575.35,237.11,217.80,1,-1,-1,-1
151,5,1536.87,490.12,158.20,203.51,1,-1,-1,-1
151,6,1467.65,580.55,110.01,95.64,1,-1,-1,-1
151,7,1639.92,120.31,98.05,80.77,1,-1,-1,-1
151,8,303.14,119.88,93.92,76.42,1,-1,-1,-1
151,9,269.39,368.79,152.10,111.07,1,-1,-1,-1
151,10,182.71,121.27,92.47,69.20,1,-1,-1,-1
152,4,2.43,578.17,241.12,218.17,1,-1,-1,-1
152,5,1536.50,490.06,158.21,203.56,1,-1,-1,-1
152,6,1467.66,580.53,110.20,95.63,1,-1,-1,-1
152,7,1639.87,120.37,98.13,80.62,1,-1,-1,-1
152,8,303.19,119.87,93.84,76.11,1,-1,-1,-1
152,9,267.10,368.43,152.66,111.87,1,-1,-1,-1
152,10,182.76,121.31,92.31,69.00,1,-1,-1,-1
153,4,4.54,578.26,235.08,214.77,1,-1,-1,-1
153,5,1536.47,489.85,158.02,203.74,1,-1,-1,-1
153,6,1468.02,580.68,108.89,95.31,1,-1,-1,-1
153,7,1639.69,120.30,98.40,80.86,1,-1,-1,-1
153,8,303.04,119.52,94.30,77.43,1,-1,-1,-1
153,9,263.75,369.72,146.63,110.20,1,-1,-1,-1
153,10,182.72,121.29,92.43,69.04,1,-1,-1,-1
154,4,3.47,577.44,236.80,214.77,1,-1,-1,-1
154,5,1535.72,489.80,158.97,203.66,1,-1,-1,-1
154,6,1467.83,580.60,109.17,95.53,1,-1,-1,-1
154,7,1640.63,120.28,97.13,80.92,1,-1,-1,-1
154,8,302.98,119.79,94.48,77.16,1,-1,-1,-1
154,9,260.94,370.04,146.49,110.08,1,-1,-1,-1
154,10,182.85,121.30,92.26,69.00,1,-1,-1,-1
155,4,6.55,578.16,224.21,192.41,1,-1,-1,-1
155,5,1534.48,489.35,160.37,204.09,1,-1,-1,-1
155,6,1467.99,580.63,108.33,95.53,1,-1,-1,-1
155,7,1641.14,120.34,96.66,80.79,1,-1,-1,-1
155,8,303.07,119.85,94.35,77.29,1,-1,-1,-1
155,9,254.50,370.39,146.51,109.92,1,-1,-1,-1
155,10,182.92,121.23,92.16,69.24,1,-1,-1,-1
156,4,4.69,572.33,224.20,192.39,1,-1,-1,-1
156,5,1535.27,489.65,159.01,203.55,1,-1,-1,-1
156,6,1467.88,580.65,108.24,95.52,1,-1,-1,-1
156,7,1641.20,120.31,96.77,80.81,1,-1,-1,-1
156,8,303.08,119.88,94.34,77.36,1,-1,-1,-1
156,9,251.52,370.49,146.50,109.92,1,-1,-1,-1
156,10,182.85,121.26,92.29,69.28,1,-1,-1,-1
157,4,0.07,564.24,232.63,209.64,1,-1,-1,-1
157,5,1484.09,489.46,223.48,203.67,1,-1,-1,-1
157,7,1641.43,120.29,96.56,80.84,1,-1,-1,-1
157,8,303.11,119.94,94.37,77.25,1,-1,-1,-1
157,9,249.69,370.67,143.58,109.52,1,-1,-1,-1
157,10,182.81,121.31,92.40,69.14,1,-1,-1,-1
158,4,-1.20,563.03,236.46,203.93,1,-1,-1,-1
158,5,1525.11,500.92,152.64,148.97,1,-1,-1,-1
158,6,1467.94,580.68,107.11,95.47,1,-1,-1,-1
158,7,1641.27,120.18,96.74,81.21,1,-1,-1,-1
158,8,303.15,120.07,94.56,76.62,1,-1,-1,-1
158,9,242.38,372.45,149.01,107.58,1,-1,-1,-1
158,10,182.76,121.32,92.57,69.05,1,-1,-1,-1
159,4,-0.61,560.64,241.27,194.37,1,-1,-1,-1
159,5,1529.49,491.71,152.56,149.65,1,-1,-1,-1
159,6,1467.80,580.72,107.31,95.58,1,-1,-1,-1
159,7,1640.89,120.22,97.17,81.24,1,-1,-1,-1
159,8,303.22,119.99,94.51,76.42,1,-1,-1,-1
159,9,238.82,373.76,150.26,105.61,1,-1,-1,-1
159,10,182.79,121.32,92.56,68.97,1,-1,-1,-1
160,4,1.20,557.01,241.12,194.45,1,-1,-1,-1
160,5,1532.37,487.60,152.73,149.26,1,-1,-1,-1
160,6,1467.85,580.75,107.06,95.69,1,-1,-1,-1
160,7,1640.48,120.24,97.50,81.17,1,-1,-1,-1
160,8,303.21,119.94,94.42,76.24,1,-1,-1,-1
160,9,237.79,373.96,150.23,105.52,1,-1,-1,-1
160,10,182.82,121.26,92.55,69.08,1,-1,-1,-1
161,4,8.52,556.93,212.90,178.73,1,-1,-1,-1
161,5,1532.68,474.81,159.61,203.59,1,-1,-1,-1
161,6,1467.96,580.85,106.72,95.51,1,-1,-1,-1
161,7,1640.32,120.24,97.55,81.09,1,-1,-1,-1
161,8,303.17,119.92,94.34,76.01,1,-1,-1,-1
161,9,238.16,372.97,149.53,107.40,1,-1,-1,-1
161,10,182.77,121.24,92.70,69.18,1,-1,-1,-1
162,4,6.74,551.25,200.11,178.97,1,-1,-1,-1
162,5,1536.04,495.31,152.99,149.29,1,-1,-1,-1
162,6,1467.85,580.88,107.27,95.60,1,-1,-1,-1
162,7,1640.18,120.23,97.66,81.02,1,-1,-1,-1
162,8,303.13,119.80,94.17,76.23,1,-1,-1,-1
162,9,239.15,372.85,148.64,107.83,1,-1,-1,-1
162,10,182.80,121.26,92.71,69.18,1,-1,-1,-1
163,4,4.84,546.99,216.29,176.02,1,-1,-1,-1
163,5,1534.38,479.95,159.74,203.34,1,-1,-1,-1
163,6,1467.95,580.89,107.07,95.65,1,-1,-1,-1
163,7,1639.91,120.20,97.93,81.09,1,-1,-1,-1
163,8,303.11,119.77,94.10,76.41,1,-1,-1,-1
163,9,242.85,371.84,145.79,110.55,1,-1,-1,-1
163,10,182.82,121.27,92.68,69.18,1,-1,-1,-1
164,4,8.87,539.85,183.17,184.53,1,-1,-1,-1
164,5,1537.11,498.29,150.69,149.02,1,-1,-1,-1
164,6,1468.21,580.85,105.43,95.66,1,-1,-1,-1
164,7,1640.58,120.31,97.06,80.57,1,-1,-1,-1
164,8,303.09,119.98,94.02,75.81,1,-1,-1,-1
164,9,247.35,372.29,142.44,110.57,1,-1,-1,-1
164,10,182.79,121.29,92.65,69.09,1,-1,-1,-1
165,4,-6.34,538.56,221.59,183.15,1,-1,-1,-1
165,5,1535.10,481.75,158.23,202.95,1,-1,-1,-1
165,6,1468.01,580.85,104.81,95.49,1,-1,-1,-1
165,7,1640.45,120.20,97.36,80.72,1,-1,-1,-1
165,8,303.05,120.00,93.99,75.50,1,-1,-1,-1
165,9,250.47,372.42,142.36,110.38,1,-1,-1,-1
165,10,182.75,121.27,92.66,69.11,1,-1,-1,-1
166,4,-0.79,537.90,210.02,179.56,1,-1,-1,-1
166,5,1535.05,487.41,159.47,203.69,1,-1,-1,-1
166,6,1467.72,580.72,104.54,95.83,1,-1,-1,-1
166,7,1640.61,120.17,97.13,80.77,1,-1,-1,-1
166,8,303.09,119.87,93.92,75.74,1,-1,-1,-1
166,9,252.66,373.27,145.04,109.59,1,-1,-1,-1
166,10,182.71,121.36,92.69,68.94,1,-1,-1,-1
167,4,-0.68,537.07,209.97,179.52,1,-1,-1,-1
167,5,1535.24,490.33,159.46,203.76,1,-1,-1,-1
167,6,1467.61,580.72,104.49,95.82,1,-1,-1,-1
167,7,1640.55,120.21,97.24,80.77,1,-1,-1,-1
167,8,303.06,119.86,94.04,75.70,1,-1,-1,-1
167,9,254.40,373.50,145.03,109.58,1,-1,-1,-1
167,10,182.57,121.43,92.90,68.87,1,-1,-1,-1
168,4,1.54,537.68,211.31,166.35,1,-1,-1,-1
168,5,1535.05,491.53,159.59,203.58,1,-1,-1,-1
168,6,1467.18,580.74,106.28,95.53,1,-1,-1,-1
168,7,1639.69,120.21,98.39,80.72,1,-1,-1,-1
168,8,302.91,119.91,94.54,75.45,1,-1,-1,-1
168,9,260.43,371.97,141.62,111.00,1,-1,-1,-1
168,10,182.47,121.49,93.11,68.78,1,-1,-1,-1
169,4,3.99,533.87,209.56,166.86,1,-1,-1,-1
169,5,1536.23,491.92,157.85,203.23,1,-1,-1,-1
169,6,1467.67,580.76,105.59,95.55,1,-1,-1,-1
169,7,1639.13,120.15,98.90,80.91,1,-1,-1,-1
169,8,303.02,119.78,94.46,75.84,1,-1,-1,-1
169,9,262.72,371.55,141.95,110.94,1,-1,-1,-1
169,10,182.48,121.46,93.12,68.86,1,-1,-1,-1
170,4,1.15,525.81,220.25,181.77,1,-1,-1,-1
170,5,1535.83,502.63,154.55,149.91,1,-1,-1,-1
170,6,1467.25,580.88,107.56,95.05,1,-1,-1,-1
170,7,1639.14,120.18,98.67,80.78,1,-1,-1,-1
170,8,302.19,120.82,97.14,72.03,1,-1,-1,-1
170,9,265.09,371.66,141.14,110.26,1,-1,-1,-1
170,10,182.42,121.51,93.32,68.82,1,-1,-1,-1
171,4,5.19,523.27,217.45,179.55,1,-1,-1,-1
171,5,1483.81,482.00,222.40,203.49,1,-1,-1,-1
171,7,1639.23,120.14,98.52,80.84,1,-1,-1,-1
171,8,302.40,120.35,97.25,71.96,1,-1,-1,-1
171,9,266.04,371.00,141.15,111.01,1,-1,-1,-1
171,10,182.46,121.51,93.26,68.87,1,-1,-1,-1
172,4,1.51,519.71,233.06,178.15,1,-1,-1,-1
172,5,1474.66,486.26,221.08,203.47,1,-1,-1,-1
172,7,1639.27,120.19,98.40,80.59,1,-1,-1,-1
172,8,302.36,120.09,97.68,71.98,1,-1,-1,-1
172,9,265.40,371.04,141.45,110.88,1,-1,-1,-1
172,10,182.24,121.46,93.63,69.01,1,-1,-1,-1
173,4,2.79,517.70,235.35,178.20,1,-1,-1,-1
173,5,1469.53,488.83,221.75,203.43,1,-1,-1,-1
173,7,1639.29,120.14,98.37,80.56,1,-1,-1,-1
173,8,302.43,120.03,97.65,71.91,1,-1,-1,-1
173,9,264.77,371.13,141.48,110.83,1,-1,-1,-1
173,10,182.23,121.46,93.59,69.02,1,-1,-1,-1
174,4,4.99,514.61,232.88,176.13,1,-1,-1,-1
174,5,1467.82,490.02,221.95,203.50,1,-1,-1,-1
174,7,1639.71,120.11,97.87,80.67,1,-1,-1,-1
174,8,302.46,119.97,97.64,72.13,1,-1,-1,-1
174,9,258.35,371.81,144.74,110.02,1,-1,-1,-1
174,10,182.22,121.49,93.53,68.90,1,-1,-1,-1
175,4,8.15,512.34,226.82,173.07,1,-1,-1,-1
175,5,1469.70,490.47,219.68,203.50,1,-1,-1,-1
175,7,1639.73,120.10,98.00,80.83,1,-1,-1,-1
175,8,302.44,119.99,97.76,72.28,1,-1,-1,-1
175,9,253.99,372.25,144.07,109.99,1,-1,-1,-1
175,10,182.12,121.46,93.65,69.00,1,-1,-1,-1
176,4,13.87,510.50,224.25,168.78,1,-1,-1,-1
176,5,1467.47,490.53,224.04,203.50,1,-1,-1,-1
176,7,1639.54,120.14,98.29,80.78,1,-1,-1,-1
176,8,302.41,120.11,97.96,72.16,1,-1,-1,-1
176,9,248.11,372.64,145.37,110.31,1,-1,-1,-1
176,10,182.15,121.51,93.62,68.88,1,-1,-1,-1
177,4,16.10,508.41,236.65,163.95,1,-1,-1,-1
177,5,1467.85,490.21,224.07,203.72,1,-1,-1,-1
177,7,1639.82,120.15,97.92,80.76,1,-1,-1,-1
177,8,302.47,120.17,97.88,72.04,1,-1,-1,-1
177,9,240.17,373.85,148.28,109.11,1,-1,-1,-1
177,10,182.13,121.52,93.66,68.80,1,-1,-1,-1
178,4,21.28,506.34,236.09,164.02,1,-1,-1,-1
178,5,1469.57,490.04,222.67,203.72,1,-1,-1,-1
178,7,1639.77,120.17,98.03,80.68,1,-1,-1,-1
178,8,302.52,120.17,97.69,72.06,1,-1,-1,-1
178,9,236.98,374.21,148.31,109.04,1,-1,-1,-1
178,10,182.09,121.50,93.73,68.79,1,-1,-1,-1
179,4,36.12,501.51,224.60,163.24,1,-1,-1,-1
179,5,1471.74,489.88,220.88,203.74,1,-1,-1,-1
179,7,1639.79,120.16,97.97,80.66,1,-1,-1,-1
179,8,303.30,119.21,94.95,75.71,1,-1,-1,-1
179,9,227.86,373.85,148.85,109.99,1,-1,-1,-1
179,10,182.15,121.49,93.60,68.75,1,-1,-1,-1
180,4,36.69,498.25,238.98,162.43,1,-1,-1,-1
180,5,1521.33,500.01,156.73,155.20,1,-1,-1,-1
180,6,1467.71,580.57,107.42,95.49,1,-1,-1,-1
180,7,1639.95,120.18,97.74,80.57,1,-1,-1,-1
180,8,302.29,120.73,97.27,71.84,1,-1,-1,-1
180,9,218.84,372.84,149.62,111.63,1,-1,-1,-1
180,10,182.16,121.45,93.58,68.82,1,-1,-1,-1
181,4,40.06,496.70,239.18,162.46,1,-1,-1,-1
181,5,1531.71,493.26,154.80,149.05,1,-1,-1,-1
181,6,1467.70,580.60,107.21,95.52,1,-1,-1,-1
181,7,1640.16,120.18,97.49,80.49,1,-1,-1,-1
181,8,302.36,120.44,97.37,71.85,1,-1,-1,-1
181,9,214.80,372.75,149.53,111.50,1,-1,-1,-1
181,10,182.18,121.44,93.55,68.86,1,-1,-1,-1
182,4,60.96,491.14,213.88,165.60,1,-1,-1,-1
182,5,1536.57,488.81,152.61,147.10,1,-1,-1,-1
182,6,1467.79,580.67,106.56,95.43,1,-1,-1,-1
182,7,1639.96,120.11,97.87,80.66,1,-1,-1,-1
182,8,303.19,119.40,94.88,75.03,1,-1,-1,-1
182,9,201.84,372.10,152.25,112.26,1,-1,-1,-1
182,10,182.20,121.46,93.55,68.83,1,-1,-1,-1
183,4,66.60,489.88,220.63,160.93,1,-1,-1,-1
183,5,1487.75,474.74,221.31,203.58,1,-1,-1,-1
183,7,1640.16,120.13,97.60,80.63,1,-1,-1,-1
183,8,302.34,120.64,97.15,71.69,1,-1,-1,-1
183,9,190.55,371.59,154.47,113.19,1,-1,-1,-1
183,10,182.24,121.49,93.52,68.76,1,-1,-1,-1
184,4,71.82,485.40,225.00,163.65,1,-1,-1,-1
184,5,1477.54,483.86,222.57,203.43,1,-1,-1,-1
184,7,1640.15,120.10,97.63,80.79,1,-1,-1,-1
184,8,303.27,119.46,94.77,74.97,1,-1,-1,-1
184,9,179.52,372.67,152.08,111.69,1,-1,-1,-1
184,10,182.24,121.48,93.53,68.76,1,-1,-1,-1
185,4,74.92,484.12,224.98,163.71,1,-1,-1,-1
185,5,1472.83,488.82,221.78,203.52,1,-1,-1,-1
185,7,1640.15,120.12,97.63,80.81,1,-1,-1,-1
185,8,303.07,119.75,94.75,74.87,1,-1,-1,-1
185,9,173.80,372.85,152.13,111.71,1,-1,-1,-1
185,10,182.35,121.46,93.21,68.77,1,-1,-1,-1
186,4,94.65,481.75,209.09,158.75,1,-1,-1,-1
186,5,1471.87,491.06,220.18,203.64,1,-1,-1,-1
186,7,1639.92,120.12,97.93,80.83,1,-1,-1,-1
186,8,302.94,120.00,94.76,74.30,1,-1,-1,-1
186,9,159.08,369.41,161.59,116.47,1,-1,-1,-1
186,10,182.27,121.48,93.42,68.68,1,-1,-1,-1
187,4,106.24,482.00,216.87,150.07,1,-1,-1,-1
187,5,1471.48,491.62,220.23,203.80,1,-1,-1,-1
187,7,1639.97,120.12,97.82,80.88,1,-1,-1,-1
187,8,302.92,120.00,94.67,74.07,1,-1,-1,-1
187,9,148.32,370.27,164.81,114.36,1,-1,-1,-1
187,10,182.27,121.49,93.50,68.63,1,-1,-1,-1
188,4,113.58,480.17,217.31,150.06,1,-1,-1,-1
188,5,1472.10,491.44,219.80,203.82,1,-1,-1,-1
188,7,1639.98,120.16,97.79,80.76,1,-1,-1,-1
188,8,303.01,119.93,94.16,73.99,1,-1,-1,-1
188,9,144.37,369.77,164.95,114.93,1,-1,-1,-1
188,10,182.16,121.49,93.64,68.60,1,-1,-1,-1
189,4,128.47,478.79,221.96,148.24,1,-1,-1,-1
189,5,1471.08,490.95,222.07,203.86,1,-1,-1,-1
189,7,1640.14,120.17,97.50,80.63,1,-1,-1,-1
189,8,302.92,119.75,94.29,74.47,1,-1,-1,-1
189,9,134.64,373.84,159.49,111.82,1,-1,-1,-1
189,10,182.16,121.49,93.65,68.58,1,-1,-1,-1
190,4,139.52,477.99,217.96,148.16,1,-1,-1,-1
190,5,1471.81,490.50,221.49,203.73,1,-1,-1,-1
190,7,1640.27,120.13,97.34,80.65,1,-1,-1,-1
190,8,302.95,119.81,94.21,74.38,1,-1,-1,-1
190,9,129.51,374.78,155.96,112.30,1,-1,-1,-1
190,10,182.16,121.49,93.61,68.53,1,-1,-1,-1
191,4,147.04,463.59,217.19,165.10,1,-1,-1,-1
191,5,1473.08,490.17,220.32,203.67,1,-1,-1,-1
191,7,1640.62,120.15,97.01,80.55,1,-1,-1,-1
191,8,302.95,119.78,94.14,74.58,1,-1,-1,-1
191,9,124.75,373.35,146.94,113.73,1,-1,-1,-1
191,10,181.97,121.46,93.85,68.57,1,-1,-1,-1
192,4,160.98,464.90,208.46,155.01,1,-1,-1,-1
192,5,1522.55,501.39,153.75,148.78,1,-1,-1,-1
192,6,1467.54,580.62,104.23,95.31,1,-1,-1,-1
192,7,1640.44,120.20,97.35,80.12,1,-1,-1,-1
192,8,303.00,119.81,94.03,74.60,1,-1,-1,-1
192,9,105.31,366.65,158.25,121.77,1,-1,-1,-1
192,10,182.09,121.49,93.57,68.39,1,-1,-1,-1
193,4,165.74,463.65,208.01,154.82,1,-1,-1,-1
193,5,1531.27,491.05,156.06,153.69,1,-1,-1,-1
193,6,1466.79,579.84,106.16,96.10,1,-1,-1,-1
193,7,1640.66,120.14,97.09,80.07,1,-1,-1,-1
193,8,303.09,119.79,93.92,74.76,1,-1,-1,-1
193,9,97.93,364.41,159.59,122.85,1,-1,-1,-1
193,10,182.11,121.45,93.49,68.44,1,-1,-1,-1
194,4,186.93,456.61,190.40,159.72,1,-1,-1,-1
194,5,1536.61,488.45,153.74,148.91,1,-1,-1,-1
194,6,1467.00,579.85,105.28,95.86,1,-1,-1,-1
194,7,1640.64,120.07,97.21,80.27,1,-1,-1,-1
194,8,302.90,120.17,94.07,73.12,1,-1,-1,-1
194,9,85.12,366.47,156.58,119.20,1,-1,-1,-1
194,10,182.13,121.47,93.46,68.33,1,-1,-1,-1
195,4,190.31,457.15,198.56,153.99,1,-1,-1,-1
195,5,1537.87,486.33,154.22,150.09,1,-1,-1,-1
195,6,1466.90,579.92,105.17,95.70,1,-1,-1,-1
195,7,1640.42,120.18,97.46,79.97,1,-1,-1,-1
195,8,302.85,119.96,94.02,72.90,1,-1,-1,-1
195,9,72.74,374.31,157.36,110.59,1,-1,-1,-1
195,10,182.24,121.48,93.22,68.20,1,-1,-1,-1
196,4,193.19,456.71,198.55,153.51,1,-1,-1,-1
196,5,1537.54,485.94,155.46,151.89,1,-1,-1,-1
196,6,1466.84,579.89,105.16,95.79,1,-1,-1,-1
196,7,1640.25,120.13,97.61,80.09,1,-1,-1,-1
196,8,302.78,119.79,94.11,72.92,1,-1,-1,-1
196,9,67.36,376.50,157.58,110.48,1,-1,-1,-1
196,10,182.22,121.43,93.30,68.28,1,-1,-1,-1
197,4,195.52,454.70,198.43,155.57,1,-1,-1,-1
197,5,1537.28,487.30,154.00,149.83,1,-1,-1,-1
197,6,1466.79,579.85,105.45,95.67,1,-1,-1,-1
197,7,1640.20,120.17,97.64,79.99,1,-1,-1,-1
197,8,302.78,119.67,94.07,73.18,1,-1,-1,-1
197,9,60.90,377.17,156.81,112.75,1,-1,-1,-1
197,10,182.29,121.44,93.20,68.26,1,-1,-1,-1
198,4,195.71,453.14,210.15,153.19,1,-1,-1,-1
198,5,1535.45,486.67,157.85,155.67,1,-1,-1,-1
198,6,1466.93,579.77,105.31,95.66,1,-1,-1,-1
198,7,1640.16,120.15,97.65,80.03,1,-1,-1,-1
198,8,302.99,119.55,93.90,73.94,1,-1,-1,-1
198,9,48.91,378.52,154.34,110.14,1,-1,-1,-1
198,10,182.22,121.42,93.35,68.28,1,-1,-1,-1
199,4,197.97,451.91,210.72,153.13,1,-1,-1,-1
199,5,1536.59,490.14,151.95,146.23,1,-1,-1,-1
199,6,1466.86,579.79,105.83,95.43,1,-1,-1,-1
199,7,1640.09,120.09,97.74,80.31,1,-1,-1,-1
199,8,303.07,119.69,93.92,74.04,1,-1,-1,-1
199,9,42.60,377.83,154.37,110.87,1,-1,-1,-1
199,10,182.24,121.42,93.32,68.30,1,-1,-1,-1
200,4,208.60,452.61,190.76,146.76,1,-1,-1,-1
200,5,1535.11,488.78,152.69,149.15,1,-1,-1,-1
200,6,1466.76,579.63,106.99,95.60,1,-1,-1,-1
200,7,1640.08,120.16,97.75,80.23,1,-1,-1,-1
200,8,302.95,119.45,94.24,75.68,1,-1,-1,-1
200,9,12.96,368.65,174.64,123.67,1,-1,-1,-1
200,10,182.28,121.44,93.27,68.30,1,-1,-1,-1
201,4,206.98,451.27,202.85,144.62,1,-1,-1,-1
201,5,1484.37,477.38,221.15,203.98,1,-1,-1,-1
201,7,1639.23,120.19,98.72,80.14,1,-1,-1,-1
201,8,302.85,119.79,94.42,75.62,1,-1,-1,-1
201,9,3.03,374.25,167.13,114.75,1,-1,-1,-1
201,10,182.28,121.44,93.29,68.34,1,-1,-1,-1
202,4,208.26,450.25,203.50,144.58,1,-1,-1,-1
202,5,1476.37,486.59,219.38,203.98,1,-1,-1,-1
202,7,1639.08,120.19,98.65,80.12,1,-1,-1,-1
202,8,302.83,119.91,94.49,75.74,1,-1,-1,-1
202,9,-2.96,374.85,167.33,114.95,1,-1,-1,-1
202,10,182.28,121.46,93.30,68.34,1,-1,-1,-1
203,4,212.13,448.37,199.32,141.43,1,-1,-1,-1
203,5,1519.35,497.80,159.79,171.85,1,-1,-1,-1
203,6,1467.06,579.32,107.42,96.20,1,-1,-1,-1
203,7,1636.42,120.08,101.92,80.52,1,-1,-1,-1
203,8,302.75,120.06,94.60,75.28,1,-1,-1,-1
203,9,-0.98,377.55,147.08,112.82,1,-1,-1,-1
203,10,182.33,121.43,93.25,68.44,1,-1,-1,-1
204,4,214.55,446.67,199.38,140.47,1,-1,-1,-1
204,5,1527.70,492.62,160.82,178.18,1,-1,-1,-1
204,6,1468.27,580.22,103.15,95.01,1,-1,-1,-1
204,7,1635.77,120.10,102.04,80.60,1,-1,-1,-1
204,8,302.70,119.93,94.58,75.57,1,-1,-1,-1
204,9,-2.50,379.20,137.73,111.76,1,-1,-1,-1
204,10,182.36,121.43,93.19,68.48,1,-1,-1,-1
204,12,1760.61,772.19,162.41,214.44,1,-1,-1,-1
205,4,225.11,446.86,187.96,136.49,1,-1,-1,-1
205,5,1532.84,491.00,160.52,178.33,1,-1,-1,-1
205,6,1467.95,580.38,102.66,94.94,1,-1,-1,-1
205,7,1635.44,120.13,102.07,80.62,1,-1,-1,-1
205,8,302.63,119.89,94.72,75.70,1,-1,-1,-1
205,9,-2.78,379.50,129.10,111.96,1,-1,-1,-1
205,10,182.34,121.44,93.24,68.44,1,-1,-1,-1
205,12,1751.13,786.26,176.73,190.32,1,-1,-1,-1
206,4,227.93,446.35,187.34,136.31,1,-1,-1,-1
206,5,1535.79,491.96,158.89,169.44,1,-1,-1,-1
206,6,1466.77,579.74,105.27,95.92,1,-1,-1,-1
206,7,1635.23,120.16,102.13,80.56,1,-1,-1,-1
206,8,302.65,119.88,94.62,75.70,1,-1,-1,-1
206,9,-4.16,379.46,129.15,112.11,1,-1,-1,-1
206,10,182.37,121.42,93.14,68.47,1,-1,-1,-1
206,12,1747.19,789.28,177.05,190.63,1,-1,-1,-1
207,4,241.62,446.54,172.58,132.11,1,-1,-1,-1
207,5,1487.40,482.65,221.20,204.10,1,-1,-1,-1
207,7,1634.74,120.15,102.69,80.55,1,-1,-1,-1
207,8,302.77,119.77,94.50,76.15,1,-1,-1,-1
207,9,0.75,376.48,107.20,114.31,1,-1,-1,-1
207,10,182.41,121.43,93.00,68.33,1,-1,-1,-1
207,12,1721.86,798.82,205.94,167.40,1,-1,-1,-1
208,4,249.31,445.36,169.20,130.86,1,-1,-1,-1
208,5,1478.51,487.42,219.31,204.14,1,-1,-1,-1
208,7,1631.68,119.58,106.45,83.39,1,-1,-1,-1
208,8,302.86,119.85,94.40,75.99,1,-1,-1,-1
208,9,-0.32,377.61,99.42,110.80,1,-1,-1,-1
208,10,182.36,121.42,93.06,68.27,1,-1,-1,-1
208,12,1710.29,793.73,211.00,188.83,1,-1,-1,-1
208,13,1880.10,946.67,42.05,131.36,1,-1,-1,-1
209,4,251.95,444.56,169.39,130.87,1,-1,-1,-1
209,5,1473.18,489.87,219.66,204.09,1,-1,-1,-1
209,7,1631.01,120.03,106.47,83.50,1,-1,-1,-1
209,8,302.86,119.86,94.46,75.96,1,-1,-1,-1
209,9,-2.35,377.68,99.44,110.33,1,-1,-1,-1
209,10,182.40,121.40,93.00,68.25,1,-1,-1,-1
209,12,1705.86,797.08,210.92,188.80,1,-1,-1,-1
209,13,1879.63,947.14,42.03,131.33,1,-1,-1,-1
210,4,255.36,441.20,177.11,129.63,1,-1,-1,-1
210,5,1476.07,491.48,213.36,203.12,1,-1,-1,-1
210,7,1630.96,120.34,106.21,83.30,1,-1,-1,-1
210,8,302.80,119.72,94.59,76.54,1,-1,-1,-1
210,9,0.22,379.42,85.49,105.88,1,-1,-1,-1
210,10,182.35,121.34,93.06,68.36,1,-1,-1,-1
210,12,1695.65,799.39,222.65,190.20,1,-1,-1,-1
211,4,258.95,439.34,177.05,129.42,1,-1,-1,-1
211,5,1519.60,498.04,158.72,171.01,1,-1,-1,-1
211,6,1467.36,580.19,101.82,95.50,1,-1,-1,-1
211,7,1634.01,120.90,102.34,80.69,1,-1,-1,-1
211,8,302.90,119.82,94.47,76.52,1,-1,-1,-1
211,9,-1.71,379.57,85.65,105.98,1,-1,-1,-1
211,10,182.30,121.34,93.09,68.30,1,-1,-1,-1
211,12,1694.10,800.93,222.55,189.81,1,-1,-1,-1
212,4,268.43,438.12,177.22,125.77,1,-1,-1,-1
212,5,1529.03,490.62,160.47,178.90,1,-1,-1,-1
212,6,1467.07,580.30,102.75,95.61,1,-1,-1,-1
212,7,1634.59,120.40,102.51,80.74,1,-1,-1,-1
212,8,302.97,119.81,94.48,76.71,1,-1,-1,-1
212,9,0.86,383.87,71.40,101.88,1,-1,-1,-1
212,10,182.20,121.33,93.20,68.32,1,-1,-1,-1
212,12,1767.11,768.62,130.24,162.00,1,-1,-1,-1
213,4,279.24,436.16,169.45,125.80,1,-1,-1,-1
213,5,1485.53,483.63,221.39,203.92,1,-1,-1,-1
213,7,1635.00,120.14,102.41,80.75,1,-1,-1,-1
213,8,303.06,119.90,94.41,76.44,1,-1,-1,-1
213,9,-1.04,386.90,70.47,99.63,1,-1,-1,-1
213,10,182.18,121.36,93.22,68.26,1,-1,-1,-1
214,4,288.27,434.09,165.55,125.58,1,-1,-1,-1
214,5,1475.94,487.68,222.97,203.32,1,-1,-1,-1
214,7,1635.42,120.06,102.07,80.62,1,-1,-1,-1
214,8,303.08,119.91,94.34,76.25,1,-1,-1,-1
214,9,-0.43,387.37,63.86,100.17,1,-1,-1,-1
214,10,182.21,121.43,93.20,68.10,1,-1,-1,-1
215,4,296.96,432.05,161.65,123.85,1,-1,-1,-1
215,5,1521.53,495.96,159.07,171.79,1,-1,-1,-1
215,6,1467.24,579.96,103.48,96.06,1,-1,-1,-1
215,7,1631.83,119.41,106.74,83.70,1,-1,-1,-1
215,8,303.16,119.80,94.18,76.49,1,-1,-1,-1
215,9,-1.01,386.09,61.63,103.33,1,-1,-1,-1
215,10,182.20,121.41,93.33,68.16,1,-1,-1,-1
215,14,1668.48,795.16,252.41,251.32,1,-1,-1,-1
216,4,303.42,431.00,161.88,121.67,1,-1,-1,-1
216,5,1529.87,491.04,159.02,173.24,1,-1,-1,-1
216,6,1467.46,580.15,103.60,95.60,1,-1,-1,-1
216,7,1631.34,119.95,106.43,83.70,1,-1,-1,-1
216,8,303.09,119.60,94.31,77.44,1,-1,-1,-1
216,9,-1.18,386.75,60.03,103.95,1,-1,-1,-1
216,10,182.23,121.40,93.50,68.28,1,-1,-1,-1
216,13,1848.94,921.25,71.77,157.99,1,-1,-1,-1
217,4,312.48,428.21,159.66,121.35,1,-1,-1,-1
217,5,1533.87,487.32,160.19,181.29,1,-1,-1,-1
217,6,1466.57,579.09,106.80,97.35,1,-1,-1,-1
217,7,1631.19,120.26,106.18,83.51,1,-1,-1,-1
217,8,303.22,119.78,94.10,77.29,1,-1,-1,-1
217,9,-0.86,385.56,57.74,106.45,1,-1,-1,-1
217,10,182.34,121.43,93.38,68.33,1,-1,-1,-1
217,14,1665.71,814.99,255.61,244.35,1,-1,-1,-1
218,4,321.00,426.02,154.49,120.06,1,-1,-1,-1
218,5,1536.24,489.03,158.95,175.85,1,-1,-1,-1
218,6,1466.96,579.02,106.58,97.18,1,-1,-1,-1
218,7,1630.38,120.26,107.09,83.73,1,-1,-1,-1
218,8,303.18,119.77,94.16,77.62,1,-1,-1,-1
218,9,-0.98,386.17,57.46,104.77,1,-1,-1,-1
218,10,182.36,121.43,93.39,68.36,1,-1,-1,-1
219,4,328.63,424.14,148.77,120.02,1,-1,-1,-1
219,5,1536.53,488.48,159.31,176.78,1,-1,-1,-1
219,6,1467.23,579.21,105.80,96.52,1,-1,-1,-1
219,7,1630.63,120.26,106.57,83.73,1,-1,-1,-1
219,8,303.20,119.94,94.15,77.14,1,-1,-1,-1
219,9,-0.96,385.78,57.81,105.29,1,-1,-1,-1
219,10,182.41,121.39,93.33,68.41,1,-1,-1,-1
220,4,335.09,422.46,143.52,119.64,1,-1,-1,-1
220,5,1535.98,487.61,160.22,181.45,1,-1,-1,-1
220,6,1467.06,579.15,105.95,96.52,1,-1,-1,-1
220,7,1630.97,120.25,106.22,83.67,1,-1,-1,-1
220,8,303.13,119.84,94.17,77.36,1,-1,-1,-1
220,9,-0.62,385.16,57.51,106.42,1,-1,-1,-1
220,10,182.37,121.36,93.32,68.47,1,-1,-1,-1
221,4,341.20,421.10,134.87,120.20,1,-1,-1,-1
221,5,1535.45,487.56,160.92,186.33,1,-1,-1,-1
221,6,1467.01,579.20,105.74,96.39,1,-1,-1,-1
221,7,1631.31,120.24,105.95,83.53,1,-1,-1,-1
221,8,303.00,119.69,94.32,78.08,1,-1,-1,-1
221,9,-0.49,385.07,57.89,106.81,1,-1,-1,-1
221,10,182.35,121.36,93.31,68.49,1,-1,-1,-1
222,4,345.32,420.19,131.62,119.89,1,-1,-1,-1
222,5,1535.09,489.23,160.91,184.78,1,-1,-1,-1
222,6,1467.11,579.16,105.24,96.67,1,-1,-1,-1
222,7,1634.23,120.74,102.44,80.93,1,-1,-1,-1
222,8,302.91,119.58,94.40,79.15,1,-1,-1,-1
222,9,-0.18,385.80,57.54,105.75,1,-1,-1,-1
222,10,182.32,121.37,93.40,68.54,1,-1,-1,-1
222,14,1647.86,865.77,190.10,162.38,1,-1,-1,-1
223,4,347.54,419.04,129.70,118.33,1,-1,-1,-1
223,5,1535.12,491.88,160.07,174.65,1,-1,-1,-1
223,6,1466.79,579.11,105.45,96.87,1,-1,-1,-1
223,7,1634.85,120.23,102.54,81.12,1,-1,-1,-1
223,8,302.89,119.58,94.39,80.22,1,-1,-1,-1
223,9,-0.11,385.64,57.64,105.95,1,-1,-1,-1
223,10,182.37,121.38,93.34,68.58,1,-1,-1,-1
224,4,353.44,417.86,125.02,117.33,1,-1,-1,-1
224,5,1534.90,491.73,158.96,168.38,1,-1,-1,-1
224,6,1467.02,579.17,104.73,96.70,1,-1,-1,-1
224,7,1635.08,120.03,102.63,81.14,1,-1,-1,-1
224,8,302.87,120.00,94.40,79.52,1,-1,-1,-1
224,9,-0.11,385.59,58.03,106.12,1,-1,-1,-1
224,10,182.39,121.39,93.36,68.62,1,-1,-1,-1
225,4,357.32,416.58,125.43,117.13,1,-1,-1,-1
225,5,1490.61,482.41,214.36,203.95,1,-1,-1,-1
225,7,1635.09,119.96,102.74,81.16,1,-1,-1,-1
225,8,302.92,119.92,94.36,79.90,1,-1,-1,-1
225,9,0.06,385.32,57.66,106.96,1,-1,-1,-1
225,10,182.36,121.39,93.38,68.66,1,-1,-1,-1
225,14,1622.42,872.43,271.04,203.03,1,-1,-1,-1
226,4,355.97,416.09,147.57,117.62,1,-1,-1,-1
226,5,1524.62,491.55,160.43,183.83,1,-1,-1,-1
226,6,1466.85,579.37,104.33,96.34,1,-1,-1,-1
226,7,1635.08,120.00,102.76,81.04,1,-1,-1,-1
226,8,302.84,119.91,94.63,80.11,1,-1,-1,-1
226,9,0.11,384.96,57.38,107.60,1,-1,-1,-1
226,10,182.31,121.38,93.52,68.77,1,-1,-1,-1
227,4,367.48,417.06,115.92,113.19,1,-1,-1,-1
227,5,1530.00,492.19,159.47,176.76,1,-1,-1,-1
227,6,1466.75,579.37,104.35,96.31,1,-1,-1,-1
227,7,1635.11,120.01,102.66,81.07,1,-1,-1,-1
227,8,302.92,119.96,94.64,79.97,1,-1,-1,-1
227,9,0.05,384.81,57.37,108.11,1,-1,-1,-1
227,10,182.29,121.40,93.52,68.79,1,-1,-1,-1
227,14,1616.85,892.31,233.88,187.36,1,-1,-1,-1
228,4,371.45,416.40,103.14,111.18,1,-1,-1,-1
228,5,1532.90,489.83,159.91,179.49,1,-1,-1,-1
228,6,1466.74,579.47,104.24,96.14,1,-1,-1,-1
228,7,1635.03,120.04,102.70,81.10,1,-1,-1,-1
228,8,302.98,120.03,94.56,79.42,1,-1,-1,-1
228,9,-0.17,384.14,58.20,109.35,1,-1,-1,-1
228,10,182.41,121.44,93.29,68.68,1,-1,-1,-1
228,14,1599.70,894.96,241.95,187.44,1,-1,-1,-1
229,4,385.18,414.89,85.30,113.32,1,-1,-1,-1
229,5,1533.78,487.59,160.99,187.96,1,-1,-1,-1
229,6,1466.05,579.42,107.41,95.85,1,-1,-1,-1
229,7,1633.77,120.06,104.48,81.33,1,-1,-1,-1
229,8,302.98,119.96,94.92,79.25,1,-1,-1,-1
229,9,-0.00,383.69,57.99,110.88,1,-1,-1,-1
229,10,182.48,121.45,93.31,68.44,1,-1,-1,-1
229,15,1743.24,773.68,171.65,259.57,1,-1,-1,-1
230,4,389.01,415.74,85.66,108.86,1,-1,-1,-1
230,5,1534.13,489.20,160.63,185.48,1,-1,-1,-1
230,6,1466.54,579.22,107.47,95.96,1,-1,-1,-1
230,7,1633.41,120.14,104.57,81.32,1,-1,-1,-1
230,8,303.09,119.91,94.91,79.03,1,-1,-1,-1
230,9,0.02,384.51,58.00,109.76,1,-1,-1,-1
230,10,182.57,121.40,93.19,68.35,1,-1,-1,-1
231,4,391.01,415.10,85.74,108.95,1,-1,-1,-1
231,5,1533.95,489.09,160.93,186.82,1,-1,-1,-1
231,6,1466.80,579.23,107.20,95.83,1,-1,-1,-1
231,7,1633.70,120.19,103.98,81.29,1,-1,-1,-1
231,8,303.16,119.90,94.77,78.65,1,-1,-1,-1
231,9,0.05,384.39,57.92,110.22,1,-1,-1,-1
231,10,182.57,121.37,93.23,68.30,1,-1,-1,-1
232,4,401.50,415.61,73.86,105.67,1,-1,-1,-1
232,5,1534.30,491.24,159.53,178.46,1,-1,-1,-1
232,6,1467.01,579.01,106.92,96.26,1,-1,-1,-1
232,7,1634.66,120.26,102.80,81.04,1,-1,-1,-1
232,8,303.38,119.72,94.35,79.01,1,-1,-1,-1
232,9,-0.09,384.28,58.50,111.81,1,-1,-1,-1
232,10,182.56,121.35,93.18,68.30,1,-1,-1,-1
233,4,411.04,415.01,65.57,104.84,1,-1,-1,-1
233,5,1534.01,489.86,159.93,179.56,1,-1,-1,-1
233,6,1467.13,579.11,106.04,95.94,1,-1,-1,-1
233,7,1635.00,120.18,102.67,81.21,1,-1,-1,-1
233,8,303.26,119.71,94.49,79.20,1,-1,-1,-1
233,9,0.05,384.63,58.23,111.77,1,-1,-1,-1
233,10,182.48,121.30,93.33,68.56,1,-1,-1,-1
233,15,1688.70,824.01,221.76,200.12,1,-1,-1,-1
234,4,415.03,420.25,59.59,94.53,1,-1,-1,-1
234,5,1534.30,490.47,158.78,174.68,1,-1,-1,-1
234,6,1467.26,578.90,104.57,96.19,1,-1,-1,-1
234,7,1635.62,120.24,102.06,80.99,1,-1,-1,-1
234,8,303.25,119.75,94.46,79.30,1,-1,-1,-1
234,9,0.02,384.77,58.30,112.66,1,-1,-1,-1
234,10,182.57,121.35,93.09,68.51,1,-1,-1,-1
234,14,1569.26,912.85,191.54,166.15,1,-1,-1,-1
235,4,413.90,434.07,62.37,75.66,1,-1,-1,-1
235,5,1534.09,489.64,158.99,174.45,1,-1,-1,-1
235,6,1466.89,578.94,104.66,96.09,1,-1,-1,-1
235,7,1635.59,120.22,102.34,80.97,1,-1,-1,-1
235,8,303.26,119.76,94.37,79.44,1,-1,-1,-1
235,9,-0.11,385.51,58.93,111.66,1,-1,-1,-1
235,10,182.59,121.39,93.01,68.43,1,-1,-1,-1
235,14,1554.57,916.70,180.66,159.57,1,-1,-1,-1
235,15,1654.58,833.97,216.50,193.41,1,-1,-1,-1
236,4,416.05,440.11,61.49,72.51,1,-1,-1,-1
236,5,1533.99,489.09,159.15,175.01,1,-1,-1,-1
236,6,1466.86,578.90,104.53,96.13,1,-1,-1,-1
236,7,1635.50,120.21,102.49,80.97,1,-1,-1,-1
236,8,303.27,119.81,94.33,79.41,1,-1,-1,-1
236,9,0.07,384.68,58.55,112.40,1,-1,-1,-1
236,10,182.61,121.39,93.00,68.44,1,-1,-1,-1
236,15,1635.59,838.48,215.06,185.92,1,-1,-1,-1
237,4,416.93,442.65,60.56,71.15,1,-1,-1,-1
237,5,1534.04,489.43,158.95,173.40,1,-1,-1,-1
237,6,1466.74,578.89,104.84,96.09,1,-1,-1,-1
237,7,1635.50,120.21,102.43,80.95,1,-1,-1,-1
237,8,303.26,119.88,94.32,79.16,1,-1,-1,-1
237,9,0.05,384.53,58.56,112.17,1,-1,-1,-1
237,10,182.62,121.40,92.99,68.41,1,-1,-1,-1
237,14,1534.53,921.12,176.78,154.39,1,-1,-1,-1
237,15,1626.70,838.27,215.27,187.23,1,-1,-1,-1
238,5,1533.67,487.68,160.38,180.99,1,-1,-1,-1
238,6,1466.68,578.85,105.10,96.27,1,-1,-1,-1
238,7,1635.59,120.26,102.26,80.73,1,-1,-1,-1
238,8,303.26,119.77,94.36,79.49,1,-1,-1,-1
238,9,-0.06,384.27,58.99,112.59,1,-1,-1,-1
238,10,182.53,121.38,93.19,68.53,1,-1,-1,-1
238,15,1531.46,832.91,298.58,222.73,1,-1,-1,-1
239,5,1533.97,488.38,160.58,183.78,1,-1,-1,-1
239,6,1466.49,578.72,106.11,96.57,1,-1,-1,-1
239,7,1635.66,120.19,102.17,80.93,1,-1,-1,-1
239,8,303.31,119.78,94.29,79.56,1,-1,-1,-1
239,9,0.03,384.38,58.83,112.41,1,-1,-1,-1
239,10,182.54,121.43,93.19,68.38,1,-1,-1,-1
239,14,1482.33,928.92,170.81,130.33,1,-1,-1,-1
239,15,1560.82,848.05,207.44,189.70,1,-1,-1,-1
240,5,1534.58,493.41,157.89,165.46,1,-1,-1,-1
240,6,1466.62,578.63,106.33,96.82,1,-1,-1,-1
240,7,1635.65,120.19,102.16,81.04,1,-1,-1,-1
240,8,303.32,119.93,94.24,78.92,1,-1,-1,-1
240,9,0.10,384.67,58.51,112.12,1,-1,-1,-1
240,10,182.57,121.47,93.09,68.10,1,-1,-1,-1
240,15,1471.12,842.04,297.53,213.62,1,-1,-1,-1
241,5,1533.30,488.86,160.19,174.76,1,-1,-1,-1
241,6,1465.97,578.22,110.10,97.44,1,-1,-1,-1
241,7,1635.68,120.20,102.11,81.19,1,-1,-1,-1
241,8,303.28,119.72,94.29,79.41,1,-1,-1,-1
241,9,-0.25,385.64,59.89,109.88,1,-1,-1,-1
241,10,182.43,121.43,93.36,68.11,1,-1,-1,-1
241,14,1442.89,928.32,157.66,133.39,1,-1,-1,-1
241,15,1519.64,852.94,188.60,181.87,1,-1,-1,-1
242,5,1482.37,483.57,224.64,203.22,1,-1,-1,-1
242,7,1635.73,120.25,102.08,81.15,1,-1,-1,-1
242,8,303.30,119.80,94.16,79.18,1,-1,-1,-1
242,9,-0.07,385.59,59.96,109.86,1,-1,-1,-1
242,10,182.49,121.42,93.12,68.10,1,-1,-1,-1
242,14,1433.48,928.96,157.65,132.70,1,-1,-1,-1
242,15,1526.55,850.20,181.56,179.84,1,-1,-1,-1
243,5,1473.69,488.05,222.06,204.22,1,-1,-1,-1
243,7,1635.78,120.28,102.09,81.07,1,-1,-1,-1
243,8,303.25,119.90,94.28,78.62,1,-1,-1,-1
243,9,0.02,384.04,60.01,112.10,1,-1,-1,-1
243,10,182.16,121.39,93.65,68.34,1,-1,-1,-1
243,14,1415.19,930.54,137.45,131.85,1,-1,-1,-1
243,15,1498.43,846.74,184.35,189.55,1,-1,-1,-1
244,5,1468.75,490.46,222.38,204.29,1,-1,-1,-1
244,7,1635.37,120.24,102.67,81.12,1,-1,-1,-1
244,8,303.14,119.86,94.49,78.44,1,-1,-1,-1
244,9,0.14,385.31,59.65,109.79,1,-1,-1,-1
244,10,181.91,121.38,94.01,68.53,1,-1,-1,-1
244,14,1382.28,932.32,139.98,127.83,1,-1,-1,-1
245,5,1472.72,491.37,215.41,204.26,1,-1,-1,-1
245,7,1635.27,120.21,102.67,81.26,1,-1,-1,-1
245,8,303.19,119.93,94.37,77.80,1,-1,-1,-1
245,9,0.04,384.79,59.91,110.11,1,-1,-1,-1
245,10,181.83,121.46,94.12,68.45,1,-1,-1,-1
245,14,1339.50,927.49,161.63,147.84,1,-1,-1,-1
245,15,1444.49,841.98,187.37,231.72,1,-1,-1,-1
246,5,1471.92,491.31,218.00,204.35,1,-1,-1,-1
246,7,1635.22,120.22,102.63,81.21,1,-1,-1,-1
246,8,303.21,119.74,94.29,78.06,1,-1,-1,-1
246,9,0.11,384.60,59.58,110.70,1,-1,-1,-1
246,10,181.87,121.48,94.00,68.51,1,-1,-1,-1
246,14,1318.14,935.92,160.48,136.97,1,-1,-1,-1
246,15,1420.03,855.37,184.29,200.40,1,-1,-1,-1
247,5,1520.32,500.28,155.07,160.30,1,-1,-1,-1
247,6,1467.44,580.10,101.33,95.22,1,-1,-1,-1
247,7,1635.65,120.25,102.03,81.03,1,-1,-1,-1
247,8,303.18,119.85,94.32,77.45,1,-1,-1,-1
247,9,-0.08,384.58,60.19,110.90,1,-1,-1,-1
247,10,181.88,121.53,93.86,68.38,1,-1,-1,-1
247,15,1397.85,848.25,180.93,226.77,1,-1,-1,-1
248,5,1530.15,492.59,155.60,160.48,1,-1,-1,-1
248,6,1467.04,580.12,101.09,95.36,1,-1,-1,-1
248,7,1635.67,120.27,102.09,80.76,1,-1,-1,-1
248,8,303.19,119.73,94.29,77.60,1,-1,-1,-1
248,9,0.00,384.48,60.08,110.31,1,-1,-1,-1
248,10,181.97,121.54,93.68,68.24,1,-1,-1,-1
248,14,1261.25,939.26,171.29,140.58,1,-1,-1,-1
248,15,1375.69,854.41,189.08,224.67,1,-1,-1,-1
249,5,1535.20,487.59,156.63,165.72,1,-1,-1,-1
249,6,1466.84,580.35,100.73,94.90,1,-1,-1,-1
249,7,1635.45,120.21,102.43,80.74,1,-1,-1,-1
249,8,303.17,119.63,94.36,78.08,1,-1,-1,-1
249,9,-0.01,385.13,60.21,110.07,1,-1,-1,-1
249,10,181.76,121.44,94.13,68.47,1,-1,-1,-1
249,15,1265.07,860.20,310.20,220.29,1,-1,-1,-1
250,5,1538.14,489.13,153.07,155.56,1,-1,-1,-1
250,6,1466.44,580.36,101.38,94.99,1,-1,-1,-1
250,7,1635.25,120.15,102.67,80.81,1,-1,-1,-1
250,8,303.17,119.72,94.32,78.08,1,-1,-1,-1
250,9,0.16,384.83,59.50,110.73,1,-1,-1,-1
250,10,181.64,121.42,94.28,68.67,1,-1,-1,-1
250,15,1234.66,862.63,302.45,219.01,1,-1,-1,-1
251,5,1537.39,486.14,155.79,163.08,1,-1,-1,-1
251,6,1466.29,580.40,101.93,95.02,1,-1,-1,-1
251,7,1635.55,120.20,102.25,80.58,1,-1,-1,-1
251,8,303.22,119.79,94.19,77.97,1,-1,-1,-1
251,9,-0.06,386.20,60.02,109.21,1,-1,-1,-1
251,10,181.78,121.47,94.02,68.53,1,-1,-1,-1
251,15,1209.49,865.50,301.60,215.91,1,-1,-1,-1
252,5,1536.45,485.38,157.92,171.50,1,-1,-1,-1
252,6,1466.53,580.40,101.33,95.05,1,-1,-1,-1
252,7,1635.41,120.12,102.45,80.84,1,-1,-1,-1
252,8,303.20,119.71,94.26,78.38,1,-1,-1,-1
252,9,0.01,385.74,59.83,109.50,1,-1,-1,-1
252,10,181.64,121.47,94.36,68.46,1,-1,-1,-1
252,15,1196.98,870.50,294.23,209.90,1,-1,-1,-1
253,5,1535.58,484.93,160.44,184.24,1,-1,-1,-1
253,6,1466.61,580.54,101.02,94.97,1,-1,-1,-1
253,7,1635.74,120.20,101.98,80.58,1,-1,-1,-1
253,8,303.19,119.82,94.33,78.21,1,-1,-1,-1
253,9,-0.04,385.53,60.02,109.78,1,-1,-1,-1
253,10,181.49,121.44,94.75,68.55,1,-1,-1,-1
253,15,1184.50,874.85,284.50,205.35,1,-1,-1,-1
254,5,1536.19,491.11,157.50,171.46,1,-1,-1,-1
254,6,1466.74,580.55,100.83,95.00,1,-1,-1,-1
254,7,1636.01,120.18,101.77,80.62,1,-1,-1,-1
254,8,303.17,119.73,94.40,78.65,1,-1,-1,-1
254,9,0.00,385.52,59.93,109.43,1,-1,-1,-1
254,10,181.54,121.51,94.70,68.42,1,-1,-1,-1
254,15,1173.84,879.05,279.76,201.09,1,-1,-1,-1
255,5,1536.64,493.47,152.87,158.42,1,-1,-1,-1
255,6,1466.96,580.60,100.46,94.85,1,-1,-1,-1
255,7,1636.38,120.19,101.42,80.58,1,-1,-1,-1
255,8,303.17,119.88,94.43,78.28,1,-1,-1,-1
255,9,-0.01,385.11,60.00,109.84,1,-1,-1,-1
255,10,181.51,121.43,94.74,68.64,1,-1,-1,-1
255,15,1160.58,881.78,277.75,198.70,1,-1,-1,-1
256,5,1535.37,491.01,153.29,157.79,1,-1,-1,-1
256,6,1467.01,580.46,100.88,95.06,1,-1,-1,-1
256,7,1636.46,120.19,101.43,80.58,1,-1,-1,-1
256,8,303.19,119.86,94.45,78.21,1,-1,-1,-1
256,9,0.01,385.37,59.94,108.99,1,-1,-1,-1
256,10,181.47,121.43,94.83,68.64,1,-1,-1,-1
256,15,1155.57,882.38,277.28,198.64,1,-1,-1,-1
257,5,1534.84,489.29,152.64,159.61,1,-1,-1,-1
257,6,1467.06,580.31,101.18,95.21,1,-1,-1,-1
257,7,1636.63,120.19,101.27,80.64,1,-1,-1,-1
257,8,303.20,119.85,94.46,78.11,1,-1,-1,-1
257,9,-0.04,385.50,60.16,108.48,1,-1,-1,-1
257,10,181.36,121.49,94.77,68.44,1,-1,-1,-1
257,15,1206.61,890.88,183.04,187.90,1,-1,-1,-1
258,5,1535.08,489.70,150.45,156.60,1,-1,-1,-1
258,6,1467.12,580.43,100.81,95.06,1,-1,-1,-1
258,7,1636.55,120.20,101.43,80.66,1,-1,-1,-1
258,8,303.36,119.91,94.15,77.62,1,-1,-1,-1
258,9,-0.04,385.97,60.31,107.63,1,-1,-1,-1
258,10,181.60,121.47,94.16,68.42,1,-1,-1,-1
258,15,1198.94,895.83,180.45,182.94,1,-1,-1,-1
259,5,1532.72,484.61,158.01,178.08,1,-1,-1,-1
259,6,1466.83,580.05,101.62,95.57,1,-1,-1,-1
259,7,1636.41,120.14,101.66,80.93,1,-1,-1,-1
259,8,303.22,119.73,94.40,78.03,1,-1,-1,-1
259,9,0.12,385.38,59.76,108.58,1,-1,-1,-1
259,10,181.58,121.45,94.12,68.37,1,-1,-1,-1
259,15,1171.34,896.87,193.28,183.70,1,-1,-1,-1
260,5,1533.19,487.09,159.76,181.71,1,-1,-1,-1
260,6,1467.06,580.00,100.92,95.50,1,-1,-1,-1
260,7,1636.75,120.22,101.24,80.78,1,-1,-1,-1
260,8,303.24,119.82,94.28,77.67,1,-1,-1,-1
260,9,-0.12,385.73,60.52,107.80,1,-1,-1,-1
260,10,181.51,121.43,94.19,68.41,1,-1,-1,-1
260,15,1159.31,906.79,181.20,171.74,1,-1,-1,-1
261,5,1534.23,489.85,159.07,179.60,1,-1,-1,-1
261,6,1466.94,580.11,100.76,95.21,1,-1,-1,-1
261,7,1636.66,120.24,101.36,80.70,1,-1,-1,-1
261,8,303.23,119.90,94.24,77.09,1,-1,-1,-1
261,9,0.08,384.62,59.97,110.08,1,-1,-1,-1
261,10,181.40,121.45,94.43,68.36,1,-1,-1,-1
261,15,1147.36,954.06,171.16,114.32,1,-1,-1,-1
262,5,1534.31,489.49,159.96,184.18,1,-1,-1,-1
262,6,1465.76,579.62,103.25,95.83,1,-1,-1,-1
262,7,1636.50,120.19,101.55,80.84,1,-1,-1,-1
262,8,303.26,119.79,94.12,77.07,1,-1,-1,-1
262,9,-0.03,384.44,60.29,109.98,1,-1,-1,-1
262,10,181.33,121.45,94.69,68.44,1,-1,-1,-1
262,15,1112.61,921.86,211.48,168.08,1,-1,-1,-1
263,5,1534.57,489.18,160.65,189.49,1,-1,-1,-1
263,6,1466.11,579.56,102.95,95.72,1,-1,-1,-1
263,7,1636.27,120.15,101.79,81.01,1,-1,-1,-1
263,8,303.26,119.83,94.07,76.71,1,-1,-1,-1
263,9,0.04,384.54,60.09,109.15,1,-1,-1,-1
263,10,181.22,121.44,95.08,68.58,1,-1,-1,-1
263,15,1100.61,921.87,179.24,162.63,1,-1,-1,-1
264,5,1534.75,490.30,160.71,189.04,1,-1,-1,-1
264,6,1466.19,579.35,102.91,95.89,1,-1,-1,-1
264,7,1636.25,120.16,101.72,81.09,1,-1,-1,-1
264,8,303.21,119.84,94.07,76.32,1,-1,-1,-1
264,9,0.04,384.87,59.96,109.08,1,-1,-1,-1
264,10,181.17,121.46,95.42,68.66,1,-1,-1,-1
264,15,1073.86,922.22,180.84,159.57,1,-1,-1,-1
264,17,398.87,417.24,183.58,142.64,1,-1,-1,-1
265,5,1534.86,490.34,160.78,189.77,1,-1,-1,-1
265,6,1467.14,579.97,100.69,95.21,1,-1,-1,-1
265,7,1635.85,120.17,102.19,81.10,1,-1,-1,-1
265,8,303.21,119.75,94.09,76.39,1,-1,-1,-1
265,9,-0.04,385.38,60.17,108.64,1,-1,-1,-1
265,10,181.43,121.55,95.12,68.36,1,-1,-1,-1
265,15,1040.94,926.45,191.87,153.10,1,-1,-1,-1
265,17,414.35,420.42,138.28,137.60,1,-1,-1,-1
266,5,1534.97,490.02,160.82,189.94,1,-1,-1,-1
266,6,1466.95,580.53,100.60,94.73,1,-1,-1,-1
266,7,1631.33,119.50,107.64,84.28,1,-1,-1,-1
266,8,302.82,119.88,94.57,76.30,1,-1,-1,-1
266,9,0.12,384.46,59.51,109.33,1,-1,-1,-1
266,10,181.18,121.24,94.50,68.76,1,-1,-1,-1
266,17,405.35,423.51,135.34,129.57,1,-1,-1,-1
267,5,1534.98,489.52,160.94,190.75,1,-1,-1,-1
267,6,1466.93,580.69,100.50,94.75,1,-1,-1,-1
267,7,1630.14,120.03,107.88,84.29,1,-1,-1,-1
267,8,302.76,120.00,94.44,76.12,1,-1,-1,-1
267,9,0.04,384.13,59.44,109.31,1,-1,-1,-1
267,10,180.81,121.19,94.62,68.74,1,-1,-1,-1
267,17,396.41,422.45,135.50,129.79,1,-1,-1,-1
268,5,1535.30,490.07,160.01,186.82,1,-1,-1,-1
268,6,1466.68,580.90,101.04,94.58,1,-1,-1,-1
268,7,1629.90,120.23,107.70,84.58,1,-1,-1,-1
268,8,302.69,119.95,94.40,76.43,1,-1,-1,-1
268,9,-0.16,383.28,60.11,110.87,1,-1,-1,-1
268,10,180.51,121.10,94.92,68.91,1,-1,-1,-1
268,17,393.35,424.03,132.88,125.90,1,-1,-1,-1
269,5,1534.65,489.15,160.95,187.40,1,-1,-1,-1
269,6,1465.09,580.17,106.04,95.69,1,-1,-1,-1
269,7,1629.48,120.37,108.18,84.34,1,-1,-1,-1
269,8,302.71,120.05,94.35,76.27,1,-1,-1,-1
269,9,-0.02,383.50,59.86,111.41,1,-1,-1,-1
269,10,180.61,121.14,94.55,68.76,1,-1,-1,-1
269,17,389.55,423.51,143.05,127.64,1,-1,-1,-1
270,5,1534.81,489.30,160.45,184.74,1,-1,-1,-1
270,6,1465.81,580.12,105.30,95.56,1,-1,-1,-1
270,7,1630.25,120.29,107.15,84.44,1,-1,-1,-1
270,8,302.69,120.11,94.43,76.01,1,-1,-1,-1
270,9,0.15,383.53,59.14,111.58,1,-1,-1,-1
270,10,180.74,121.27,94.37,68.47,1,-1,-1,-1
270,17,395.99,425.12,135.94,123.14,1,-1,-1,-1
271,5,1534.81,488.58,160.34,185.54,1,-1,-1,-1
271,6,1466.00,580.17,105.05,95.43,1,-1,-1,-1
271,7,1629.84,120.29,108.05,84.27,1,-1,-1,-1
271,8,302.82,120.10,94.22,75.82,1,-1,-1,-1
271,9,-0.00,384.48,59.30,109.45,1,-1,-1,-1
271,10,180.90,121.27,94.09,68.42,1,-1,-1,-1
271,17,396.04,423.25,143.23,127.64,1,-1,-1,-1
272,5,1534.37,486.70,161.18,193.40,1,-1,-1,-1
272,6,1465.38,579.49,108.53,96.55,1,-1,-1,-1
272,7,1630.70,120.22,107.17,84.08,1,-1,-1,-1
272,8,302.89,120.01,94.34,76.05,1,-1,-1,-1
272,9,-0.15,385.47,59.85,109.07,1,-1,-1,-1
272,10,180.50,121.22,94.80,68.62,1,-1,-1,-1
272,17,398.68,426.51,138.93,127.89,1,-1,-1,-1
273,5,1533.92,487.16,161.63,196.50,1,-1,-1,-1
273,6,1466.64,580.30,107.38,95.28,1,-1,-1,-1
273,7,1633.86,120.71,103.52,81.58,1,-1,-1,-1
273,8,302.93,119.77,94.60,77.26,1,-1,-1,-1
273,9,-0.04,383.05,59.78,112.76,1,-1,-1,-1
273,10,180.70,121.25,94.62,68.65,1,-1,-1,-1
273,17,412.01,433.17,79.43,119.63,1,-1,-1,-1
274,5,1533.73,488.10,161.83,197.97,1,-1,-1,-1
274,6,1466.94,580.30,106.92,95.47,1,-1,-1,-1
274,7,1631.25,119.72,107.88,83.96,1,-1,-1,-1
274,8,303.02,119.92,94.83,77.53,1,-1,-1,-1
274,9,-0.16,383.19,60.52,109.91,1,-1,-1,-1
274,10,181.14,121.28,93.92,68.52,1,-1,-1,-1
274,17,391.20,424.63,135.72,135.77,1,-1,-1,-1
275,5,1534.11,489.08,161.36,196.46,1,-1,-1,-1
275,6,1467.00,580.19,106.44,95.52,1,-1,-1,-1
275,7,1634.25,120.41,103.52,81.62,1,-1,-1,-1
275,8,303.21,120.18,94.40,76.90,1,-1,-1,-1
275,9,0.12,382.36,59.81,110.65,1,-1,-1,-1
275,10,181.31,121.23,93.77,68.51,1,-1,-1,-1
276,5,1533.48,489.08,162.24,196.72,1,-1,-1,-1
276,6,1466.64,580.13,107.95,95.72,1,-1,-1,-1
276,7,1635.45,120.14,102.55,81.70,1,-1,-1,-1
276,8,303.26,120.25,94.09,76.30,1,-1,-1,-1
276,9,-0.02,383.37,60.25,109.31,1,-1,-1,-1
276,10,181.48,121.26,93.71,68.27,1,-1,-1,-1
276,17,408.14,436.17,137.15,121.12,1,-1,-1,-1
277,5,1534.06,489.62,161.38,194.20,1,-1,-1,-1
277,6,1467.23,580.55,106.25,94.94,1,-1,-1,-1
277,7,1635.68,120.06,102.65,81.64,1,-1,-1,-1
277,8,302.39,121.19,96.82,72.19,1,-1,-1,-1
277,9,0.07,382.63,59.98,111.60,1,-1,-1,-1
277,10,181.47,121.21,93.89,68.27,1,-1,-1,-1
278,5,1533.85,488.42,161.80,196.21,1,-1,-1,-1
278,6,1466.80,580.51,107.35,95.06,1,-1,-1,-1
278,7,1632.14,119.44,107.44,84.15,1,-1,-1,-1
278,8,303.50,119.40,94.01,76.68,1,-1,-1,-1
278,9,-0.07,384.14,60.50,109.82,1,-1,-1,-1
278,10,181.45,121.13,93.91,68.25,1,-1,-1,-1
279,5,1533.91,488.92,161.53,193.80,1,-1,-1,-1
279,6,1466.50,580.45,108.70,95.28,1,-1,-1,-1
279,7,1630.98,119.79,108.04,84.31,1,-1,-1,-1
279,8,302.48,120.91,96.70,72.18,1,-1,-1,-1
279,9,0.03,383.76,60.34,110.98,1,-1,-1,-1
279,10,181.55,121.10,93.74,68.30,1,-1,-1,-1
280,5,1533.68,487.73,162.06,196.76,1,-1,-1,-1
280,6,1466.81,580.33,108.45,95.42,1,-1,-1,-1
280,7,1630.59,119.96,107.94,84.62,1,-1,-1,-1
280,8,302.73,120.49,96.61,72.14,1,-1,-1,-1
280,9,0.03,383.79,60.35,111.01,1,-1,-1,-1
280,10,181.81,121.08,93.18,68.46,1,-1,-1,-1
281,5,1533.78,488.63,161.73,193.57,1,-1,-1,-1
281,6,1466.55,580.43,109.60,95.24,1,-1,-1,-1
281,7,1629.98,120.10,108.55,84.57,1,-1,-1,-1
281,8,302.79,120.27,96.72,72.28,1,-1,-1,-1
281,9,0.09,383.84,60.05,111.17,1,-1,-1,-1
281,10,181.61,121.15,93.48,68.34,1,-1,-1,-1
282,5,1533.81,487.44,161.97,197.44,1,-1,-1,-1
282,6,1466.93,580.32,108.53,95.50,1,-1,-1,-1
282,7,1630.36,120.17,107.81,84.37,1,-1,-1,-1
282,8,303.64,118.95,94.03,77.33,1,-1,-1,-1
282,9,-0.01,384.14,60.26,110.62,1,-1,-1,-1
282,10,181.54,121.08,93.47,68.74,1,-1,-1,-1
283,5,1534.11,489.62,161.38,190.81,1,-1,-1,-1
283,6,1465.81,579.50,110.18,96.91,1,-1,-1,-1
283,7,1633.55,120.76,103.72,81.78,1,-1,-1,-1
283,8,303.27,119.82,94.00,76.70,1,-1,-1,-1
283,9,0.11,385.05,59.67,110.08,1,-1,-1,-1
283,10,181.62,121.19,93.33,68.75,1,-1,-1,-1
284,5,1533.90,488.40,161.69,193.12,1,-1,-1,-1
284,6,1465.68,579.45,109.89,96.79,1,-1,-1,-1
284,7,1634.17,120.33,103.81,81.79,1,-1,-1,-1
284,8,302.28,121.33,96.55,72.11,1,-1,-1,-1
284,9,0.01,384.94,59.75,110.34,1,-1,-1,-1
284,10,181.59,121.25,93.42,68.75,1,-1,-1,-1
285,5,1534.19,490.42,160.78,184.53,1,-1,-1,-1
285,6,1465.91,579.70,107.75,96.34,1,-1,-1,-1
285,7,1634.78,120.14,103.49,81.69,1,-1,-1,-1
285,8,302.48,120.90,96.47,71.80,1,-1,-1,-1
285,9,0.04,385.68,59.42,110.05,1,-1,-1,-1
285,10,181.33,121.24,93.92,68.92,1,-1,-1,-1
286,5,1534.32,490.23,160.06,180.04,1,-1,-1,-1
286,6,1465.31,579.87,107.47,95.98,1,-1,-1,-1
286,7,1634.60,120.01,103.95,81.76,1,-1,-1,-1
286,8,302.62,120.60,96.47,71.78,1,-1,-1,-1
286,9,0.03,385.80,59.22,110.62,1,-1,-1,-1
286,10,181.28,121.30,93.84,68.82,1,-1,-1,-1
286,18,546.60,996.51,159.93,83.24,1,-1,-1,-1
287,5,1534.27,488.98,159.88,179.69,1,-1,-1,-1
287,6,1465.27,579.75,107.22,96.06,1,-1,-1,-1
287,7,1634.75,119.99,103.67,81.83,1,-1,-1,-1
287,8,303.48,119.34,94.05,75.77,1,-1,-1,-1
287,9,-0.18,386.74,59.93,109.70,1,-1,-1,-1
287,10,181.28,121.34,93.73,68.73,1,-1,-1,-1
287,18,536.39,996.51,168.02,83.33,1,-1,-1,-1
288,5,1534.17,489.64,159.67,173.70,1,-1,-1,-1
288,6,1465.17,579.80,108.05,95.98,1,-1,-1,-1
288,7,1634.57,120.01,103.86,81.89,1,-1,-1,-1
288,8,303.35,119.79,93.96,75.77,1,-1,-1,-1
288,9,0.16,386.67,58.79,109.90,1,-1,-1,-1
288,10,181.21,121.30,93.61,68.83,1,-1,-1,-1
288,18,515.65,997.26,180.78,82.36,1,-1,-1,-1
289,5,1484.49,481.96,222.47,204.58,1,-1,-1,-1
289,7,1634.53,120.09,103.74,81.87,1,-1,-1,-1
289,8,303.28,119.94,94.01,76.18,1,-1,-1,-1
289,9,-0.06,389.03,59.23,105.79,1,-1,-1,-1
289,10,181.18,121.28,93.45,68.87,1,-1,-1,-1
289,18,501.47,994.81,174.97,85.92,1,-1,-1,-1
290,5,1474.96,486.68,221.37,204.56,1,-1,-1,-1
290,7,1634.40,120.16,103.82,81.74,1,-1,-1,-1
290,8,303.23,120.09,94.05,76.30,1,-1,-1,-1
290,9,-0.10,389.39,59.46,105.43,1,-1,-1,-1
290,10,181.20,121.28,93.35,68.88,1,-1,-1,-1
290,18,491.36,994.30,175.47,85.94,1,-1,-1,-1
291,5,1469.81,490.13,222.00,203.31,1,-1,-1,-1
291,7,1630.72,119.48,108.55,84.41,1,-1,-1,-1
291,8,303.29,120.12,93.92,76.51,1,-1,-1,-1
291,9,0.04,388.39,59.07,106.84,1,-1,-1,-1
291,10,181.32,121.34,93.06,68.51,1,-1,-1,-1
291,18,480.35,987.97,182.40,93.65,1,-1,-1,-1
292,5,1517.76,496.61,158.70,175.50,1,-1,-1,-1
292,6,1465.88,579.04,108.06,96.94,1,-1,-1,-1
292,7,1633.70,120.55,103.79,81.64,1,-1,-1,-1
292,8,303.40,120.18,93.71,76.44,1,-1,-1,-1
292,9,-0.08,388.32,59.45,106.22,1,-1,-1,-1
292,10,181.47,121.21,92.82,68.67,1,-1,-1,-1
292,18,473.12,983.96,192.05,96.99,1,-1,-1,-1
293,5,1528.15,492.68,158.49,172.38,1,-1,-1,-1
293,6,1466.05,578.90,108.50,97.07,1,-1,-1,-1
293,7,1634.21,120.32,103.63,81.69,1,-1,-1,-1
293,8,303.32,120.14,93.83,76.53,1,-1,-1,-1
293,9,-0.09,387.80,59.74,106.70,1,-1,-1,-1
293,10,181.54,121.21,92.78,68.61,1,-1,-1,-1
293,18,468.42,979.26,193.54,101.44,1,-1,-1,-1
294,5,1534.19,491.06,156.91,165.72,1,-1,-1,-1
294,6,1466.03,578.78,108.86,97.16,1,-1,-1,-1
294,7,1634.27,120.18,103.91,81.71,1,-1,-1,-1
294,8,303.27,120.18,93.89,76.22,1,-1,-1,-1
294,9,-0.05,388.03,59.91,106.28,1,-1,-1,-1
294,10,181.51,121.27,92.85,68.28,1,-1,-1,-1
294,18,464.81,976.78,194.36,103.08,1,-1,-1,-1
295,5,1536.30,488.11,157.68,167.81,1,-1,-1,-1
295,6,1466.12,578.81,109.08,97.22,1,-1,-1,-1
295,7,1634.16,120.11,104.16,81.76,1,-1,-1,-1
295,8,302.31,121.25,96.69,71.96,1,-1,-1,-1
295,9,0.22,387.12,58.93,107.70,1,-1,-1,-1
295,10,181.62,121.22,92.77,68.28,1,-1,-1,-1
295,18,461.69,968.90,192.66,112.22,1,-1,-1,-1
296,5,1537.32,488.23,156.39,164.40,1,-1,-1,-1
296,6,1466.41,579.11,107.69,96.81,1,-1,-1,-1
296,7,1634.10,120.09,104.21,81.77,1,-1,-1,-1
296,8,303.49,119.52,93.98,76.09,1,-1,-1,-1
296,9,-0.04,388.04,59.53,105.89,1,-1,-1,-1
296,10,181.88,121.22,92.50,68.17,1,-1,-1,-1
296,18,459.85,962.81,188.05,117.87,1,-1,-1,-1
297,5,1536.86,486.68,157.19,169.54,1,-1,-1,-1
297,6,1466.49,579.07,106.67,96.86,1,-1,-1,-1
297,7,1629.53,119.38,109.97,84.53,1,-1,-1,-1
297,8,303.34,119.71,94.01,76.42,1,-1,-1,-1
297,9,0.07,386.96,59.11,107.23,1,-1,-1,-1
297,10,181.95,121.16,92.52,68.33,1,-1,-1,-1
297,18,453.38,958.63,197.42,121.25,1,-1,-1,-1
298,5,1537.00,487.73,155.51,169.29,1,-1,-1,-1
298,6,1466.45,579.63,105.39,95.95,1,-1,-1,-1
298,7,1628.41,119.74,110.14,84.55,1,-1,-1,-1
298,8,303.34,119.81,93.92,76.94,1,-1,-1,-1
298,9,0.01,386.71,59.13,107.43,1,-1,-1,-1
298,10,181.82,121.23,92.65,68.23,1,-1,-1,-1
298,18,450.31,953.42,192.25,126.55,1,-1,-1,-1
299,5,1537.09,490.77,151.52,158.99,1,-1,-1,-1
299,6,1465.81,579.72,106.33,95.92,1,-1,-1,-1
299,7,1627.38,119.96,110.81,84.58,1,-1,-1,-1
299,8,303.38,120.03,93.73,76.81,1,-1,-1,-1
299,9,-0.02,386.89,59.14,106.53,1,-1,-1,-1
299,10,181.84,121.23,92.62,68.27,1,-1,-1,-1
299,18,448.23,949.16,185.60,130.59,1,-1,-1,-1
300,5,1535.66,488.53,153.03,164.05,1,-1,-1,-1
300,6,1465.71,579.91,106.17,95.68,1,-1,-1,-1
300,7,1627.41,120.08,110.38,84.50,1,-1,-1,-1
300,8,303.31,120.11,93.85,76.72,1,-1,-1,-1
300,9,-0.04,386.79,59.22,106.54,1,-1,-1,-1
300,10,181.83,121.25,92.73,68.27,1,-1,-1,-1
300,18,433.74,943.26,202.84,136.93,1,-1,-1,-1
