2,1,832.43,566.15,197.23,151.20,1,-1,-1,-1
2,2,39.04,852.80,139.46,129.42,1,-1,-1,-1
2,3,233.89,115.74,109.09,89.15,1,-1,-1,-1
2,4,356.61,108.99,103.95,91.32,1,-1,-1,-1
2,6,1462.24,110.72,101.89,75.73,1,-1,-1,-1
3,1,832.08,569.25,201.45,138.86,1,-1,-1,-1
3,2,39.27,852.83,138.96,129.38,1,-1,-1,-1
3,3,236.30,116.03,105.12,88.75,1,-1,-1,-1
3,4,356.81,108.85,103.31,92.11,1,-1,-1,-1
3,5,1580.92,114.61,103.94,83.32,1,-1,-1,-1
3,6,1462.41,110.62,101.74,75.79,1,-1,-1,-1
4,1,841.76,564.68,181.17,136.28,1,-1,-1,-1
4,2,39.12,852.80,139.16,129.46,1,-1,-1,-1
4,3,236.48,116.07,106.35,88.98,1,-1,-1,-1
4,4,355.93,109.10,105.09,92.77,1,-1,-1,-1
4,5,1579.62,113.79,105.43,84.80,1,-1,-1,-1
4,6,1462.46,110.37,101.87,76.22,1,-1,-1,-1
5,1,840.19,563.18,198.13,138.59,1,-1,-1,-1
5,2,38.86,852.80,139.45,129.48,1,-1,-1,-1
5,3,237.47,116.20,106.48,88.90,1,-1,-1,-1
5,4,355.29,109.40,106.84,93.70,1,-1,-1,-1
5,5,1578.69,113.66,107.70,85.27,1,-1,-1,-1
5,6,1462.89,110.19,101.43,77.02,1,-1,-1,-1
6,1,845.66,563.26,202.69,150.00,1,-1,-1,-1
6,2,39.00,852.83,139.15,129.42,1,-1,-1,-1
6,3,239.06,116.25,105.59,88.70,1,-1,-1,-1
6,4,356.01,110.20,107.13,92.44,1,-1,-1,-1
6,5,1579.43,113.97,107.00,84.23,1,-1,-1,-1
6,6,1463.17,109.91,101.51,79.26,1,-1,-1,-1
7,1,897.79,563.66,151.58,158.88,1,-1,-1,-1
7,2,38.81,852.80,139.54,129.52,1,-1,-1,-1
7,3,239.49,116.25,105.31,88.54,1,-1,-1,-1
7,4,356.66,110.38,106.17,92.05,1,-1,-1,-1
7,5,1579.60,113.56,108.37,85.14,1,-1,-1,-1
7,6,1462.96,110.22,102.02,79.76,1,-1,-1,-1
7,7,1698.29,116.83,106.75,86.30,1,-1,-1,-1
8,1,873.57,567.07,202.96,158.00,1,-1,-1,-1
8,2,38.77,852.82,139.73,129.53,1,-1,-1,-1
8,3,239.75,116.27,104.41,88.19,1,-1,-1,-1
8,4,358.41,111.53,100.50,89.25,1,-1,-1,-1
8,5,1579.71,113.47,110.48,85.56,1,-1,-1,-1
8,6,1462.86,110.52,101.76,79.89,1,-1,-1,-1
8,7,1698.50,114.75,107.55,89.88,1,-1,-1,-1
9,1,922.12,569.73,140.60,157.44,1,-1,-1,-1
9,2,38.79,852.82,139.64,129.52,1,-1,-1,-1
9,3,239.65,116.21,104.78,87.71,1,-1,-1,-1
9,4,358.73,111.50,99.34,88.22,1,-1,-1,-1
9,5,1580.46,113.17,110.59,87.18,1,-1,-1,-1
9,6,1462.30,110.68,101.99,79.57,1,-1,-1,-1
10,1,909.44,569.97,166.13,156.90,1,-1,-1,-1
10,2,38.83,852.81,139.60,129.53,1,-1,-1,-1
10,3,239.55,116.04,104.82,87.70,1,-1,-1,-1
10,4,358.27,111.03,99.64,88.92,1,-1,-1,-1
10,6,1462.04,110.46,102.52,80.47,1,-1,-1,-1
10,7,1699.19,114.02,108.51,90.03,1,-1,-1,-1
11,1,868.43,567.62,212.10,160.22,1,-1,-1,-1
11,2,38.89,852.81,139.66,129.50,1,-1,-1,-1
11,3,239.89,115.92,104.61,87.79,1,-1,-1,-1
11,4,357.54,110.83,100.65,89.68,1,-1,-1,-1
11,5,1581.50,113.82,108.46,84.93,1,-1,-1,-1
11,6,1461.16,110.32,104.18,81.94,1,-1,-1,-1
11,7,1698.22,113.98,110.42,93.82,1,-1,-1,-1
12,1,846.44,569.93,211.36,155.85,1,-1,-1,-1
12,2,39.14,852.80,139.08,129.48,1,-1,-1,-1
12,3,240.18,116.00,103.64,88.20,1,-1,-1,-1
12,4,355.94,109.62,104.26,92.49,1,-1,-1,-1
12,5,1582.27,114.56,104.08,80.67,1,-1,-1,-1
12,6,1461.81,111.00,103.26,80.02,1,-1,-1,-1
13,1,824.63,570.51,218.90,154.94,1,-1,-1,-1
13,2,38.62,852.77,140.10,129.55,1,-1,-1,-1
13,3,239.23,116.12,104.27,88.28,1,-1,-1,-1
13,4,356.26,109.62,103.33,92.37,1,-1,-1,-1
13,5,1581.43,114.50,103.08,78.31,1,-1,-1,-1
13,6,1462.03,111.01,103.05,79.02,1,-1,-1,-1
14,1,815.36,571.05,216.74,153.53,1,-1,-1,-1
14,2,38.73,852.81,139.82,129.49,1,-1,-1,-1
14,3,238.41,116.23,104.66,88.55,1,-1,-1,-1
14,4,356.59,110.07,103.47,90.51,1,-1,-1,-1
14,6,1461.76,110.66,103.42,79.08,1,-1,-1,-1
15,1,808.77,569.92,224.48,154.63,1,-1,-1,-1
15,2,38.70,852.78,139.95,129.54,1,-1,-1,-1
15,3,238.59,116.33,103.44,88.69,1,-1,-1,-1
15,4,356.98,109.90,103.83,89.86,1,-1,-1,-1
15,6,1462.16,111.34,102.53,75.18,1,-1,-1,-1
16,1,874.64,595.39,149.87,121.77,1,-1,-1,-1
16,2,39.12,852.84,139.27,129.43,1,-1,-1,-1
16,3,238.59,116.44,103.93,88.55,1,-1,-1,-1
16,4,357.24,109.69,103.56,89.57,1,-1,-1,-1
16,6,1462.17,110.40,102.70,76.18,1,-1,-1,-1
17,1,891.67,596.06,154.21,127.25,1,-1,-1,-1
17,2,38.93,852.84,139.69,129.43,1,-1,-1,-1
17,3,238.84,116.43,104.54,88.66,1,-1,-1,-1
17,4,355.39,108.78,107.17,92.50,1,-1,-1,-1
17,6,1461.91,109.64,103.23,79.00,1,-1,-1,-1
18,1,910.05,595.86,154.16,134.76,1,-1,-1,-1
18,2,39.48,852.75,138.61,129.84,1,-1,-1,-1
18,3,239.33,116.43,104.92,88.71,1,-1,-1,-1
18,4,356.40,109.25,105.79,91.94,1,-1,-1,-1
18,6,1462.68,110.04,102.15,79.01,1,-1,-1,-1
18,7,1698.67,113.91,108.85,89.35,1,-1,-1,-1
19,1,855.21,567.14,235.05,172.56,1,-1,-1,-1
19,2,39.30,852.82,138.71,129.87,1,-1,-1,-1
19,3,239.55,116.51,105.37,88.58,1,-1,-1,-1
19,4,356.67,109.40,105.57,91.79,1,-1,-1,-1
19,5,1580.10,113.40,104.41,84.42,1,-1,-1,-1
19,6,1461.97,109.92,103.39,80.81,1,-1,-1,-1
20,1,908.53,592.45,152.34,132.49,1,-1,-1,-1
20,2,39.35,852.89,138.70,129.84,1,-1,-1,-1
20,3,239.82,116.48,104.61,88.57,1,-1,-1,-1
20,4,356.18,109.43,105.80,91.65,1,-1,-1,-1
20,6,1462.22,110.53,102.77,79.76,1,-1,-1,-1
20,8,832.06,558.28,135.14,138.69,1,-1,-1,-1
21,1,915.76,597.05,150.31,131.66,1,-1,-1,-1
21,2,39.21,852.84,139.05,129.85,1,-1,-1,-1
21,3,239.67,116.35,104.04,89.04,1,-1,-1,-1
21,4,356.27,109.44,105.21,91.54,1,-1,-1,-1
21,6,1461.43,110.33,103.66,80.51,1,-1,-1,-1
21,8,826.00,565.61,134.36,127.20,1,-1,-1,-1
22,1,904.91,600.15,166.66,131.49,1,-1,-1,-1
22,2,39.43,852.81,138.76,129.82,1,-1,-1,-1
22,3,239.52,116.54,102.83,88.47,1,-1,-1,-1
22,4,356.79,109.75,104.28,90.36,1,-1,-1,-1
22,6,1461.59,111.10,103.09,77.04,1,-1,-1,-1
22,8,819.84,569.45,123.97,120.03,1,-1,-1,-1
23,1,897.26,601.69,172.52,131.92,1,-1,-1,-1
23,2,39.14,852.74,139.41,129.93,1,-1,-1,-1
23,3,239.19,116.40,102.39,88.52,1,-1,-1,-1
23,4,357.02,109.86,103.84,90.08,1,-1,-1,-1
23,6,1461.44,110.69,103.31,76.38,1,-1,-1,-1
23,8,808.01,568.74,133.07,122.91,1,-1,-1,-1
24,1,823.22,574.59,255.94,168.34,1,-1,-1,-1
24,2,39.00,852.67,139.75,130.07,1,-1,-1,-1
24,3,235.63,115.55,107.30,89.61,1,-1,-1,-1
24,4,357.07,109.78,103.40,90.75,1,-1,-1,-1
24,6,1461.91,110.52,102.53,75.30,1,-1,-1,-1
25,1,867.27,593.17,172.44,139.52,1,-1,-1,-1
25,2,39.02,852.71,139.62,129.99,1,-1,-1,-1
25,3,231.50,115.61,110.11,87.57,1,-1,-1,-1
25,4,357.09,110.26,102.34,89.30,1,-1,-1,-1
25,6,1461.63,110.19,102.75,75.33,1,-1,-1,-1
25,8,790.24,561.33,138.23,129.97,1,-1,-1,-1
26,1,869.18,595.97,171.36,137.17,1,-1,-1,-1
26,2,38.96,852.72,139.69,129.98,1,-1,-1,-1
26,3,230.56,115.36,110.36,86.91,1,-1,-1,-1
26,4,358.38,111.24,97.65,86.92,1,-1,-1,-1
26,6,1461.72,110.14,102.40,75.10,1,-1,-1,-1
26,8,781.67,562.76,144.05,125.92,1,-1,-1,-1
27,1,871.12,593.62,179.13,141.32,1,-1,-1,-1
27,2,38.93,852.76,139.69,129.89,1,-1,-1,-1
27,3,229.89,114.38,111.00,89.33,1,-1,-1,-1
27,4,356.42,110.28,102.26,88.14,1,-1,-1,-1
27,5,1580.67,114.14,105.91,83.46,1,-1,-1,-1
27,6,1461.17,110.08,103.13,75.20,1,-1,-1,-1
27,8,784.61,561.31,137.14,126.14,1,-1,-1,-1
28,1,876.32,593.99,180.31,146.55,1,-1,-1,-1
28,2,39.24,852.82,139.18,129.79,1,-1,-1,-1
28,3,231.61,114.98,108.67,88.97,1,-1,-1,-1
28,4,356.22,109.81,104.21,89.68,1,-1,-1,-1
28,6,1460.89,110.03,103.45,75.60,1,-1,-1,-1
28,8,785.71,559.80,136.65,127.00,1,-1,-1,-1
29,1,879.43,595.94,181.66,147.96,1,-1,-1,-1
29,2,39.71,852.80,138.67,129.78,1,-1,-1,-1
29,3,233.85,115.86,106.30,87.73,1,-1,-1,-1
29,4,356.94,109.99,103.82,89.34,1,-1,-1,-1
29,6,1460.81,110.16,103.51,75.19,1,-1,-1,-1
29,8,787.20,560.78,134.51,125.03,1,-1,-1,-1
30,1,880.61,593.60,186.96,150.47,1,-1,-1,-1
30,2,39.53,852.60,139.91,130.43,1,-1,-1,-1
30,3,234.08,116.20,107.59,88.36,1,-1,-1,-1
30,4,357.38,110.49,103.53,88.76,1,-1,-1,-1
30,6,1460.68,110.46,103.76,74.48,1,-1,-1,-1
30,8,788.71,561.93,135.38,123.54,1,-1,-1,-1
31,1,890.51,597.51,178.84,146.73,1,-1,-1,-1
31,2,39.40,852.64,140.52,130.62,1,-1,-1,-1
31,3,235.88,116.57,103.64,87.83,1,-1,-1,-1
31,4,357.20,110.06,104.79,90.75,1,-1,-1,-1
31,6,1460.30,109.90,104.14,76.80,1,-1,-1,-1
31,8,786.67,559.26,142.99,127.04,1,-1,-1,-1
32,1,894.49,598.13,177.70,150.67,1,-1,-1,-1
32,2,39.55,852.66,140.26,130.67,1,-1,-1,-1
32,3,235.93,116.64,103.38,87.78,1,-1,-1,-1
32,4,357.43,110.42,104.68,90.62,1,-1,-1,-1
32,6,1460.21,110.31,104.04,76.61,1,-1,-1,-1
32,8,787.65,558.04,142.39,128.11,1,-1,-1,-1
33,1,894.91,600.64,178.90,149.18,1,-1,-1,-1
33,2,39.74,852.68,139.93,130.58,1,-1,-1,-1
33,3,236.01,116.89,103.32,86.80,1,-1,-1,-1
33,4,357.23,110.33,105.59,91.72,1,-1,-1,-1
33,6,1460.06,110.20,104.46,77.78,1,-1,-1,-1
33,8,786.18,556.84,143.09,127.44,1,-1,-1,-1
34,1,901.55,593.46,173.26,154.77,1,-1,-1,-1
34,2,39.68,852.69,140.10,130.44,1,-1,-1,-1
34,4,356.30,110.64,106.25,90.97,1,-1,-1,-1
34,6,1461.17,110.16,103.41,79.04,1,-1,-1,-1
34,8,785.92,551.92,142.49,129.51,1,-1,-1,-1
35,1,905.12,588.87,172.57,158.27,1,-1,-1,-1
35,2,39.39,852.62,140.64,130.52,1,-1,-1,-1
35,4,355.11,110.46,108.25,91.15,1,-1,-1,-1
35,6,1461.33,110.61,103.63,78.24,1,-1,-1,-1
35,8,789.27,549.45,137.38,127.89,1,-1,-1,-1
36,1,885.63,562.70,188.97,181.95,1,-1,-1,-1
36,2,38.68,852.59,141.35,130.77,1,-1,-1,-1
36,3,237.06,115.72,101.88,79.15,1,-1,-1,-1
36,4,354.92,109.70,109.63,93.75,1,-1,-1,-1
36,6,1461.43,110.22,103.31,79.96,1,-1,-1,-1
36,8,786.17,547.42,141.12,120.94,1,-1,-1,-1
37,1,885.98,572.88,167.69,154.59,1,-1,-1,-1
37,2,38.73,852.58,141.02,130.80,1,-1,-1,-1
37,3,237.62,115.99,102.81,73.81,1,-1,-1,-1
37,4,356.48,110.21,105.84,93.19,1,-1,-1,-1
37,6,1460.94,110.58,103.72,78.96,1,-1,-1,-1
37,8,776.02,536.58,145.28,126.17,1,-1,-1,-1
38,1,875.40,571.52,169.40,160.10,1,-1,-1,-1
38,2,38.72,852.57,140.70,130.83,1,-1,-1,-1
38,3,237.97,113.71,103.64,77.84,1,-1,-1,-1
38,4,358.50,111.99,97.67,88.39,1,-1,-1,-1
38,6,1462.64,110.65,100.42,78.36,1,-1,-1,-1
38,8,766.98,535.35,155.93,125.95,1,-1,-1,-1
38,9,1699.22,114.68,110.03,123.79,1,-1,-1,-1
39,1,868.50,578.59,175.71,156.27,1,-1,-1,-1
39,2,38.64,852.53,140.51,130.91,1,-1,-1,-1
39,3,238.48,114.11,103.48,76.89,1,-1,-1,-1
39,4,357.46,111.75,97.99,87.85,1,-1,-1,-1
39,6,1462.46,110.48,100.31,78.58,1,-1,-1,-1
39,8,766.94,534.98,155.33,125.99,1,-1,-1,-1
39,9,1699.54,113.28,109.81,128.19,1,-1,-1,-1
40,1,864.52,579.08,179.09,159.72,1,-1,-1,-1
40,2,38.62,852.54,140.58,130.87,1,-1,-1,-1
40,3,237.42,113.78,105.36,77.99,1,-1,-1,-1
40,4,354.87,110.07,105.08,91.59,1,-1,-1,-1
40,6,1462.96,110.58,99.44,77.85,1,-1,-1,-1
40,8,768.85,536.75,151.30,123.20,1,-1,-1,-1
40,9,1699.86,114.47,109.28,128.61,1,-1,-1,-1
41,1,862.29,578.33,183.94,163.50,1,-1,-1,-1
41,2,38.66,852.57,140.63,130.75,1,-1,-1,-1
41,3,237.16,114.21,105.54,77.00,1,-1,-1,-1
41,4,355.70,110.26,105.38,91.50,1,-1,-1,-1
41,6,1461.92,109.88,100.81,80.33,1,-1,-1,-1
41,8,771.05,538.00,137.74,120.95,1,-1,-1,-1
41,9,1699.47,116.58,110.05,123.51,1,-1,-1,-1
42,1,860.57,574.86,190.19,165.26,1,-1,-1,-1
42,2,38.56,852.52,140.67,130.86,1,-1,-1,-1
42,3,241.29,116.67,98.58,69.36,1,-1,-1,-1
42,4,356.59,110.84,105.29,90.09,1,-1,-1,-1
42,6,1463.05,110.59,99.60,78.71,1,-1,-1,-1
42,8,766.55,532.27,155.05,124.31,1,-1,-1,-1
42,9,1696.09,115.11,114.14,129.90,1,-1,-1,-1
43,1,856.91,572.45,201.33,169.34,1,-1,-1,-1
43,2,38.53,852.54,140.40,130.79,1,-1,-1,-1
43,3,240.66,114.99,103.17,74.53,1,-1,-1,-1
43,4,356.13,110.30,108.46,92.24,1,-1,-1,-1
43,6,1463.20,110.26,99.81,79.59,1,-1,-1,-1
43,8,774.05,531.36,145.89,120.98,1,-1,-1,-1
43,9,1694.18,116.16,115.79,127.68,1,-1,-1,-1
44,1,857.16,572.04,203.28,171.12,1,-1,-1,-1
44,2,38.33,852.53,140.61,130.80,1,-1,-1,-1
44,3,241.68,115.31,103.47,75.84,1,-1,-1,-1
44,4,356.65,110.56,108.56,92.47,1,-1,-1,-1
44,6,1463.59,110.32,99.51,79.53,1,-1,-1,-1
44,8,775.48,528.90,147.36,122.89,1,-1,-1,-1
44,9,1693.45,115.96,116.01,127.95,1,-1,-1,-1
45,1,854.72,571.99,210.52,174.99,1,-1,-1,-1
45,2,38.39,852.59,140.59,130.56,1,-1,-1,-1
45,3,242.42,115.37,103.36,78.33,1,-1,-1,-1
45,4,356.89,110.87,108.73,92.11,1,-1,-1,-1
45,6,1462.44,110.01,101.81,80.63,1,-1,-1,-1
45,8,779.16,526.87,144.63,124.63,1,-1,-1,-1
45,9,1693.14,116.09,117.33,126.83,1,-1,-1,-1
46,1,855.91,572.27,210.67,176.39,1,-1,-1,-1
46,2,38.53,852.57,140.52,130.55,1,-1,-1,-1
46,3,241.85,115.40,104.45,81.05,1,-1,-1,-1
46,4,357.01,110.84,108.46,91.99,1,-1,-1,-1
46,6,1462.72,110.36,101.46,79.64,1,-1,-1,-1
46,8,780.88,524.60,149.23,126.05,1,-1,-1,-1
46,9,1696.72,114.96,113.58,130.66,1,-1,-1,-1
47,1,856.79,571.57,210.09,178.33,1,-1,-1,-1
47,2,38.50,852.54,140.74,130.60,1,-1,-1,-1
47,3,241.58,116.14,104.37,80.82,1,-1,-1,-1
47,4,356.88,110.75,108.75,91.92,1,-1,-1,-1
47,6,1462.94,110.56,100.86,78.20,1,-1,-1,-1
47,8,784.18,523.17,145.79,126.60,1,-1,-1,-1
47,9,1697.21,114.93,113.90,132.87,1,-1,-1,-1
48,1,866.15,568.40,218.86,170.73,1,-1,-1,-1
48,2,38.44,852.45,141.37,130.90,1,-1,-1,-1
48,3,237.97,115.30,108.84,84.85,1,-1,-1,-1
48,4,357.91,110.64,103.33,91.82,1,-1,-1,-1
48,6,1462.74,110.75,102.38,74.94,1,-1,-1,-1
48,8,790.24,528.20,143.53,113.75,1,-1,-1,-1
48,9,1695.51,116.75,115.13,128.02,1,-1,-1,-1
49,1,881.42,563.83,212.69,180.58,1,-1,-1,-1
49,2,38.50,852.47,141.62,131.01,1,-1,-1,-1
49,3,236.43,115.83,107.07,85.75,1,-1,-1,-1
49,6,1461.99,110.05,103.86,75.08,1,-1,-1,-1
49,8,800.63,518.40,151.75,122.27,1,-1,-1,-1
49,9,1692.22,115.82,118.02,131.18,1,-1,-1,-1
50,1,882.90,563.71,218.85,183.07,1,-1,-1,-1
50,2,38.80,853.21,139.99,130.94,1,-1,-1,-1
50,3,234.50,116.39,107.34,85.03,1,-1,-1,-1
50,6,1461.34,109.68,105.22,75.62,1,-1,-1,-1
50,8,809.52,513.81,150.70,124.69,1,-1,-1,-1
50,9,1691.72,116.11,116.58,131.54,1,-1,-1,-1
51,1,888.77,561.26,216.35,188.00,1,-1,-1,-1
51,2,38.31,852.91,141.57,131.01,1,-1,-1,-1
51,3,236.84,116.35,104.19,85.36,1,-1,-1,-1
51,6,1460.91,109.87,105.72,75.16,1,-1,-1,-1
51,8,814.23,512.11,151.45,121.55,1,-1,-1,-1
52,1,896.14,562.33,221.66,189.05,1,-1,-1,-1
52,2,37.87,852.73,142.14,131.22,1,-1,-1,-1
52,3,237.03,116.26,104.15,86.19,1,-1,-1,-1
52,6,1461.74,109.94,104.15,75.44,1,-1,-1,-1
52,8,822.74,508.48,153.69,126.70,1,-1,-1,-1
53,1,907.57,564.43,214.90,189.77,1,-1,-1,-1
53,2,36.14,852.60,141.27,130.85,1,-1,-1,-1
53,3,238.06,116.66,102.23,84.82,1,-1,-1,-1
53,6,1462.38,110.19,102.67,75.15,1,-1,-1,-1
53,8,834.25,505.70,140.16,129.29,1,-1,-1,-1
54,1,909.65,563.76,214.23,195.03,1,-1,-1,-1
54,2,36.32,852.52,137.29,130.53,1,-1,-1,-1
54,3,238.74,115.81,101.81,87.32,1,-1,-1,-1
54,6,1462.92,110.05,102.37,76.16,1,-1,-1,-1
54,8,830.63,505.28,149.86,129.33,1,-1,-1,-1
54,9,1687.60,115.86,121.87,132.56,1,-1,-1,-1
55,1,906.84,568.37,214.90,190.66,1,-1,-1,-1
55,2,38.29,852.21,133.90,130.69,1,-1,-1,-1
55,3,238.21,115.89,103.11,87.94,1,-1,-1,-1
55,6,1461.35,110.08,105.00,76.93,1,-1,-1,-1
55,8,827.28,503.89,150.26,132.22,1,-1,-1,-1
56,1,904.88,568.83,209.60,192.00,1,-1,-1,-1
56,2,37.46,851.94,134.48,130.86,1,-1,-1,-1
56,3,237.70,115.75,104.54,89.28,1,-1,-1,-1
56,6,1459.92,110.06,107.05,77.83,1,-1,-1,-1
56,8,828.84,502.64,141.81,134.49,1,-1,-1,-1
57,1,895.49,568.47,214.31,198.09,1,-1,-1,-1
57,2,37.17,851.91,135.78,130.84,1,-1,-1,-1
57,3,238.24,115.98,103.69,89.38,1,-1,-1,-1
57,4,354.38,111.24,106.06,91.64,1,-1,-1,-1
57,6,1459.35,110.05,107.35,79.00,1,-1,-1,-1
57,8,827.10,503.04,144.63,134.23,1,-1,-1,-1
58,1,883.99,569.58,223.08,201.98,1,-1,-1,-1
58,2,37.65,851.76,133.94,131.22,1,-1,-1,-1
58,3,238.33,115.91,104.08,90.06,1,-1,-1,-1
58,6,1459.40,110.26,107.06,79.42,1,-1,-1,-1
58,8,828.26,505.46,142.13,131.22,1,-1,-1,-1
59,1,877.46,568.28,227.17,210.00,1,-1,-1,-1
59,2,36.83,851.77,134.64,131.28,1,-1,-1,-1
59,3,238.47,116.03,103.88,89.84,1,-1,-1,-1
59,4,354.49,111.24,105.88,91.60,1,-1,-1,-1
59,6,1459.28,110.39,107.11,79.55,1,-1,-1,-1
59,8,829.57,508.75,138.31,126.97,1,-1,-1,-1
59,10,115.17,119.00,112.18,113.25,1,-1,-1,-1
60,1,875.40,573.42,218.07,204.00,1,-1,-1,-1
60,2,36.86,851.92,134.39,131.04,1,-1,-1,-1
60,3,238.40,115.98,104.24,89.87,1,-1,-1,-1
60,4,354.54,111.12,106.01,92.28,1,-1,-1,-1
60,6,1459.74,110.85,106.27,77.73,1,-1,-1,-1
60,8,832.26,510.65,130.40,125.16,1,-1,-1,-1
60,10,113.83,115.28,114.73,122.66,1,-1,-1,-1
61,2,34.59,851.80,142.28,132.05,1,-1,-1,-1
61,3,242.15,116.79,96.57,85.24,1,-1,-1,-1
61,4,354.68,110.63,105.65,93.51,1,-1,-1,-1
61,6,1458.25,109.68,108.31,81.76,1,-1,-1,-1
61,8,833.18,512.70,127.13,123.16,1,-1,-1,-1
62,1,861.75,572.53,250.07,221.47,1,-1,-1,-1
62,2,39.28,852.15,135.11,131.91,1,-1,-1,-1
62,3,242.02,115.23,96.83,86.68,1,-1,-1,-1
62,4,354.61,110.82,105.96,93.87,1,-1,-1,-1
62,6,1457.37,109.91,109.60,82.75,1,-1,-1,-1
62,8,833.95,510.19,126.86,127.17,1,-1,-1,-1
63,1,854.40,574.00,259.00,226.51,1,-1,-1,-1
63,2,39.70,852.31,135.59,131.85,1,-1,-1,-1
63,3,242.18,115.12,95.78,87.27,1,-1,-1,-1
63,4,354.67,110.98,105.90,93.64,1,-1,-1,-1
63,6,1456.97,110.51,109.30,81.92,1,-1,-1,-1
63,8,833.00,510.15,131.06,126.74,1,-1,-1,-1
64,1,851.06,570.53,253.25,227.01,1,-1,-1,-1
64,2,40.09,852.39,135.21,131.83,1,-1,-1,-1
64,3,242.20,115.09,96.17,88.11,1,-1,-1,-1
64,4,356.12,111.07,103.73,92.74,1,-1,-1,-1
64,6,1458.40,110.63,107.99,80.80,1,-1,-1,-1
64,8,829.99,506.91,148.49,123.47,1,-1,-1,-1
65,1,849.91,568.64,238.97,229.16,1,-1,-1,-1
65,2,40.02,852.39,135.43,131.86,1,-1,-1,-1
65,3,242.83,115.47,95.25,87.66,1,-1,-1,-1
65,4,356.23,110.61,104.23,93.42,1,-1,-1,-1
65,6,1459.89,110.17,107.74,81.52,1,-1,-1,-1
65,8,833.29,504.26,149.75,122.72,1,-1,-1,-1
65,9,1690.62,116.32,125.17,131.71,1,-1,-1,-1
66,1,836.96,561.96,283.63,237.22,1,-1,-1,-1
66,2,40.10,852.38,135.33,131.80,1,-1,-1,-1
66,3,243.25,115.97,93.77,84.90,1,-1,-1,-1
66,4,357.55,110.62,100.78,93.11,1,-1,-1,-1
66,6,1461.81,110.84,103.45,78.11,1,-1,-1,-1
66,8,839.30,501.40,143.42,119.90,1,-1,-1,-1
66,9,1692.09,116.29,122.32,131.18,1,-1,-1,-1
66,10,110.44,116.45,119.63,100.49,1,-1,-1,-1
67,1,849.90,563.21,277.56,235.28,1,-1,-1,-1
67,2,40.05,852.31,135.33,131.88,1,-1,-1,-1
67,3,242.75,114.69,96.50,89.32,1,-1,-1,-1
67,4,357.63,110.62,100.31,92.95,1,-1,-1,-1
67,6,1462.75,109.85,101.82,79.91,1,-1,-1,-1
67,8,844.91,492.88,141.66,126.02,1,-1,-1,-1
67,9,1689.26,116.27,125.53,128.98,1,-1,-1,-1
67,10,110.50,114.45,119.75,102.26,1,-1,-1,-1
68,1,848.84,564.58,293.92,237.04,1,-1,-1,-1
68,2,40.02,852.29,135.51,131.91,1,-1,-1,-1
68,3,242.90,115.09,97.87,90.17,1,-1,-1,-1
68,4,357.20,110.36,100.07,93.83,1,-1,-1,-1
68,6,1462.81,109.31,102.39,82.64,1,-1,-1,-1
68,8,847.42,488.15,145.93,126.62,1,-1,-1,-1
68,9,1692.86,116.05,115.87,127.74,1,-1,-1,-1
68,10,110.33,114.92,119.40,100.89,1,-1,-1,-1
69,1,936.63,591.04,186.50,194.51,1,-1,-1,-1
69,2,40.00,852.36,135.75,131.75,1,-1,-1,-1
69,3,242.96,115.59,98.53,89.86,1,-1,-1,-1
69,4,356.62,110.49,100.17,93.76,1,-1,-1,-1
69,8,849.88,482.31,146.54,129.14,1,-1,-1,-1
69,9,1686.27,115.13,125.59,128.55,1,-1,-1,-1
69,10,110.55,116.07,118.18,96.73,1,-1,-1,-1
70,1,981.88,626.13,152.30,152.04,1,-1,-1,-1
70,2,40.06,852.23,135.33,131.97,1,-1,-1,-1
70,3,243.50,115.88,96.91,89.24,1,-1,-1,-1
70,4,356.25,110.44,100.17,93.99,1,-1,-1,-1
70,8,850.71,480.72,147.67,128.35,1,-1,-1,-1
70,9,1684.68,115.02,126.57,128.39,1,-1,-1,-1
70,10,110.14,115.55,118.74,97.33,1,-1,-1,-1
71,1,958.89,622.76,200.28,171.34,1,-1,-1,-1
71,2,39.92,852.16,135.39,132.04,1,-1,-1,-1
71,3,242.91,115.74,98.05,89.52,1,-1,-1,-1
71,4,355.71,110.57,101.51,93.82,1,-1,-1,-1
71,8,850.29,482.59,148.17,126.74,1,-1,-1,-1
71,9,1683.21,114.98,128.44,128.36,1,-1,-1,-1
71,10,109.98,115.14,119.21,98.49,1,-1,-1,-1
72,1,972.40,638.76,178.05,161.34,1,-1,-1,-1
72,2,39.05,853.41,137.29,129.40,1,-1,-1,-1
72,3,243.19,116.04,98.93,88.44,1,-1,-1,-1
72,4,355.77,110.73,101.64,93.18,1,-1,-1,-1
72,8,850.72,482.09,147.54,128.76,1,-1,-1,-1
73,1,892.62,629.35,278.80,188.40,1,-1,-1,-1
73,2,34.80,855.05,145.06,127.75,1,-1,-1,-1
73,3,241.65,115.22,100.14,91.13,1,-1,-1,-1
73,4,354.66,110.84,102.70,91.98,1,-1,-1,-1
73,8,844.68,478.06,160.88,132.51,1,-1,-1,-1
74,1,940.80,641.41,193.53,164.73,1,-1,-1,-1
74,2,34.72,855.10,145.90,127.69,1,-1,-1,-1
74,3,237.14,115.53,107.49,91.02,1,-1,-1,-1
74,4,350.99,110.68,107.85,91.61,1,-1,-1,-1
74,8,843.60,479.04,152.03,123.90,1,-1,-1,-1
75,1,866.55,637.46,290.30,186.94,1,-1,-1,-1
75,2,34.87,854.62,143.63,128.82,1,-1,-1,-1
75,3,237.92,115.88,103.43,89.43,1,-1,-1,-1
75,4,351.73,110.57,107.72,91.75,1,-1,-1,-1
75,8,843.50,480.05,138.00,120.59,1,-1,-1,-1
76,1,848.11,629.48,294.08,198.65,1,-1,-1,-1
76,2,34.27,854.58,144.22,128.85,1,-1,-1,-1
76,3,235.58,115.72,108.48,90.47,1,-1,-1,-1
76,4,351.11,110.51,108.14,91.61,1,-1,-1,-1
76,6,1463.46,109.51,102.96,83.52,1,-1,-1,-1
76,8,833.78,475.64,164.13,122.87,1,-1,-1,-1
77,2,34.27,854.66,143.67,128.65,1,-1,-1,-1
77,3,239.14,114.92,103.88,90.60,1,-1,-1,-1
77,4,353.28,110.57,105.14,91.19,1,-1,-1,-1
77,6,1462.11,110.12,101.93,82.21,1,-1,-1,-1
77,8,830.47,472.91,180.84,118.42,1,-1,-1,-1
77,11,844.29,669.15,167.56,153.05,1,-1,-1,-1
78,2,34.29,854.70,143.33,128.55,1,-1,-1,-1
78,3,240.84,115.98,102.86,87.74,1,-1,-1,-1
78,4,352.58,110.39,107.14,91.63,1,-1,-1,-1
78,6,1462.86,110.83,100.39,80.39,1,-1,-1,-1
78,8,833.99,469.79,180.30,122.29,1,-1,-1,-1
78,11,838.00,649.19,159.47,189.81,1,-1,-1,-1
79,2,33.93,854.45,144.70,128.99,1,-1,-1,-1
79,3,238.30,115.45,108.36,84.28,1,-1,-1,-1
79,4,346.84,108.31,121.33,98.61,1,-1,-1,-1
79,6,1459.00,108.80,106.10,85.62,1,-1,-1,-1
79,9,1695.67,114.92,112.01,104.87,1,-1,-1,-1
80,1,791.96,611.06,169.26,182.48,1,-1,-1,-1
80,2,32.39,854.29,147.83,129.13,1,-1,-1,-1
80,3,233.53,114.75,112.85,86.77,1,-1,-1,-1
80,4,356.63,107.78,103.82,96.18,1,-1,-1,-1
80,6,1461.51,110.47,102.12,82.26,1,-1,-1,-1
80,9,1698.02,112.06,110.31,113.25,1,-1,-1,-1
81,1,767.66,603.56,161.91,185.78,1,-1,-1,-1
81,2,32.44,854.16,147.24,129.38,1,-1,-1,-1
81,3,239.75,115.54,103.49,85.81,1,-1,-1,-1
81,4,356.40,110.75,102.36,89.89,1,-1,-1,-1
81,6,1463.17,110.34,101.22,80.24,1,-1,-1,-1
81,8,820.53,451.28,168.18,99.48,1,-1,-1,-1
81,13,1553.17,81.45,110.93,78.62,1,-1,-1,-1
82,1,747.87,602.09,154.60,183.21,1,-1,-1,-1
82,2,32.05,854.16,148.31,129.38,1,-1,-1,-1
82,4,355.29,110.25,102.97,90.14,1,-1,-1,-1
82,6,1464.17,109.87,99.56,79.92,1,-1,-1,-1
82,8,814.37,425.08,174.67,123.90,1,-1,-1,-1
82,9,1699.22,115.92,107.76,92.20,1,-1,-1,-1
82,13,1521.91,51.76,170.96,136.15,1,-1,-1,-1
83,1,737.66,601.71,154.90,181.67,1,-1,-1,-1
83,2,32.62,854.33,147.21,129.20,1,-1,-1,-1
83,3,240.04,115.67,101.11,85.50,1,-1,-1,-1
83,4,354.52,109.55,103.79,91.27,1,-1,-1,-1
83,6,1464.09,109.67,99.78,79.91,1,-1,-1,-1
83,8,811.59,418.25,180.74,124.33,1,-1,-1,-1
83,9,1698.44,113.10,109.95,102.34,1,-1,-1,-1
84,1,721.14,600.43,174.32,172.44,1,-1,-1,-1
84,2,32.67,854.47,147.22,129.05,1,-1,-1,-1
84,4,354.88,109.91,102.84,91.13,1,-1,-1,-1
84,6,1462.97,110.58,100.57,78.51,1,-1,-1,-1
84,8,808.34,412.78,181.37,123.90,1,-1,-1,-1
84,9,1695.82,113.82,116.48,107.96,1,-1,-1,-1
85,1,711.40,590.56,190.36,187.69,1,-1,-1,-1
85,2,32.63,854.32,147.40,129.31,1,-1,-1,-1
85,4,355.27,110.19,102.16,90.65,1,-1,-1,-1
85,6,1462.36,110.72,101.20,78.58,1,-1,-1,-1
85,8,805.67,410.57,180.58,124.19,1,-1,-1,-1
85,9,1697.46,115.95,113.95,107.61,1,-1,-1,-1
86,1,702.89,586.82,198.65,180.45,1,-1,-1,-1
86,2,32.57,854.26,147.52,129.34,1,-1,-1,-1
86,4,354.93,110.53,102.27,89.83,1,-1,-1,-1
86,6,1462.88,110.79,100.93,78.51,1,-1,-1,-1
86,8,800.68,408.49,177.95,124.26,1,-1,-1,-1
86,9,1699.37,115.43,111.69,113.06,1,-1,-1,-1
87,1,705.22,580.81,185.14,166.92,1,-1,-1,-1
87,2,32.66,854.28,147.28,129.24,1,-1,-1,-1
87,3,240.03,115.79,100.93,84.83,1,-1,-1,-1
87,4,355.25,110.77,101.57,89.67,1,-1,-1,-1
87,6,1462.12,110.58,101.09,78.11,1,-1,-1,-1
87,8,805.76,391.81,173.88,134.06,1,-1,-1,-1
87,9,1698.74,113.31,113.30,128.35,1,-1,-1,-1
88,1,703.52,571.62,187.01,164.36,1,-1,-1,-1
88,2,32.86,854.28,146.66,129.20,1,-1,-1,-1
88,4,356.97,110.82,99.77,89.90,1,-1,-1,-1
88,6,1462.23,110.41,100.63,77.83,1,-1,-1,-1
88,8,817.89,391.43,166.19,122.57,1,-1,-1,-1
88,9,1699.34,117.03,113.14,124.92,1,-1,-1,-1
89,1,707.31,563.93,177.22,163.44,1,-1,-1,-1
89,2,32.83,854.26,146.59,129.22,1,-1,-1,-1
89,3,236.51,115.47,104.26,84.72,1,-1,-1,-1
89,4,357.67,110.86,98.47,89.45,1,-1,-1,-1
89,6,1460.01,109.76,103.67,75.76,1,-1,-1,-1
89,8,823.04,387.89,169.09,120.71,1,-1,-1,-1
89,9,1699.06,117.72,114.16,125.64,1,-1,-1,-1
90,1,725.32,597.99,100.75,99.93,1,-1,-1,-1
90,2,32.94,854.37,146.20,129.08,1,-1,-1,-1
90,4,355.12,110.28,102.22,90.69,1,-1,-1,-1
90,6,1459.54,109.83,104.01,75.26,1,-1,-1,-1
90,8,833.34,380.41,163.89,121.97,1,-1,-1,-1
91,2,32.60,854.42,147.00,129.05,1,-1,-1,-1
91,4,354.63,110.61,99.99,88.28,1,-1,-1,-1
91,6,1458.98,110.11,104.85,74.10,1,-1,-1,-1
91,8,853.66,377.97,157.73,118.63,1,-1,-1,-1
92,1,725.64,587.91,98.47,88.46,1,-1,-1,-1
92,2,32.74,854.42,146.77,129.04,1,-1,-1,-1
92,3,237.77,115.45,104.47,85.27,1,-1,-1,-1
92,4,353.38,110.04,103.81,90.22,1,-1,-1,-1
92,6,1459.43,110.60,103.23,72.03,1,-1,-1,-1
92,8,863.51,374.93,158.21,119.36,1,-1,-1,-1
93,1,717.83,579.39,114.58,94.85,1,-1,-1,-1
93,2,32.73,854.37,146.76,129.15,1,-1,-1,-1
93,4,354.53,111.94,101.77,85.41,1,-1,-1,-1
93,6,1458.74,110.14,105.21,72.83,1,-1,-1,-1
93,8,868.41,372.72,147.49,117.51,1,-1,-1,-1
94,2,32.76,854.44,146.86,128.99,1,-1,-1,-1
94,4,354.62,111.38,101.76,87.04,1,-1,-1,-1
94,6,1458.98,109.94,104.95,73.65,1,-1,-1,-1
94,8,862.88,370.23,152.58,118.35,1,-1,-1,-1
94,9,1698.90,117.59,113.15,126.12,1,-1,-1,-1
94,14,739.53,529.65,185.50,179.56,1,-1,-1,-1
95,2,32.86,854.51,146.93,128.93,1,-1,-1,-1
95,4,354.83,111.43,101.44,87.13,1,-1,-1,-1
95,6,1459.98,110.17,102.94,73.65,1,-1,-1,-1
95,8,873.18,368.89,145.31,112.93,1,-1,-1,-1
95,14,735.88,517.51,174.58,185.59,1,-1,-1,-1
96,2,32.75,854.42,147.06,128.98,1,-1,-1,-1
96,4,355.13,111.33,100.72,87.33,1,-1,-1,-1
96,6,1459.79,110.29,103.61,73.80,1,-1,-1,-1
96,8,872.10,366.70,151.42,113.36,1,-1,-1,-1
96,14,727.23,506.95,188.33,197.20,1,-1,-1,-1
97,2,34.41,854.18,142.81,129.20,1,-1,-1,-1
97,4,354.91,110.39,103.71,90.29,1,-1,-1,-1
97,6,1460.35,110.28,101.71,74.50,1,-1,-1,-1
97,8,873.08,363.85,148.62,120.36,1,-1,-1,-1
97,9,1698.49,116.18,112.05,127.38,1,-1,-1,-1
97,14,710.18,475.15,270.25,237.36,1,-1,-1,-1
98,2,33.81,854.11,142.52,129.07,1,-1,-1,-1
98,4,356.48,110.97,102.63,87.98,1,-1,-1,-1
98,6,1460.73,110.41,102.47,74.36,1,-1,-1,-1
98,8,892.62,363.62,146.61,124.94,1,-1,-1,-1
98,9,1697.96,116.36,113.69,125.45,1,-1,-1,-1
98,14,751.74,513.79,244.33,183.02,1,-1,-1,-1
99,2,33.46,854.01,142.19,128.74,1,-1,-1,-1
99,4,358.08,110.33,101.20,88.93,1,-1,-1,-1
99,6,1459.27,109.83,105.82,77.67,1,-1,-1,-1
99,9,1695.53,115.68,117.57,125.65,1,-1,-1,-1
99,14,785.69,562.19,146.51,142.71,1,-1,-1,-1
100,2,33.30,853.95,142.52,128.64,1,-1,-1,-1
100,4,358.56,110.81,101.85,87.51,1,-1,-1,-1
100,6,1462.34,110.29,102.06,77.52,1,-1,-1,-1
100,8,908.82,401.89,142.53,101.52,1,-1,-1,-1
100,9,1692.96,116.16,120.11,121.33,1,-1,-1,-1
100,14,760.15,501.30,230.06,242.15,1,-1,-1,-1
101,2,31.87,854.04,145.92,128.34,1,-1,-1,-1
101,4,358.88,110.37,98.80,89.09,1,-1,-1,-1
101,6,1460.64,109.30,105.32,81.70,1,-1,-1,-1
101,8,918.33,415.37,144.73,104.59,1,-1,-1,-1
101,9,1695.67,114.83,115.45,126.51,1,-1,-1,-1
101,14,762.56,493.94,265.86,255.40,1,-1,-1,-1
102,2,34.21,853.97,140.89,128.65,1,-1,-1,-1
102,3,237.57,115.41,102.55,88.10,1,-1,-1,-1
102,4,357.27,110.64,103.28,89.89,1,-1,-1,-1
102,6,1459.43,109.49,106.55,85.31,1,-1,-1,-1
102,8,940.71,415.03,144.82,118.64,1,-1,-1,-1
102,9,1699.68,116.41,110.41,122.94,1,-1,-1,-1
102,14,789.03,501.87,256.85,240.78,1,-1,-1,-1
103,2,32.65,854.31,144.95,128.12,1,-1,-1,-1
103,3,236.89,115.20,107.63,89.96,1,-1,-1,-1
103,4,355.59,109.85,108.73,92.84,1,-1,-1,-1
103,6,1456.44,110.23,109.88,86.57,1,-1,-1,-1
103,8,958.02,418.40,139.74,115.70,1,-1,-1,-1
103,9,1700.44,119.34,109.36,108.80,1,-1,-1,-1
103,14,800.01,499.64,260.08,244.98,1,-1,-1,-1
104,2,32.78,854.37,145.11,128.14,1,-1,-1,-1
104,3,233.97,116.44,115.57,88.81,1,-1,-1,-1
104,4,356.50,110.28,106.58,92.20,1,-1,-1,-1
104,6,1459.65,111.31,105.30,84.52,1,-1,-1,-1
104,8,960.14,414.56,145.28,121.33,1,-1,-1,-1
104,14,795.95,499.30,268.34,241.64,1,-1,-1,-1
105,2,34.85,854.41,140.24,128.36,1,-1,-1,-1
105,3,233.66,116.05,116.39,89.56,1,-1,-1,-1
105,4,355.62,109.87,109.87,93.85,1,-1,-1,-1
105,6,1460.83,111.37,104.71,83.14,1,-1,-1,-1
105,9,1699.74,112.92,109.65,107.95,1,-1,-1,-1
105,14,796.78,503.97,260.02,240.59,1,-1,-1,-1
105,15,1529.67,71.54,171.10,137.81,1,-1,-1,-1
106,2,34.51,854.61,141.39,128.23,1,-1,-1,-1
106,3,231.54,115.89,117.24,90.86,1,-1,-1,-1
106,4,357.85,110.57,102.38,92.12,1,-1,-1,-1
106,6,1460.88,111.79,104.83,76.93,1,-1,-1,-1
106,8,989.80,426.44,143.07,127.74,1,-1,-1,-1
106,9,1699.07,118.94,113.06,78.37,1,-1,-1,-1
106,14,803.13,518.15,279.12,240.70,1,-1,-1,-1
106,15,1523.17,52.60,166.10,133.73,1,-1,-1,-1
107,2,35.42,854.87,140.33,128.16,1,-1,-1,-1
107,3,232.14,116.45,115.53,89.97,1,-1,-1,-1
107,4,357.24,111.33,100.98,89.02,1,-1,-1,-1
107,6,1449.09,102.16,120.43,111.94,1,-1,-1,-1
107,8,987.37,435.94,143.43,115.61,1,-1,-1,-1
107,9,1699.65,105.24,111.18,125.11,1,-1,-1,-1
107,14,813.32,525.36,259.33,223.84,1,-1,-1,-1
108,2,35.23,855.09,140.74,128.19,1,-1,-1,-1
108,3,232.52,115.65,113.93,90.82,1,-1,-1,-1
108,4,357.09,110.82,97.98,88.45,1,-1,-1,-1
108,6,1457.96,115.45,105.55,75.41,1,-1,-1,-1
108,8,986.03,424.10,147.75,126.50,1,-1,-1,-1
108,9,1699.71,112.14,110.11,122.86,1,-1,-1,-1
108,14,806.46,514.95,271.15,234.69,1,-1,-1,-1
108,15,1562.71,65.65,115.51,104.04,1,-1,-1,-1
109,2,34.89,855.03,141.34,128.60,1,-1,-1,-1
109,3,238.11,116.81,104.57,82.93,1,-1,-1,-1
109,4,354.85,109.98,101.22,91.64,1,-1,-1,-1
109,6,1459.53,111.13,104.06,77.57,1,-1,-1,-1
109,8,987.82,426.19,146.74,117.35,1,-1,-1,-1
109,9,1702.49,123.15,102.76,82.45,1,-1,-1,-1
109,14,805.21,513.14,266.89,223.28,1,-1,-1,-1
110,2,35.40,855.41,142.42,129.51,1,-1,-1,-1
110,3,239.04,113.95,102.81,84.33,1,-1,-1,-1
110,4,355.24,110.58,100.03,91.26,1,-1,-1,-1
110,6,1460.90,109.18,103.30,79.05,1,-1,-1,-1
110,8,992.51,427.45,147.43,112.21,1,-1,-1,-1
110,14,815.11,508.85,253.28,220.23,1,-1,-1,-1
111,2,36.34,855.79,141.26,129.59,1,-1,-1,-1
111,4,355.39,110.89,100.32,91.10,1,-1,-1,-1
111,6,1460.59,109.05,105.14,78.45,1,-1,-1,-1
111,8,995.39,415.57,153.05,120.33,1,-1,-1,-1
111,14,795.80,497.44,279.06,234.21,1,-1,-1,-1
112,2,36.44,855.93,141.91,129.60,1,-1,-1,-1
112,6,1460.72,108.53,105.48,80.95,1,-1,-1,-1
112,8,995.91,416.44,149.46,111.79,1,-1,-1,-1
112,14,780.41,491.11,282.52,234.71,1,-1,-1,-1
113,2,33.15,855.75,146.73,128.93,1,-1,-1,-1
113,4,356.50,112.12,99.27,84.41,1,-1,-1,-1
113,6,1460.88,109.14,105.63,80.59,1,-1,-1,-1
113,8,993.84,413.85,149.28,113.48,1,-1,-1,-1
114,2,36.24,855.83,141.22,129.02,1,-1,-1,-1
114,4,356.19,110.92,99.78,86.59,1,-1,-1,-1
114,6,1460.63,108.13,106.49,85.65,1,-1,-1,-1
114,8,996.52,411.67,156.34,111.41,1,-1,-1,-1
115,2,32.83,855.58,146.50,128.67,1,-1,-1,-1
115,4,354.97,110.96,103.93,85.12,1,-1,-1,-1
115,6,1461.73,109.72,104.70,82.31,1,-1,-1,-1
115,8,1020.40,413.73,144.09,111.10,1,-1,-1,-1
115,14,794.63,468.17,277.18,250.46,1,-1,-1,-1
116,2,32.07,855.21,146.88,128.88,1,-1,-1,-1
116,3,241.73,115.52,97.56,83.54,1,-1,-1,-1
116,4,355.72,111.04,102.81,83.98,1,-1,-1,-1
116,6,1461.41,111.09,105.45,77.46,1,-1,-1,-1
116,8,1017.14,423.13,146.74,106.84,1,-1,-1,-1
116,14,791.86,495.04,261.16,215.10,1,-1,-1,-1
117,2,31.88,855.09,146.61,128.86,1,-1,-1,-1
117,3,240.62,115.59,100.39,85.12,1,-1,-1,-1
117,4,355.13,110.27,104.15,86.58,1,-1,-1,-1
117,6,1462.47,110.12,102.63,79.29,1,-1,-1,-1
117,8,1025.26,421.62,141.84,109.03,1,-1,-1,-1
117,9,1700.27,114.97,102.07,75.12,1,-1,-1,-1
117,14,799.92,489.89,247.85,218.30,1,-1,-1,-1
118,2,34.30,854.62,141.34,128.93,1,-1,-1,-1
118,3,241.25,115.58,99.53,86.73,1,-1,-1,-1
118,4,354.60,109.33,105.55,92.25,1,-1,-1,-1
118,6,1461.00,110.63,104.03,76.86,1,-1,-1,-1
118,8,1030.41,424.94,142.21,108.89,1,-1,-1,-1
119,2,32.49,854.47,145.09,128.76,1,-1,-1,-1
119,3,240.12,115.80,101.29,87.62,1,-1,-1,-1
119,4,355.23,110.66,104.47,90.89,1,-1,-1,-1
119,6,1460.83,108.97,103.87,81.12,1,-1,-1,-1
119,8,1033.36,431.43,134.57,104.04,1,-1,-1,-1
119,14,801.90,499.02,220.09,201.56,1,-1,-1,-1
120,2,34.19,854.11,141.16,129.25,1,-1,-1,-1
120,3,239.75,116.06,101.84,87.80,1,-1,-1,-1
120,4,355.20,111.11,104.05,90.54,1,-1,-1,-1
120,6,1460.58,109.02,104.16,81.35,1,-1,-1,-1
120,8,1032.84,434.08,134.43,103.41,1,-1,-1,-1
120,14,799.05,511.98,212.24,182.84,1,-1,-1,-1
121,2,34.32,854.07,140.81,129.22,1,-1,-1,-1
121,3,237.93,116.16,103.84,87.94,1,-1,-1,-1
121,4,355.78,110.15,102.06,93.57,1,-1,-1,-1
121,6,1460.49,109.75,104.48,80.03,1,-1,-1,-1
121,8,1034.43,437.76,125.99,100.74,1,-1,-1,-1
121,14,790.48,506.50,205.68,188.79,1,-1,-1,-1
122,2,33.85,853.94,141.46,129.44,1,-1,-1,-1
122,3,237.30,116.27,103.82,87.74,1,-1,-1,-1
122,4,353.77,110.08,107.20,94.83,1,-1,-1,-1
122,6,1459.99,109.74,106.31,81.40,1,-1,-1,-1
122,8,1027.60,437.30,123.19,101.15,1,-1,-1,-1
122,14,774.65,505.47,208.55,182.19,1,-1,-1,-1
123,2,33.84,853.94,141.27,129.40,1,-1,-1,-1
123,3,240.00,116.39,99.43,87.12,1,-1,-1,-1
123,4,353.85,110.54,106.78,93.64,1,-1,-1,-1
123,6,1460.46,110.43,106.39,78.77,1,-1,-1,-1
123,8,1014.71,441.16,125.53,96.67,1,-1,-1,-1
123,9,1694.67,113.51,111.71,122.02,1,-1,-1,-1
123,14,757.00,498.59,211.38,189.12,1,-1,-1,-1
124,2,33.23,854.73,143.71,128.27,1,-1,-1,-1
124,3,236.52,116.11,104.10,87.40,1,-1,-1,-1
124,4,355.20,110.68,103.72,93.04,1,-1,-1,-1
124,6,1461.18,109.35,106.15,81.91,1,-1,-1,-1
124,8,1015.14,443.94,121.23,97.83,1,-1,-1,-1
124,14,751.07,534.47,205.68,139.61,1,-1,-1,-1
125,2,34.58,854.35,141.01,129.31,1,-1,-1,-1
125,3,234.43,116.46,105.42,85.91,1,-1,-1,-1
125,4,356.33,110.83,101.95,91.67,1,-1,-1,-1
125,6,1459.11,99.13,111.93,127.83,1,-1,-1,-1
125,8,1019.49,445.06,118.47,100.37,1,-1,-1,-1
125,14,746.87,512.77,212.46,178.32,1,-1,-1,-1
126,2,36.25,854.90,139.04,129.44,1,-1,-1,-1
126,3,235.30,117.22,103.58,81.39,1,-1,-1,-1
126,4,356.19,110.58,104.13,90.12,1,-1,-1,-1
126,6,1463.80,118.73,102.31,74.28,1,-1,-1,-1
126,8,1023.69,452.71,116.68,96.23,1,-1,-1,-1
126,9,1697.96,115.51,112.31,120.30,1,-1,-1,-1
126,14,749.55,515.62,203.53,172.77,1,-1,-1,-1
127,2,35.64,854.83,141.04,130.30,1,-1,-1,-1
127,3,235.30,115.14,105.32,86.05,1,-1,-1,-1
127,4,356.26,110.72,101.60,88.58,1,-1,-1,-1
127,6,1465.32,112.78,99.17,79.04,1,-1,-1,-1
127,8,1040.43,453.79,119.19,92.99,1,-1,-1,-1
127,14,761.00,510.32,215.22,164.98,1,-1,-1,-1
128,2,36.53,855.28,139.73,129.95,1,-1,-1,-1
128,3,236.26,114.58,105.70,88.91,1,-1,-1,-1
128,4,357.09,109.62,98.88,91.37,1,-1,-1,-1
128,6,1465.75,108.91,98.76,81.10,1,-1,-1,-1
128,8,1056.84,452.80,117.49,91.65,1,-1,-1,-1
128,14,773.70,498.81,211.01,171.70,1,-1,-1,-1
129,2,36.69,855.25,140.28,130.20,1,-1,-1,-1
129,4,355.92,110.06,101.37,89.92,1,-1,-1,-1
129,6,1462.93,109.59,105.27,76.72,1,-1,-1,-1
129,14,814.94,496.46,201.66,166.88,1,-1,-1,-1
130,2,36.86,855.31,141.17,130.04,1,-1,-1,-1
130,3,241.36,115.70,98.27,90.00,1,-1,-1,-1
130,4,356.91,110.21,101.42,90.43,1,-1,-1,-1
130,6,1463.71,109.81,102.18,74.99,1,-1,-1,-1
130,14,856.94,493.63,212.70,169.64,1,-1,-1,-1
131,2,35.81,854.87,142.10,129.66,1,-1,-1,-1
131,3,240.78,116.09,99.46,90.36,1,-1,-1,-1
131,4,357.78,109.97,101.61,91.23,1,-1,-1,-1
131,6,1462.45,109.46,103.85,75.50,1,-1,-1,-1
131,14,882.38,493.16,213.46,167.75,1,-1,-1,-1
131,16,1581.88,112.75,106.55,78.76,1,-1,-1,-1
131,17,1177.35,454.69,120.78,87.41,1,-1,-1,-1
132,2,34.99,854.37,142.47,130.03,1,-1,-1,-1
132,3,230.25,116.13,115.78,92.35,1,-1,-1,-1
132,4,357.62,110.81,101.97,90.32,1,-1,-1,-1
132,6,1461.19,109.23,105.38,75.38,1,-1,-1,-1
132,14,891.02,491.42,199.29,163.39,1,-1,-1,-1
132,16,1582.90,113.78,104.81,75.27,1,-1,-1,-1
133,2,36.24,854.65,140.67,130.41,1,-1,-1,-1
133,4,358.01,111.13,100.49,89.22,1,-1,-1,-1
133,6,1461.93,109.97,103.39,72.31,1,-1,-1,-1
133,9,1699.43,115.76,109.15,70.59,1,-1,-1,-1
133,17,1155.69,448.22,135.71,90.01,1,-1,-1,-1
134,2,34.27,854.30,143.23,130.32,1,-1,-1,-1
134,3,235.97,117.01,105.30,86.46,1,-1,-1,-1
134,4,356.67,109.81,103.07,92.02,1,-1,-1,-1
134,6,1460.76,108.76,108.08,75.02,1,-1,-1,-1
135,2,34.82,854.44,141.64,129.85,1,-1,-1,-1
135,4,358.04,110.99,98.78,87.10,1,-1,-1,-1
135,6,1461.35,108.13,105.99,78.46,1,-1,-1,-1
135,8,1080.02,430.07,116.88,86.77,1,-1,-1,-1
135,19,759.55,481.22,202.80,178.08,1,-1,-1,-1
136,2,34.92,854.55,141.27,129.75,1,-1,-1,-1
136,3,225.68,115.35,124.26,87.17,1,-1,-1,-1
136,4,357.55,109.73,99.97,89.74,1,-1,-1,-1
136,6,1461.64,109.70,102.02,76.88,1,-1,-1,-1
136,8,1080.05,434.04,121.23,100.20,1,-1,-1,-1
136,19,755.09,483.11,197.94,174.61,1,-1,-1,-1
137,2,35.01,854.66,141.16,129.63,1,-1,-1,-1
137,3,241.76,115.61,95.20,84.96,1,-1,-1,-1
137,4,357.99,109.25,99.15,89.27,1,-1,-1,-1
137,6,1461.88,110.22,100.33,76.82,1,-1,-1,-1
137,8,1081.37,439.20,123.59,102.55,1,-1,-1,-1
137,19,742.71,484.94,200.27,173.32,1,-1,-1,-1
138,2,34.39,854.54,142.84,129.92,1,-1,-1,-1
138,4,357.45,109.82,101.36,88.01,1,-1,-1,-1
138,6,1459.40,99.46,104.63,125.52,1,-1,-1,-1
138,8,1091.93,457.38,119.54,98.71,1,-1,-1,-1
138,9,1694.46,113.02,116.02,122.47,1,-1,-1,-1
138,19,742.15,489.62,186.38,176.19,1,-1,-1,-1
139,2,36.68,854.96,140.57,130.13,1,-1,-1,-1
139,4,358.32,110.72,100.16,86.03,1,-1,-1,-1
139,6,1461.71,117.66,102.64,79.75,1,-1,-1,-1
139,8,1110.18,480.69,126.03,91.62,1,-1,-1,-1
139,16,1582.11,114.58,106.49,77.79,1,-1,-1,-1
139,19,756.36,508.13,178.70,165.89,1,-1,-1,-1
140,2,37.40,855.34,140.16,130.05,1,-1,-1,-1
140,4,358.92,110.77,100.12,86.38,1,-1,-1,-1
140,6,1462.80,114.16,101.49,80.10,1,-1,-1,-1
140,8,1128.73,487.37,136.06,103.10,1,-1,-1,-1
140,19,773.19,519.50,171.72,162.18,1,-1,-1,-1
141,2,37.46,855.47,140.93,130.23,1,-1,-1,-1
141,4,357.15,109.14,103.57,91.51,1,-1,-1,-1
141,6,1463.78,112.76,100.64,76.27,1,-1,-1,-1
141,8,1145.19,493.70,134.29,104.11,1,-1,-1,-1
141,16,1582.49,115.12,105.92,76.58,1,-1,-1,-1
141,19,781.40,524.56,174.55,163.98,1,-1,-1,-1
142,2,35.93,855.17,142.32,129.90,1,-1,-1,-1
142,4,357.45,110.06,102.72,90.34,1,-1,-1,-1
142,6,1464.68,110.54,100.08,78.47,1,-1,-1,-1
142,8,1145.91,499.86,132.05,88.08,1,-1,-1,-1
142,16,1582.88,115.44,104.72,75.39,1,-1,-1,-1
142,19,772.38,519.47,181.97,159.97,1,-1,-1,-1
143,2,35.43,854.89,142.40,129.80,1,-1,-1,-1
143,3,237.91,115.66,96.95,84.09,1,-1,-1,-1
143,4,358.85,111.29,100.20,87.05,1,-1,-1,-1
143,6,1463.17,110.04,102.47,78.10,1,-1,-1,-1
143,8,1139.02,493.52,133.64,92.72,1,-1,-1,-1
143,16,1582.30,114.80,106.21,77.14,1,-1,-1,-1
143,19,760.75,513.87,185.31,158.16,1,-1,-1,-1
144,2,35.21,854.71,142.27,129.79,1,-1,-1,-1
144,3,237.62,115.46,99.26,85.77,1,-1,-1,-1
144,4,357.51,109.91,102.71,90.85,1,-1,-1,-1
144,6,1461.96,109.44,104.12,79.61,1,-1,-1,-1
144,8,1135.01,493.29,134.22,90.62,1,-1,-1,-1
144,16,1582.16,115.21,106.57,75.81,1,-1,-1,-1
144,19,754.79,510.30,184.65,162.36,1,-1,-1,-1
145,2,35.15,854.62,141.93,129.76,1,-1,-1,-1
145,3,239.44,116.07,96.89,83.80,1,-1,-1,-1
145,4,357.30,109.90,102.76,91.75,1,-1,-1,-1
145,6,1462.06,110.12,103.36,77.36,1,-1,-1,-1
145,8,1138.56,494.01,133.43,94.20,1,-1,-1,-1
145,9,1699.15,115.81,107.26,86.04,1,-1,-1,-1
145,16,1581.68,115.53,107.63,73.21,1,-1,-1,-1
145,19,750.16,511.32,193.98,160.79,1,-1,-1,-1
146,2,35.60,854.60,140.52,129.30,1,-1,-1,-1
146,3,240.04,115.42,98.25,85.80,1,-1,-1,-1
146,4,356.62,110.09,103.78,92.17,1,-1,-1,-1
146,6,1461.97,110.77,102.98,74.15,1,-1,-1,-1
146,8,1148.77,490.85,132.99,92.85,1,-1,-1,-1
146,9,1699.52,113.98,106.54,84.85,1,-1,-1,-1
146,16,1539.21,58.33,159.70,149.89,1,-1,-1,-1
146,19,754.56,509.96,192.16,156.97,1,-1,-1,-1
147,2,35.46,854.57,140.47,129.22,1,-1,-1,-1
147,3,234.58,114.70,105.04,88.24,1,-1,-1,-1
147,4,354.69,111.26,106.10,89.79,1,-1,-1,-1
147,6,1460.71,109.16,104.81,79.46,1,-1,-1,-1
147,8,1156.21,483.97,130.44,93.55,1,-1,-1,-1
147,16,1571.97,102.90,106.30,79.80,1,-1,-1,-1
147,19,751.84,505.85,197.07,157.28,1,-1,-1,-1
148,2,35.39,854.65,140.68,129.13,1,-1,-1,-1
148,3,227.73,116.41,114.67,82.82,1,-1,-1,-1
148,4,354.61,109.80,105.39,93.79,1,-1,-1,-1
148,6,1460.31,108.67,105.88,84.48,1,-1,-1,-1
148,8,1158.13,469.72,129.78,97.27,1,-1,-1,-1
148,16,1576.86,108.92,105.89,81.99,1,-1,-1,-1
148,19,743.43,500.28,192.80,158.65,1,-1,-1,-1
149,2,37.03,855.10,139.74,129.62,1,-1,-1,-1
149,3,237.55,115.28,92.11,85.36,1,-1,-1,-1
149,4,357.12,111.03,101.45,91.28,1,-1,-1,-1
149,6,1460.54,110.98,105.59,78.38,1,-1,-1,-1
149,8,1156.05,461.68,128.63,96.60,1,-1,-1,-1
149,19,728.49,496.99,199.29,160.27,1,-1,-1,-1
150,2,37.93,855.62,138.86,129.41,1,-1,-1,-1
150,3,239.64,115.00,92.91,88.67,1,-1,-1,-1
150,4,358.14,111.92,100.06,88.38,1,-1,-1,-1
150,6,1461.46,110.63,103.58,77.89,1,-1,-1,-1
150,8,1144.78,456.51,129.85,93.13,1,-1,-1,-1
150,19,710.93,497.14,196.47,156.66,1,-1,-1,-1
151,2,36.88,855.12,140.33,129.55,1,-1,-1,-1
151,3,241.02,115.72,95.44,89.35,1,-1,-1,-1
151,4,356.55,110.69,105.51,91.56,1,-1,-1,-1
151,6,1462.88,111.26,101.30,74.54,1,-1,-1,-1
151,8,1118.38,448.50,134.64,97.70,1,-1,-1,-1
151,19,671.05,491.43,201.77,163.44,1,-1,-1,-1
152,2,38.54,855.09,138.69,130.12,1,-1,-1,-1
152,4,356.72,110.13,107.28,92.89,1,-1,-1,-1
152,6,1463.78,110.51,99.64,75.16,1,-1,-1,-1
152,8,1105.90,447.06,128.50,96.63,1,-1,-1,-1
152,19,647.09,491.18,196.78,163.03,1,-1,-1,-1
153,2,38.86,855.07,138.79,130.31,1,-1,-1,-1
153,3,241.33,116.42,99.12,89.20,1,-1,-1,-1
153,4,356.02,111.19,107.40,89.27,1,-1,-1,-1
153,6,1464.63,111.47,98.64,70.14,1,-1,-1,-1
153,8,1099.58,445.38,130.87,99.96,1,-1,-1,-1
153,19,632.43,490.29,197.57,161.71,1,-1,-1,-1
154,2,36.00,855.20,143.54,128.57,1,-1,-1,-1
154,4,356.74,111.01,103.40,89.12,1,-1,-1,-1
154,6,1463.30,109.03,99.89,77.89,1,-1,-1,-1
154,8,1103.32,447.25,128.55,98.86,1,-1,-1,-1
154,19,619.98,486.28,206.28,164.09,1,-1,-1,-1
155,2,37.14,854.64,139.74,128.71,1,-1,-1,-1
155,4,356.56,111.60,103.63,87.22,1,-1,-1,-1
155,6,1462.24,110.01,101.98,77.69,1,-1,-1,-1
155,8,1124.79,452.00,129.21,94.54,1,-1,-1,-1
155,19,632.29,482.92,194.88,162.21,1,-1,-1,-1
156,2,36.74,854.44,139.53,128.63,1,-1,-1,-1
156,4,356.10,109.51,102.54,93.35,1,-1,-1,-1
156,6,1463.28,111.23,100.75,74.86,1,-1,-1,-1
156,8,1157.59,457.63,131.71,94.20,1,-1,-1,-1
156,19,654.41,482.58,192.25,162.67,1,-1,-1,-1
157,2,35.50,854.52,142.63,128.30,1,-1,-1,-1
157,3,238.16,116.00,104.33,89.53,1,-1,-1,-1
157,4,356.31,109.50,102.19,95.05,1,-1,-1,-1
157,6,1462.64,110.36,102.74,78.71,1,-1,-1,-1
157,8,1184.41,462.02,134.80,94.37,1,-1,-1,-1
157,19,675.79,484.57,184.87,160.50,1,-1,-1,-1
158,2,38.23,854.86,138.04,128.92,1,-1,-1,-1
158,4,357.18,110.53,101.18,92.20,1,-1,-1,-1
158,6,1463.86,110.59,101.72,79.03,1,-1,-1,-1
158,16,1582.72,114.02,105.29,71.01,1,-1,-1,-1
158,19,705.13,481.16,179.12,155.39,1,-1,-1,-1
159,2,37.58,855.12,140.34,129.36,1,-1,-1,-1
159,4,357.44,111.34,98.20,89.14,1,-1,-1,-1
159,6,1463.70,111.37,102.35,75.36,1,-1,-1,-1
160,2,37.45,855.42,141.04,129.38,1,-1,-1,-1
160,4,357.13,110.89,101.55,88.66,1,-1,-1,-1
160,6,1463.66,110.53,101.55,75.81,1,-1,-1,-1
160,20,832.18,459.56,200.83,153.36,1,-1,-1,-1
161,2,34.97,855.65,144.51,128.07,1,-1,-1,-1
161,4,357.23,108.93,103.15,92.58,1,-1,-1,-1
161,6,1463.41,109.86,101.26,76.67,1,-1,-1,-1
161,20,857.38,454.69,193.53,157.07,1,-1,-1,-1
162,2,34.48,855.32,144.48,128.21,1,-1,-1,-1
162,3,229.83,116.13,117.36,89.01,1,-1,-1,-1
162,4,350.56,110.00,118.54,89.34,1,-1,-1,-1
162,20,910.72,442.77,175.07,159.76,1,-1,-1,-1
163,2,34.44,855.45,144.17,127.86,1,-1,-1,-1
163,4,356.15,108.97,105.42,93.38,1,-1,-1,-1
163,20,945.87,431.35,179.65,156.55,1,-1,-1,-1
163,21,1508.75,411.68,125.69,100.83,1,-1,-1,-1
164,2,34.28,855.42,144.53,127.88,1,-1,-1,-1
164,4,356.23,109.87,102.95,92.74,1,-1,-1,-1
164,20,964.37,429.27,184.88,157.14,1,-1,-1,-1
164,21,1505.92,414.35,128.97,99.94,1,-1,-1,-1
165,2,36.67,855.38,141.01,129.26,1,-1,-1,-1
165,3,239.58,115.53,102.59,90.50,1,-1,-1,-1
165,4,354.48,109.24,104.82,94.47,1,-1,-1,-1
165,20,972.66,427.06,183.88,161.62,1,-1,-1,-1
165,21,1493.38,416.32,141.68,107.46,1,-1,-1,-1
166,2,37.01,855.75,141.13,129.26,1,-1,-1,-1
166,3,240.23,115.52,102.43,90.68,1,-1,-1,-1
166,4,354.22,109.19,104.58,94.60,1,-1,-1,-1
166,20,973.60,428.02,183.56,161.45,1,-1,-1,-1
166,21,1487.55,422.19,141.73,106.56,1,-1,-1,-1
167,2,37.85,856.00,139.44,129.09,1,-1,-1,-1
167,3,240.89,115.83,100.60,88.63,1,-1,-1,-1
167,4,354.34,110.35,105.64,91.15,1,-1,-1,-1
167,20,964.94,422.44,191.01,158.81,1,-1,-1,-1
167,21,1494.09,417.66,126.01,107.63,1,-1,-1,-1
168,2,35.79,855.79,141.39,128.47,1,-1,-1,-1
168,4,354.36,109.84,105.86,91.46,1,-1,-1,-1
168,6,1461.16,110.19,102.90,78.08,1,-1,-1,-1
168,20,960.47,413.12,188.75,154.33,1,-1,-1,-1
168,21,1493.38,410.24,125.63,101.29,1,-1,-1,-1
169,2,37.24,855.70,139.38,129.18,1,-1,-1,-1
169,4,355.14,110.33,104.56,90.63,1,-1,-1,-1
169,20,954.98,394.56,190.00,159.64,1,-1,-1,-1
170,2,36.83,855.41,140.53,129.90,1,-1,-1,-1
170,4,355.32,108.91,105.40,94.31,1,-1,-1,-1
170,20,958.14,383.88,206.20,155.44,1,-1,-1,-1
170,21,1509.17,377.29,137.71,101.00,1,-1,-1,-1
171,2,37.14,855.56,139.94,129.71,1,-1,-1,-1
171,4,356.13,111.29,104.14,88.44,1,-1,-1,-1
171,20,983.47,374.06,196.51,154.20,1,-1,-1,-1
171,21,1528.90,357.85,136.64,101.37,1,-1,-1,-1
172,2,37.36,855.71,140.04,129.48,1,-1,-1,-1
172,4,357.05,111.38,103.52,87.33,1,-1,-1,-1
172,21,1531.32,342.74,141.74,99.90,1,-1,-1,-1
173,2,37.77,855.67,138.64,129.65,1,-1,-1,-1
173,4,356.25,110.70,102.85,88.46,1,-1,-1,-1
173,20,1007.88,352.97,193.66,154.67,1,-1,-1,-1
173,21,1546.91,333.57,134.80,101.12,1,-1,-1,-1
174,2,37.11,855.69,139.73,129.66,1,-1,-1,-1
174,20,1024.45,345.89,195.46,152.94,1,-1,-1,-1
174,21,1559.46,329.11,140.34,102.92,1,-1,-1,-1
175,2,33.96,855.32,145.42,128.98,1,-1,-1,-1
175,4,354.62,110.48,103.02,89.70,1,-1,-1,-1
175,20,1055.80,332.44,187.93,151.94,1,-1,-1,-1
175,21,1584.25,322.83,140.96,105.48,1,-1,-1,-1
176,2,36.91,855.06,140.36,130.01,1,-1,-1,-1
176,4,354.04,109.06,105.10,93.91,1,-1,-1,-1
176,20,1084.31,325.26,187.48,159.08,1,-1,-1,-1
176,21,1621.33,335.54,136.94,95.18,1,-1,-1,-1
177,2,34.31,854.86,144.46,129.23,1,-1,-1,-1
177,4,354.49,111.04,102.24,89.52,1,-1,-1,-1
177,20,1101.27,327.79,195.93,155.74,1,-1,-1,-1
177,21,1635.84,340.87,136.02,98.21,1,-1,-1,-1
178,2,33.86,854.58,144.54,129.24,1,-1,-1,-1
178,20,1113.00,329.72,193.82,157.17,1,-1,-1,-1
178,21,1642.24,345.74,134.08,101.59,1,-1,-1,-1
179,2,33.70,854.28,144.89,129.52,1,-1,-1,-1
179,20,1125.61,336.67,180.00,152.44,1,-1,-1,-1
179,21,1641.88,353.94,135.82,100.98,1,-1,-1,-1
180,2,33.81,854.25,144.82,129.54,1,-1,-1,-1
180,20,1124.94,345.25,176.19,150.79,1,-1,-1,-1
180,21,1636.87,368.46,127.20,101.29,1,-1,-1,-1
180,22,1248.73,554.49,145.12,173.48,1,-1,-1,-1
181,2,33.88,854.44,145.33,129.18,1,-1,-1,-1
181,20,1118.77,352.61,172.27,156.33,1,-1,-1,-1
181,21,1624.92,383.83,126.80,104.80,1,-1,-1,-1
181,22,1223.72,552.58,157.68,164.03,1,-1,-1,-1
181,23,1328.81,472.97,127.69,102.39,1,-1,-1,-1
182,2,33.96,854.06,145.22,129.77,1,-1,-1,-1
182,20,1111.10,358.21,167.85,154.29,1,-1,-1,-1
182,21,1615.43,396.80,123.08,105.35,1,-1,-1,-1
182,22,1207.91,544.70,146.35,159.31,1,-1,-1,-1
183,2,34.20,854.10,144.41,129.74,1,-1,-1,-1
183,20,1100.44,361.98,172.71,155.18,1,-1,-1,-1
183,21,1606.51,402.82,127.94,111.60,1,-1,-1,-1
184,2,33.53,854.07,145.50,129.88,1,-1,-1,-1
184,20,1094.74,362.21,177.25,154.07,1,-1,-1,-1
184,21,1609.22,412.68,123.12,103.26,1,-1,-1,-1
185,2,32.80,853.81,146.54,130.15,1,-1,-1,-1
185,4,351.15,110.79,105.33,93.20,1,-1,-1,-1
185,20,1111.08,349.45,173.22,151.28,1,-1,-1,-1
185,21,1627.36,417.24,121.25,92.64,1,-1,-1,-1
185,23,1325.75,476.56,129.34,100.70,1,-1,-1,-1
186,2,33.45,854.07,145.41,129.82,1,-1,-1,-1
186,20,1113.48,339.75,191.22,151.37,1,-1,-1,-1
186,21,1647.21,409.73,122.72,94.96,1,-1,-1,-1
186,23,1328.40,480.30,121.72,88.35,1,-1,-1,-1
187,2,33.53,853.94,145.34,130.10,1,-1,-1,-1
187,21,1633.00,397.80,120.12,89.05,1,-1,-1,-1
187,24,1463.72,110.35,101.31,75.92,1,-1,-1,-1
188,2,33.27,854.02,145.91,129.89,1,-1,-1,-1
188,24,1463.76,109.74,101.19,78.40,1,-1,-1,-1
189,2,35.87,854.31,141.67,130.77,1,-1,-1,-1
189,4,354.27,110.65,99.38,86.33,1,-1,-1,-1
190,2,33.51,854.25,146.36,130.20,1,-1,-1,-1
191,2,33.58,854.22,146.28,129.90,1,-1,-1,-1
191,24,1459.98,110.62,104.45,78.23,1,-1,-1,-1
191,26,1483.28,347.62,111.11,72.77,1,-1,-1,-1
192,2,33.62,854.05,146.26,129.98,1,-1,-1,-1
192,26,1474.91,338.47,113.50,83.97,1,-1,-1,-1
192,27,887.85,304.17,169.94,146.15,1,-1,-1,-1
193,2,33.55,853.71,145.90,130.31,1,-1,-1,-1
193,26,1447.84,335.16,115.00,78.89,1,-1,-1,-1
193,27,874.92,304.23,176.76,146.02,1,-1,-1,-1
194,2,33.68,853.72,145.76,130.18,1,-1,-1,-1
194,24,1463.67,110.70,100.12,76.17,1,-1,-1,-1
194,26,1417.80,328.32,113.62,81.47,1,-1,-1,-1
194,27,857.16,292.15,174.39,160.27,1,-1,-1,-1
195,2,33.93,854.52,143.93,128.67,1,-1,-1,-1
195,26,1399.24,324.90,108.22,87.53,1,-1,-1,-1
195,27,845.88,297.67,162.28,149.67,1,-1,-1,-1
196,2,35.89,854.86,139.66,129.31,1,-1,-1,-1
196,26,1386.84,323.71,110.59,90.85,1,-1,-1,-1
196,27,840.12,308.67,153.59,126.05,1,-1,-1,-1
197,2,33.65,854.90,143.22,128.61,1,-1,-1,-1
197,26,1383.98,325.81,108.16,89.65,1,-1,-1,-1
197,27,835.74,308.72,158.59,123.74,1,-1,-1,-1
198,2,33.37,854.33,143.56,129.05,1,-1,-1,-1
198,26,1383.04,329.77,105.89,87.90,1,-1,-1,-1
198,27,844.08,312.60,125.05,110.69,1,-1,-1,-1
199,2,34.92,854.13,141.20,130.27,1,-1,-1,-1
199,26,1384.05,339.34,112.87,88.52,1,-1,-1,-1
200,2,35.21,854.44,141.40,130.20,1,-1,-1,-1
200,26,1391.70,341.56,112.78,91.18,1,-1,-1,-1
200,27,860.99,314.48,153.20,120.63,1,-1,-1,-1
201,2,35.52,854.90,141.19,129.75,1,-1,-1,-1
201,26,1392.12,336.48,111.56,87.70,1,-1,-1,-1
202,2,35.83,855.02,140.68,129.68,1,-1,-1,-1
202,26,1384.19,331.40,118.69,80.67,1,-1,-1,-1
203,2,34.33,854.74,141.55,129.03,1,-1,-1,-1
203,26,1374.16,300.52,138.83,102.71,1,-1,-1,-1
204,2,34.60,854.63,142.48,130.00,1,-1,-1,-1
204,26,1370.48,296.46,121.18,85.18,1,-1,-1,-1
205,2,35.25,854.83,142.44,130.04,1,-1,-1,-1
205,26,1356.23,283.27,121.93,88.30,1,-1,-1,-1
206,2,35.66,855.05,141.93,129.86,1,-1,-1,-1
206,26,1345.70,270.10,123.78,88.07,1,-1,-1,-1
207,2,35.52,855.28,142.47,129.77,1,-1,-1,-1
207,26,1338.89,262.11,125.42,82.15,1,-1,-1,-1
208,2,35.46,855.21,142.55,130.06,1,-1,-1,-1
208,26,1333.68,250.31,128.29,85.78,1,-1,-1,-1
209,2,35.48,855.26,141.86,130.04,1,-1,-1,-1
209,26,1332.31,245.75,128.70,85.78,1,-1,-1,-1
210,2,35.85,855.38,139.86,129.79,1,-1,-1,-1
210,26,1330.85,249.94,124.99,82.83,1,-1,-1,-1
211,2,35.43,855.65,139.64,129.42,1,-1,-1,-1
211,26,1335.27,255.98,121.38,88.96,1,-1,-1,-1
211,29,797.00,266.63,189.37,163.23,1,-1,-1,-1
212,2,35.22,855.64,139.50,129.49,1,-1,-1,-1
212,26,1339.04,264.16,123.92,91.05,1,-1,-1,-1
212,29,800.19,268.07,185.33,161.13,1,-1,-1,-1
213,2,34.97,855.66,140.57,129.46,1,-1,-1,-1
213,29,825.94,272.74,181.61,159.21,1,-1,-1,-1
214,2,34.97,855.47,141.81,129.56,1,-1,-1,-1
214,29,798.28,280.43,218.53,235.78,1,-1,-1,-1
215,2,35.38,855.41,141.73,129.40,1,-1,-1,-1
216,2,35.57,855.33,141.75,129.51,1,-1,-1,-1
216,31,946.39,275.15,196.95,160.74,1,-1,-1,-1
216,32,1505.35,319.36,121.75,96.74,1,-1,-1,-1
217,2,35.51,855.30,142.52,129.54,1,-1,-1,-1
218,2,36.10,855.27,142.02,129.59,1,-1,-1,-1
218,31,953.78,275.87,211.23,159.04,1,-1,-1,-1
219,2,36.33,855.25,140.86,129.68,1,-1,-1,-1
219,29,743.52,357.20,231.48,216.33,1,-1,-1,-1
219,31,941.91,268.59,210.04,167.70,1,-1,-1,-1
220,2,36.28,855.21,139.95,129.91,1,-1,-1,-1
220,30,354.85,109.58,103.76,94.43,1,-1,-1,-1
220,31,916.66,267.03,204.27,163.54,1,-1,-1,-1
221,2,36.12,855.24,140.62,129.87,1,-1,-1,-1
221,31,893.95,262.70,206.25,166.62,1,-1,-1,-1
222,2,35.33,855.05,141.90,130.19,1,-1,-1,-1
222,31,877.11,259.14,201.80,169.32,1,-1,-1,-1
222,35,1458.41,220.28,119.30,114.58,1,-1,-1,-1
223,2,35.42,855.01,141.26,130.15,1,-1,-1,-1
223,31,869.14,258.48,200.95,172.41,1,-1,-1,-1
223,35,1454.85,216.96,118.09,116.26,1,-1,-1,-1
224,2,35.46,855.21,141.84,129.79,1,-1,-1,-1
224,31,866.91,258.84,200.20,173.93,1,-1,-1,-1
225,2,33.67,855.59,145.11,128.25,1,-1,-1,-1
225,31,872.07,262.85,193.24,176.02,1,-1,-1,-1
225,35,1443.02,243.26,120.40,100.08,1,-1,-1,-1
226,2,35.27,855.03,142.98,129.58,1,-1,-1,-1
226,31,878.79,269.09,199.62,177.79,1,-1,-1,-1
226,35,1441.03,270.68,123.55,96.57,1,-1,-1,-1
227,2,34.52,854.74,142.43,129.22,1,-1,-1,-1
227,31,888.56,273.64,198.17,178.60,1,-1,-1,-1
227,35,1443.50,286.32,125.83,102.38,1,-1,-1,-1
227,36,621.15,344.07,195.59,200.77,1,-1,-1,-1
228,2,35.78,855.36,140.09,128.87,1,-1,-1,-1
228,31,917.78,279.84,210.60,186.88,1,-1,-1,-1
229,2,36.38,855.84,138.21,128.57,1,-1,-1,-1
229,31,951.07,290.81,198.11,182.39,1,-1,-1,-1
230,2,35.95,855.92,138.92,128.74,1,-1,-1,-1
230,31,980.34,294.40,219.29,193.47,1,-1,-1,-1
231,2,35.96,856.09,138.40,128.61,1,-1,-1,-1
231,31,1002.88,298.26,221.40,192.17,1,-1,-1,-1
231,38,1551.78,347.91,129.52,103.07,1,-1,-1,-1
232,2,35.07,855.76,141.39,129.13,1,-1,-1,-1
232,31,1010.62,297.73,225.14,202.54,1,-1,-1,-1
232,38,1554.61,347.99,127.49,100.19,1,-1,-1,-1
233,2,34.98,855.40,142.76,129.50,1,-1,-1,-1
233,31,999.81,293.05,239.84,211.95,1,-1,-1,-1
233,38,1552.57,336.79,129.15,108.30,1,-1,-1,-1
234,2,32.47,855.23,147.04,128.41,1,-1,-1,-1
234,31,979.71,290.95,254.53,216.94,1,-1,-1,-1
234,38,1542.11,326.71,131.45,104.08,1,-1,-1,-1
235,2,35.22,854.65,143.07,129.92,1,-1,-1,-1
235,31,950.71,288.11,258.26,216.92,1,-1,-1,-1
235,38,1517.87,307.54,133.46,107.19,1,-1,-1,-1
236,2,33.38,854.63,146.78,128.95,1,-1,-1,-1
236,31,927.61,285.93,261.83,217.30,1,-1,-1,-1
236,38,1495.56,291.71,140.26,111.99,1,-1,-1,-1
237,2,33.53,854.59,145.67,128.75,1,-1,-1,-1
237,31,937.34,311.64,239.95,187.39,1,-1,-1,-1
237,38,1486.03,280.29,141.03,103.99,1,-1,-1,-1
238,2,33.26,854.54,145.52,128.79,1,-1,-1,-1
238,31,913.68,302.74,273.95,209.20,1,-1,-1,-1
238,38,1481.66,266.77,144.68,106.52,1,-1,-1,-1
239,2,32.61,854.53,146.16,128.79,1,-1,-1,-1
239,31,905.80,291.75,283.10,223.64,1,-1,-1,-1
239,38,1482.61,259.73,142.55,103.00,1,-1,-1,-1
240,2,32.42,854.63,145.79,128.69,1,-1,-1,-1
240,31,992.87,343.43,172.81,154.83,1,-1,-1,-1
240,38,1483.36,251.61,142.80,104.54,1,-1,-1,-1
241,2,31.40,855.24,148.09,128.44,1,-1,-1,-1
241,31,929.63,290.72,293.22,247.70,1,-1,-1,-1
241,38,1489.90,245.15,141.91,107.50,1,-1,-1,-1
242,2,31.44,855.48,148.58,128.42,1,-1,-1,-1
242,31,940.37,336.33,287.10,173.27,1,-1,-1,-1
242,38,1499.96,244.57,147.97,108.06,1,-1,-1,-1
243,2,31.91,855.68,147.78,128.32,1,-1,-1,-1
243,31,957.89,315.13,280.79,216.10,1,-1,-1,-1
243,38,1519.66,246.46,145.35,111.35,1,-1,-1,-1
244,2,32.92,855.44,145.55,128.76,1,-1,-1,-1
244,31,997.17,311.29,266.08,226.75,1,-1,-1,-1
244,38,1541.64,253.09,142.17,114.49,1,-1,-1,-1
245,2,32.92,855.37,145.59,128.86,1,-1,-1,-1
245,31,995.56,324.99,293.49,216.70,1,-1,-1,-1
245,38,1553.27,254.18,145.04,123.81,1,-1,-1,-1
246,2,32.96,855.28,145.48,128.95,1,-1,-1,-1
246,31,1031.40,350.89,168.18,198.09,1,-1,-1,-1
246,38,1565.14,272.45,146.58,118.55,1,-1,-1,-1
247,2,33.18,855.41,145.03,128.64,1,-1,-1,-1
247,31,1011.76,354.68,168.91,210.77,1,-1,-1,-1
247,38,1571.48,284.03,147.14,116.26,1,-1,-1,-1
247,40,1133.07,375.50,173.71,188.08,1,-1,-1,-1
248,2,32.88,855.13,145.72,129.17,1,-1,-1,-1
248,31,996.79,376.07,151.90,198.28,1,-1,-1,-1
248,38,1571.48,276.42,145.18,130.57,1,-1,-1,-1
248,40,1129.78,369.08,179.66,213.00,1,-1,-1,-1
249,31,979.06,383.13,162.20,201.51,1,-1,-1,-1
249,38,1571.93,274.47,144.76,129.32,1,-1,-1,-1
249,40,1142.46,384.35,163.86,211.85,1,-1,-1,-1
250,31,973.80,390.64,166.43,192.42,1,-1,-1,-1
250,38,1575.24,273.51,143.05,123.16,1,-1,-1,-1
250,40,1138.10,397.62,178.08,223.44,1,-1,-1,-1
251,38,1569.00,263.84,145.27,122.92,1,-1,-1,-1
252,38,1558.40,254.76,145.17,117.87,1,-1,-1,-1
253,38,1535.10,263.19,145.18,84.28,1,-1,-1,-1
255,38,1489.30,213.28,142.01,117.19,1,-1,-1,-1
256,2,34.50,854.75,146.15,130.72,1,-1,-1,-1
257,2,34.17,854.25,146.17,131.45,1,-1,-1,-1
257,43,356.40,129.46,105.81,90.12,1,-1,-1,-1
257,45,99.29,115.78,132.94,126.19,1,-1,-1,-1
258,2,33.33,853.91,145.77,131.76,1,-1,-1,-1
258,38,1414.22,140.72,148.58,137.67,1,-1,-1,-1
258,43,355.77,123.45,105.93,93.65,1,-1,-1,-1
258,45,106.12,118.28,121.15,120.37,1,-1,-1,-1
259,2,34.23,855.84,142.98,128.84,1,-1,-1,-1
259,38,1396.14,132.00,147.23,130.51,1,-1,-1,-1
259,43,355.08,118.34,105.54,90.10,1,-1,-1,-1
259,44,225.21,115.70,123.67,122.20,1,-1,-1,-1
259,45,109.08,117.58,119.06,120.79,1,-1,-1,-1
260,2,34.42,856.44,142.72,128.50,1,-1,-1,-1
260,43,355.02,110.19,104.70,95.97,1,-1,-1,-1
260,44,228.66,120.60,120.58,95.26,1,-1,-1,-1
260,45,103.18,111.18,133.25,140.05,1,-1,-1,-1
261,2,34.69,856.65,140.75,127.77,1,-1,-1,-1
261,31,818.66,512.77,163.33,159.66,1,-1,-1,-1
261,38,1374.73,108.07,165.26,144.01,1,-1,-1,-1
261,43,356.53,108.03,102.63,94.15,1,-1,-1,-1
261,44,222.42,64.64,154.94,160.18,1,-1,-1,-1
261,45,106.18,115.89,133.42,133.23,1,-1,-1,-1
262,2,34.65,856.79,140.36,128.10,1,-1,-1,-1
262,43,358.11,106.88,100.29,94.09,1,-1,-1,-1
262,45,84.24,117.10,159.30,128.58,1,-1,-1,-1
262,46,1695.34,116.89,121.00,123.02,1,-1,-1,-1
263,2,34.89,857.12,140.12,127.79,1,-1,-1,-1
263,38,1362.73,147.00,147.02,114.32,1,-1,-1,-1
263,46,1694.09,116.71,122.77,124.37,1,-1,-1,-1
264,2,35.89,857.16,139.23,127.74,1,-1,-1,-1
264,46,1693.19,116.83,119.04,125.16,1,-1,-1,-1
264,47,1461.37,109.95,102.11,79.11,1,-1,-1,-1
265,2,36.10,857.08,138.66,127.78,1,-1,-1,-1
265,47,1460.02,109.79,104.75,78.10,1,-1,-1,-1
266,2,36.19,857.32,138.37,127.33,1,-1,-1,-1
266,47,1460.00,109.41,104.01,78.23,1,-1,-1,-1
267,2,36.18,857.51,137.84,127.11,1,-1,-1,-1
267,47,1458.82,108.62,105.32,80.52,1,-1,-1,-1
268,2,36.03,856.90,138.31,127.03,1,-1,-1,-1
268,43,337.24,107.16,127.91,133.14,1,-1,-1,-1
268,45,105.32,117.92,125.32,107.44,1,-1,-1,-1
268,46,1696.55,116.41,116.12,124.89,1,-1,-1,-1
269,2,37.62,856.58,137.07,127.53,1,-1,-1,-1
269,43,313.38,104.00,155.40,141.73,1,-1,-1,-1
269,45,108.05,117.42,122.06,102.56,1,-1,-1,-1
269,47,1457.00,109.67,108.52,81.50,1,-1,-1,-1
270,2,35.77,856.38,140.30,128.01,1,-1,-1,-1
270,43,342.42,111.54,114.18,128.01,1,-1,-1,-1
270,45,106.94,109.62,126.09,133.49,1,-1,-1,-1
270,47,1458.14,110.16,107.09,81.56,1,-1,-1,-1
271,2,35.62,856.42,140.09,127.88,1,-1,-1,-1
271,43,347.13,112.06,115.04,124.24,1,-1,-1,-1
271,45,103.95,114.28,131.90,129.18,1,-1,-1,-1
271,47,1457.71,110.24,107.89,83.15,1,-1,-1,-1
272,2,35.84,856.45,139.20,127.89,1,-1,-1,-1
272,43,349.38,111.13,115.88,122.89,1,-1,-1,-1
272,47,1456.87,110.12,109.26,84.71,1,-1,-1,-1
273,2,35.59,856.56,139.54,127.68,1,-1,-1,-1
273,43,354.63,115.32,108.00,97.11,1,-1,-1,-1
273,48,923.44,46.88,167.47,141.26,1,-1,-1,-1
274,2,35.29,856.55,140.20,127.75,1,-1,-1,-1
274,43,354.50,110.29,107.62,97.10,1,-1,-1,-1
275,2,35.45,856.54,139.88,127.76,1,-1,-1,-1
275,43,354.19,107.91,107.71,96.89,1,-1,-1,-1
276,2,33.51,856.76,143.14,126.62,1,-1,-1,-1
276,43,353.81,107.23,108.19,96.79,1,-1,-1,-1
277,2,32.86,856.30,143.32,126.94,1,-1,-1,-1
277,43,345.70,102.11,120.95,123.41,1,-1,-1,-1
278,2,32.48,855.94,143.19,127.47,1,-1,-1,-1
278,43,348.09,106.11,116.00,127.83,1,-1,-1,-1
279,2,35.06,855.92,137.84,127.38,1,-1,-1,-1
279,43,352.88,115.69,108.06,96.24,1,-1,-1,-1
279,50,1135.47,19.26,168.84,151.11,1,-1,-1,-1
279,51,710.76,399.07,147.20,155.79,1,-1,-1,-1
280,2,33.24,856.12,142.47,126.77,1,-1,-1,-1
280,43,353.10,111.77,108.63,96.15,1,-1,-1,-1
280,50,1132.63,17.73,168.49,154.55,1,-1,-1,-1
280,51,704.04,398.78,151.94,149.58,1,-1,-1,-1
281,2,34.13,856.16,142.57,126.68,1,-1,-1,-1
281,43,353.61,109.79,108.10,95.65,1,-1,-1,-1
281,49,233.39,114.47,112.78,92.02,1,-1,-1,-1
281,50,1123.76,14.87,166.59,156.08,1,-1,-1,-1
282,2,37.24,855.94,138.81,127.82,1,-1,-1,-1
282,43,348.60,101.63,117.13,129.44,1,-1,-1,-1
282,47,1460.52,110.01,99.97,75.08,1,-1,-1,-1
282,50,1107.21,15.59,166.43,146.16,1,-1,-1,-1
282,52,761.46,184.42,189.27,207.35,1,-1,-1,-1
283,2,37.94,856.24,138.53,127.66,1,-1,-1,-1
283,43,354.83,114.40,105.33,94.06,1,-1,-1,-1
283,47,1461.85,110.63,101.70,72.12,1,-1,-1,-1
283,49,231.94,114.94,113.30,91.99,1,-1,-1,-1
283,50,1092.01,10.22,161.99,145.53,1,-1,-1,-1
284,2,38.49,856.37,137.79,127.61,1,-1,-1,-1
284,43,354.81,111.23,105.69,94.32,1,-1,-1,-1
284,47,1462.35,109.89,98.68,72.52,1,-1,-1,-1
284,50,1074.19,3.74,166.77,148.26,1,-1,-1,-1
284,51,636.62,396.97,159.90,197.79,1,-1,-1,-1
284,52,731.79,184.68,201.67,215.75,1,-1,-1,-1
285,2,38.44,856.45,137.94,127.53,1,-1,-1,-1
285,43,354.49,109.34,106.54,95.01,1,-1,-1,-1
285,47,1461.89,109.60,98.39,73.01,1,-1,-1,-1
285,49,238.34,115.51,105.59,90.99,1,-1,-1,-1
285,50,1059.49,0.88,165.42,149.14,1,-1,-1,-1
285,53,100.05,113.10,137.11,134.25,1,-1,-1,-1
286,2,38.62,856.55,137.33,127.39,1,-1,-1,-1
286,43,346.45,101.19,119.87,132.76,1,-1,-1,-1
286,47,1461.33,109.78,103.03,73.58,1,-1,-1,-1
286,49,236.91,114.97,109.49,91.89,1,-1,-1,-1
286,53,106.21,117.66,125.32,125.08,1,-1,-1,-1
287,2,37.94,856.54,138.71,127.41,1,-1,-1,-1
287,43,351.66,114.76,109.31,96.19,1,-1,-1,-1
287,49,227.16,113.99,125.60,95.26,1,-1,-1,-1
287,53,106.11,124.58,125.18,101.51,1,-1,-1,-1
288,2,37.14,856.66,138.23,126.56,1,-1,-1,-1
288,43,351.76,112.01,108.64,94.10,1,-1,-1,-1
288,49,229.73,115.91,120.38,91.11,1,-1,-1,-1
288,53,109.26,121.29,120.52,96.08,1,-1,-1,-1
289,2,35.57,856.69,139.62,126.27,1,-1,-1,-1
289,43,351.73,109.75,108.03,94.33,1,-1,-1,-1
289,47,1462.92,109.70,102.25,78.32,1,-1,-1,-1
289,53,108.01,115.76,125.50,104.11,1,-1,-1,-1
290,2,34.97,856.53,140.06,126.42,1,-1,-1,-1
290,43,348.05,108.49,113.97,97.13,1,-1,-1,-1
290,47,1464.00,110.71,98.77,75.38,1,-1,-1,-1
290,49,225.79,115.49,125.20,89.55,1,-1,-1,-1
290,53,109.77,116.05,123.73,101.09,1,-1,-1,-1
291,2,34.89,856.38,140.80,126.50,1,-1,-1,-1
291,43,353.82,108.92,104.40,94.60,1,-1,-1,-1
291,47,1459.74,109.83,107.39,79.13,1,-1,-1,-1
291,49,224.29,115.11,126.52,91.03,1,-1,-1,-1
291,53,116.12,117.10,112.10,90.62,1,-1,-1,-1
292,2,34.62,855.89,141.10,127.13,1,-1,-1,-1
292,43,353.22,108.61,105.69,92.45,1,-1,-1,-1
292,49,225.69,115.81,124.04,89.06,1,-1,-1,-1
292,53,117.03,115.42,110.95,89.94,1,-1,-1,-1
293,2,33.69,855.58,142.79,127.45,1,-1,-1,-1
293,43,352.94,108.66,106.69,91.52,1,-1,-1,-1
293,49,225.85,115.54,123.65,90.15,1,-1,-1,-1
293,53,117.49,114.79,109.96,89.63,1,-1,-1,-1
293,55,1696.17,115.76,117.43,125.38,1,-1,-1,-1
294,2,33.90,855.54,143.43,127.42,1,-1,-1,-1
294,43,353.34,108.68,106.63,92.14,1,-1,-1,-1
294,47,1440.34,105.00,136.56,140.51,1,-1,-1,-1
294,49,227.17,115.66,121.49,91.11,1,-1,-1,-1
294,53,118.22,114.83,108.86,89.77,1,-1,-1,-1
294,55,1676.87,115.31,141.67,128.19,1,-1,-1,-1
295,2,35.10,855.69,143.70,127.87,1,-1,-1,-1
295,43,352.51,108.86,107.81,92.62,1,-1,-1,-1
295,47,1460.28,122.03,103.54,80.53,1,-1,-1,-1
295,49,239.98,115.99,103.77,90.75,1,-1,-1,-1
295,53,111.10,114.60,120.60,94.91,1,-1,-1,-1
296,2,35.91,855.73,142.87,128.15,1,-1,-1,-1
296,43,353.06,108.87,106.95,93.45,1,-1,-1,-1
296,47,1461.10,115.15,103.40,81.15,1,-1,-1,-1
296,49,230.62,110.06,121.53,118.60,1,-1,-1,-1
296,53,110.57,115.61,120.28,96.05,1,-1,-1,-1
297,2,35.13,855.49,143.70,128.62,1,-1,-1,-1
297,43,352.24,108.85,107.96,93.98,1,-1,-1,-1
297,47,1461.47,112.77,102.40,74.91,1,-1,-1,-1
297,56,1557.76,117.60,125.56,140.98,1,-1,-1,-1
298,2,38.85,856.44,139.39,127.16,1,-1,-1,-1
298,43,352.86,108.77,106.74,94.08,1,-1,-1,-1
298,47,1461.75,109.60,101.69,77.38,1,-1,-1,-1
298,49,220.78,118.04,133.20,97.12,1,-1,-1,-1
298,53,103.27,113.49,129.76,126.30,1,-1,-1,-1
299,2,36.39,855.63,143.11,128.51,1,-1,-1,-1
299,43,352.77,108.71,107.11,94.22,1,-1,-1,-1
299,47,1461.71,109.23,102.05,75.65,1,-1,-1,-1
299,49,220.62,116.25,130.56,97.76,1,-1,-1,-1
299,53,105.97,117.53,128.47,126.49,1,-1,-1,-1
299,55,1675.71,115.91,139.62,126.44,1,-1,-1,-1
299,57,1129.15,167.32,183.86,179.02,1,-1,-1,-1
300,2,36.38,855.92,142.78,128.19,1,-1,-1,-1
300,43,352.69,108.61,106.39,94.76,1,-1,-1,-1
300,47,1461.31,108.98,103.49,75.38,1,-1,-1,-1
300,49,220.29,115.72,129.16,95.26,1,-1,-1,-1
300,53,107.29,119.96,128.26,121.38,1,-1,-1,-1
300,56,1565.65,142.84,153.84,157.63,1,-1,-1,-1
300,57,1123.90,167.25,180.65,178.41,1,-1,-1,-1
300,58,1289.85,427.63,168.84,135.34,1,-1,-1,-1
301,2,36.63,856.12,142.08,127.88,1,-1,-1,-1
301,43,349.47,109.96,109.94,90.92,1,-1,-1,-1
301,47,1461.53,108.89,103.20,75.68,1,-1,-1,-1
301,49,220.14,114.99,129.43,94.51,1,-1,-1,-1
301,53,109.56,119.35,125.61,120.94,1,-1,-1,-1
301,56,1554.22,122.74,242.01,200.32,1,-1,-1,-1
301,57,1115.37,166.36,171.58,178.09,1,-1,-1,-1
301,58,1266.11,431.99,189.96,137.16,1,-1,-1,-1
