2,1,836.81,570.16,197.62,150.92,1,-1,-1,-1
2,2,39.14,852.79,139.42,129.46,1,-1,-1,-1
2,3,234.50,116.16,109.30,88.98,1,-1,-1,-1
2,4,357.13,109.67,104.05,91.23,1,-1,-1,-1
2,6,1462.55,110.30,101.69,75.88,1,-1,-1,-1
3,1,841.56,557.97,194.87,142.90,1,-1,-1,-1
3,2,39.14,852.85,139.14,129.33,1,-1,-1,-1
3,3,237.02,116.72,106.60,87.99,1,-1,-1,-1
3,4,356.15,109.86,104.06,91.82,1,-1,-1,-1
3,5,1579.47,113.79,103.77,83.46,1,-1,-1,-1
3,6,1462.77,110.38,101.60,75.77,1,-1,-1,-1
4,1,840.72,556.43,183.70,135.82,1,-1,-1,-1
4,2,39.06,852.86,139.16,129.38,1,-1,-1,-1
4,3,237.57,116.69,106.31,88.14,1,-1,-1,-1
4,4,355.87,109.90,105.03,92.69,1,-1,-1,-1
4,5,1579.23,113.95,104.65,84.17,1,-1,-1,-1
4,6,1462.68,110.43,101.78,75.98,1,-1,-1,-1
5,1,848.60,562.57,187.51,136.32,1,-1,-1,-1
5,2,38.85,852.82,139.30,129.46,1,-1,-1,-1
5,3,238.24,116.57,106.23,88.26,1,-1,-1,-1
5,4,355.59,109.85,106.38,93.70,1,-1,-1,-1
5,5,1579.60,113.93,106.16,84.94,1,-1,-1,-1
5,6,1462.81,110.63,101.82,76.40,1,-1,-1,-1
6,1,852.20,568.96,194.30,141.97,1,-1,-1,-1
6,2,38.94,852.83,139.23,129.43,1,-1,-1,-1
6,3,239.30,116.47,105.80,88.17,1,-1,-1,-1
6,4,356.36,109.62,106.94,93.64,1,-1,-1,-1
6,5,1580.01,113.71,106.47,84.77,1,-1,-1,-1
6,6,1462.90,111.06,102.23,77.57,1,-1,-1,-1
7,1,890.02,573.02,178.87,142.71,1,-1,-1,-1
7,2,38.90,852.82,139.36,129.50,1,-1,-1,-1
7,3,239.36,116.42,105.43,88.08,1,-1,-1,-1
7,4,356.34,109.66,106.82,93.28,1,-1,-1,-1
7,5,1580.51,113.64,107.34,85.13,1,-1,-1,-1
7,6,1462.64,111.01,102.63,78.51,1,-1,-1,-1
7,7,1699.05,114.58,106.04,86.89,1,-1,-1,-1
8,1,879.51,571.64,188.34,149.25,1,-1,-1,-1
8,2,38.89,852.82,139.52,129.55,1,-1,-1,-1
8,3,239.32,116.39,104.84,87.85,1,-1,-1,-1
8,4,356.17,110.23,104.36,91.55,1,-1,-1,-1
8,5,1580.96,113.51,108.70,85.64,1,-1,-1,-1
8,6,1462.30,110.94,102.69,79.12,1,-1,-1,-1
8,7,1700.67,114.26,107.21,88.51,1,-1,-1,-1
9,1,907.32,574.24,171.58,147.72,1,-1,-1,-1
9,2,38.81,852.79,139.58,129.57,1,-1,-1,-1
9,3,239.65,116.21,104.57,87.60,1,-1,-1,-1
9,4,357.17,110.44,102.31,90.05,1,-1,-1,-1
9,5,1581.03,113.66,109.77,86.49,1,-1,-1,-1
9,6,1461.83,110.68,102.72,79.41,1,-1,-1,-1
10,1,905.18,572.88,169.22,149.27,1,-1,-1,-1
10,2,38.82,852.79,139.60,129.58,1,-1,-1,-1
10,3,239.69,116.15,104.43,87.45,1,-1,-1,-1
10,4,357.51,110.82,101.14,89.36,1,-1,-1,-1
10,6,1461.84,110.72,102.97,79.93,1,-1,-1,-1
10,7,1700.05,113.97,108.26,89.55,1,-1,-1,-1
11,1,877.54,569.53,183.37,154.73,1,-1,-1,-1
11,2,38.91,852.76,139.64,129.58,1,-1,-1,-1
11,3,240.09,116.15,104.30,87.39,1,-1,-1,-1
11,4,357.53,111.15,100.78,89.24,1,-1,-1,-1
11,5,1580.86,113.17,109.51,86.11,1,-1,-1,-1
11,6,1461.41,110.94,103.77,80.83,1,-1,-1,-1
11,7,1698.44,115.57,110.10,91.85,1,-1,-1,-1
12,1,852.56,569.39,192.36,156.21,1,-1,-1,-1
12,2,38.92,852.77,139.47,129.53,1,-1,-1,-1
12,3,240.04,116.46,103.93,87.45,1,-1,-1,-1
12,4,357.24,110.80,101.92,90.29,1,-1,-1,-1
12,5,1580.49,112.75,107.26,83.98,1,-1,-1,-1
12,6,1461.61,110.54,103.83,80.76,1,-1,-1,-1
13,1,834.21,569.42,200.95,156.94,1,-1,-1,-1
13,2,38.81,852.76,139.68,129.58,1,-1,-1,-1
13,3,239.39,116.51,103.89,87.56,1,-1,-1,-1
13,4,356.77,110.36,102.38,90.92,1,-1,-1,-1
13,5,1580.16,112.66,105.47,81.87,1,-1,-1,-1
13,6,1461.73,110.24,103.72,80.37,1,-1,-1,-1
14,1,824.76,569.47,206.21,156.71,1,-1,-1,-1
14,2,38.76,852.77,139.74,129.57,1,-1,-1,-1
14,3,238.77,116.63,104.01,87.75,1,-1,-1,-1
14,4,357.10,109.88,102.64,90.78,1,-1,-1,-1
14,6,1461.57,110.17,103.77,80.12,1,-1,-1,-1
15,1,820.74,568.79,212.37,157.01,1,-1,-1,-1
15,2,38.76,852.76,139.82,129.59,1,-1,-1,-1
15,3,238.59,116.69,103.73,87.90,1,-1,-1,-1
15,4,357.51,109.56,102.92,90.49,1,-1,-1,-1
15,6,1461.73,109.54,103.35,78.67,1,-1,-1,-1
16,1,862.21,584.45,193.57,146.68,1,-1,-1,-1
16,2,38.93,852.79,139.67,129.54,1,-1,-1,-1
16,3,238.98,116.66,103.68,87.98,1,-1,-1,-1
16,4,357.44,109.44,103.02,90.18,1,-1,-1,-1
16,6,1461.96,109.68,103.15,77.97,1,-1,-1,-1
17,1,882.46,589.57,181.00,140.25,1,-1,-1,-1
17,2,38.93,852.80,139.68,129.52,1,-1,-1,-1
17,3,239.45,116.64,103.84,88.10,1,-1,-1,-1
17,4,356.69,109.75,104.32,90.97,1,-1,-1,-1
17,6,1461.88,110.35,103.29,78.34,1,-1,-1,-1
18,1,901.32,593.96,172.04,137.53,1,-1,-1,-1
18,2,39.08,852.89,139.38,129.59,1,-1,-1,-1
18,3,239.92,116.63,104.07,88.22,1,-1,-1,-1
18,4,356.84,109.66,104.81,91.31,1,-1,-1,-1
18,6,1462.25,110.51,103.06,78.57,1,-1,-1,-1
18,7,1698.44,113.47,109.25,90.40,1,-1,-1,-1
19,1,869.84,575.77,192.51,150.28,1,-1,-1,-1
19,2,39.03,852.92,139.20,129.66,1,-1,-1,-1
19,3,240.08,116.62,104.38,88.28,1,-1,-1,-1
19,4,356.86,109.55,105.08,91.49,1,-1,-1,-1
19,5,1580.14,114.24,104.73,82.85,1,-1,-1,-1
19,6,1461.96,110.85,103.33,79.30,1,-1,-1,-1
20,1,892.92,586.96,180.26,144.72,1,-1,-1,-1
20,2,39.18,852.94,139.06,129.71,1,-1,-1,-1
20,3,239.82,116.58,104.37,88.30,1,-1,-1,-1
20,4,356.28,109.42,105.33,91.58,1,-1,-1,-1
20,6,1461.93,110.62,103.28,79.50,1,-1,-1,-1
20,8,828.11,561.30,137.27,136.53,1,-1,-1,-1
21,1,903.86,593.47,170.72,140.22,1,-1,-1,-1
21,2,39.22,852.86,139.06,129.75,1,-1,-1,-1
21,3,239.44,116.65,104.22,88.44,1,-1,-1,-1
21,4,356.15,109.37,105.33,91.60,1,-1,-1,-1
21,6,1461.45,110.57,103.52,79.88,1,-1,-1,-1
21,8,818.24,565.54,134.67,131.33,1,-1,-1,-1
22,1,901.17,597.56,168.58,136.95,1,-1,-1,-1
22,2,39.33,852.82,138.98,129.77,1,-1,-1,-1
22,3,238.95,116.57,103.74,88.36,1,-1,-1,-1
22,4,356.45,109.25,105.03,91.25,1,-1,-1,-1
22,6,1461.44,109.84,103.43,79.11,1,-1,-1,-1
22,8,810.71,567.53,127.85,124.38,1,-1,-1,-1
23,1,897.02,599.89,168.76,134.82,1,-1,-1,-1
23,2,39.29,852.78,139.11,129.82,1,-1,-1,-1
23,3,238.78,116.48,103.27,88.31,1,-1,-1,-1
23,4,356.63,109.45,104.67,90.90,1,-1,-1,-1
23,6,1461.44,109.61,103.41,78.37,1,-1,-1,-1
23,8,807.30,568.60,128.74,123.27,1,-1,-1,-1
24,1,849.03,583.14,195.50,147.62,1,-1,-1,-1
24,2,39.22,852.75,139.31,129.91,1,-1,-1,-1
24,3,237.12,115.99,104.39,88.69,1,-1,-1,-1
24,4,356.62,109.80,104.31,90.84,1,-1,-1,-1
24,6,1461.67,109.46,103.15,77.50,1,-1,-1,-1
25,1,862.86,591.32,188.63,145.05,1,-1,-1,-1
25,2,39.11,852.74,139.41,129.95,1,-1,-1,-1
25,3,233.48,115.12,105.96,88.40,1,-1,-1,-1
25,4,356.37,109.69,103.70,90.36,1,-1,-1,-1
25,6,1461.50,109.59,103.01,76.88,1,-1,-1,-1
25,8,791.90,562.15,133.02,126.59,1,-1,-1,-1
26,1,867.66,594.04,183.30,142.47,1,-1,-1,-1
26,2,39.04,852.73,139.50,129.97,1,-1,-1,-1
26,3,232.54,114.87,107.17,88.00,1,-1,-1,-1
26,4,356.21,110.03,101.88,89.28,1,-1,-1,-1
26,6,1461.53,109.71,102.82,76.37,1,-1,-1,-1
26,8,785.17,562.00,137.17,127.14,1,-1,-1,-1
27,1,873.86,593.57,181.73,141.82,1,-1,-1,-1
27,2,38.99,852.73,139.56,129.96,1,-1,-1,-1
27,3,231.76,115.07,108.28,88.43,1,-1,-1,-1
27,4,356.82,109.89,101.90,88.90,1,-1,-1,-1
27,5,1580.96,114.24,105.29,83.11,1,-1,-1,-1
27,6,1461.30,109.86,102.88,76.04,1,-1,-1,-1
27,8,785.83,560.91,137.09,126.78,1,-1,-1,-1
28,1,878.40,596.41,181.08,142.85,1,-1,-1,-1
28,2,39.11,852.76,139.46,129.92,1,-1,-1,-1
28,3,232.29,115.39,108.41,88.59,1,-1,-1,-1
28,4,357.32,110.20,102.51,89.10,1,-1,-1,-1
28,6,1461.13,110.02,103.03,75.91,1,-1,-1,-1
28,8,786.61,559.95,136.94,126.82,1,-1,-1,-1
29,1,880.47,598.20,181.03,144.04,1,-1,-1,-1
29,2,39.45,852.75,139.24,129.87,1,-1,-1,-1
29,3,233.50,115.65,107.80,88.33,1,-1,-1,-1
29,4,357.53,110.12,102.83,89.14,1,-1,-1,-1
29,6,1461.03,109.96,103.15,75.71,1,-1,-1,-1
29,8,786.66,560.53,136.01,126.08,1,-1,-1,-1
30,1,882.66,595.51,182.59,145.73,1,-1,-1,-1
30,2,39.80,852.82,139.45,130.05,1,-1,-1,-1
30,3,234.13,116.27,107.74,88.33,1,-1,-1,-1
30,4,357.61,110.40,102.98,89.00,1,-1,-1,-1
30,6,1460.95,110.04,103.29,75.36,1,-1,-1,-1
30,8,788.40,561.38,135.59,125.16,1,-1,-1,-1
31,1,888.95,598.06,181.30,145.77,1,-1,-1,-1
31,2,39.73,852.85,139.78,130.24,1,-1,-1,-1
31,3,234.22,116.32,106.56,88.14,1,-1,-1,-1
31,4,357.77,110.75,103.48,89.49,1,-1,-1,-1
31,6,1460.59,110.50,103.56,75.77,1,-1,-1,-1
31,8,788.44,559.71,137.93,125.98,1,-1,-1,-1
32,1,892.22,600.18,180.14,146.89,1,-1,-1,-1
32,2,39.63,852.78,139.94,130.38,1,-1,-1,-1
32,3,234.59,116.41,105.63,87.98,1,-1,-1,-1
32,4,357.73,110.78,103.81,89.80,1,-1,-1,-1
32,6,1460.39,110.59,103.71,76.02,1,-1,-1,-1
32,8,787.83,558.60,139.42,126.82,1,-1,-1,-1
33,1,893.09,601.48,179.60,147.33,1,-1,-1,-1
33,2,39.65,852.71,139.96,130.46,1,-1,-1,-1
33,3,235.05,116.35,104.92,87.59,1,-1,-1,-1
33,4,357.74,110.96,104.33,90.35,1,-1,-1,-1
33,6,1460.35,110.78,103.97,76.53,1,-1,-1,-1
33,8,785.72,556.77,140.64,127.20,1,-1,-1,-1
34,1,898.48,595.32,177.74,149.09,1,-1,-1,-1
34,2,39.67,852.65,140.02,130.48,1,-1,-1,-1
34,4,356.78,110.70,104.88,90.54,1,-1,-1,-1
34,6,1461.03,110.98,103.89,77.24,1,-1,-1,-1
34,8,785.03,552.24,141.41,128.06,1,-1,-1,-1
35,1,902.52,592.07,176.26,151.35,1,-1,-1,-1
35,2,39.57,852.62,140.22,130.52,1,-1,-1,-1
35,4,356.24,110.52,105.85,90.76,1,-1,-1,-1
35,6,1461.20,110.78,103.86,77.54,1,-1,-1,-1
35,8,786.80,549.38,140.33,128.02,1,-1,-1,-1
36,1,887.17,572.56,180.74,159.87,1,-1,-1,-1
36,2,39.01,852.68,140.56,130.62,1,-1,-1,-1
36,3,236.13,113.21,103.49,84.12,1,-1,-1,-1
36,4,356.33,110.74,106.99,91.67,1,-1,-1,-1
36,6,1461.08,110.97,103.79,78.23,1,-1,-1,-1
36,8,785.30,544.89,140.48,125.97,1,-1,-1,-1
37,1,880.23,572.65,176.99,158.28,1,-1,-1,-1
37,2,38.90,852.64,140.72,130.70,1,-1,-1,-1
37,3,237.45,112.86,103.12,80.46,1,-1,-1,-1
37,4,356.00,110.70,106.73,92.12,1,-1,-1,-1
37,6,1460.77,110.65,103.82,78.46,1,-1,-1,-1
37,8,775.74,536.57,141.97,126.19,1,-1,-1,-1
38,1,873.31,575.08,174.80,158.62,1,-1,-1,-1
38,2,38.74,852.59,140.75,130.77,1,-1,-1,-1
38,3,238.18,113.48,103.08,79.52,1,-1,-1,-1
38,4,354.99,110.48,104.18,91.06,1,-1,-1,-1
38,6,1461.37,110.46,102.90,78.44,1,-1,-1,-1
38,8,771.34,536.58,146.18,126.50,1,-1,-1,-1
38,9,1700.07,116.35,110.67,123.08,1,-1,-1,-1
39,1,871.44,580.53,174.93,157.88,1,-1,-1,-1
39,2,38.59,852.57,140.71,130.83,1,-1,-1,-1
39,3,238.54,113.84,102.99,78.60,1,-1,-1,-1
39,4,355.35,110.53,102.41,90.12,1,-1,-1,-1
39,6,1461.46,110.47,102.21,78.48,1,-1,-1,-1
39,8,770.60,536.22,149.03,126.68,1,-1,-1,-1
39,9,1699.61,117.10,111.24,126.01,1,-1,-1,-1
40,1,868.95,580.94,176.03,158.35,1,-1,-1,-1
40,2,38.64,852.54,140.70,130.87,1,-1,-1,-1
40,3,238.10,114.06,103.48,78.30,1,-1,-1,-1
40,4,356.31,110.69,103.16,90.54,1,-1,-1,-1
40,6,1461.98,110.32,101.44,78.30,1,-1,-1,-1
40,8,770.09,536.60,149.84,125.87,1,-1,-1,-1
40,9,1699.14,117.06,110.97,127.26,1,-1,-1,-1
41,1,867.88,580.31,178.25,159.84,1,-1,-1,-1
41,2,38.69,852.51,140.71,130.86,1,-1,-1,-1
41,3,237.79,114.00,103.87,77.80,1,-1,-1,-1
41,4,356.85,110.71,103.78,90.82,1,-1,-1,-1
41,6,1461.64,110.73,101.31,78.86,1,-1,-1,-1
41,8,766.32,536.80,146.43,124.46,1,-1,-1,-1
41,9,1699.25,115.44,110.33,125.71,1,-1,-1,-1
42,1,866.94,576.00,181.65,161.49,1,-1,-1,-1
42,2,38.57,852.52,140.73,130.89,1,-1,-1,-1
42,3,239.46,113.63,102.19,75.23,1,-1,-1,-1
42,4,357.27,110.61,104.19,90.62,1,-1,-1,-1
42,6,1462.54,110.53,100.85,78.82,1,-1,-1,-1
42,8,770.42,531.65,149.04,124.66,1,-1,-1,-1
42,9,1696.36,116.34,112.54,128.18,1,-1,-1,-1
43,1,865.21,574.84,187.32,164.01,1,-1,-1,-1
43,2,38.40,852.50,140.66,130.88,1,-1,-1,-1
43,3,241.25,115.04,102.23,74.86,1,-1,-1,-1
43,4,357.66,110.97,105.41,91.12,1,-1,-1,-1
43,6,1462.85,110.55,100.58,79.04,1,-1,-1,-1
43,8,773.12,529.83,148.21,123.68,1,-1,-1,-1
43,9,1694.65,115.43,114.12,128.80,1,-1,-1,-1
44,1,863.24,574.47,192.01,166.31,1,-1,-1,-1
44,2,38.33,852.50,140.67,130.88,1,-1,-1,-1
44,3,242.15,115.88,102.36,74.98,1,-1,-1,-1
44,4,357.56,111.05,106.32,91.55,1,-1,-1,-1
44,6,1463.17,110.49,100.30,79.17,1,-1,-1,-1
44,8,774.64,528.71,148.07,123.54,1,-1,-1,-1
44,9,1693.77,115.12,115.17,129.16,1,-1,-1,-1
45,1,861.18,575.11,197.50,169.14,1,-1,-1,-1
45,2,38.39,852.46,140.67,130.82,1,-1,-1,-1
45,3,242.60,116.65,102.48,75.76,1,-1,-1,-1
45,4,357.47,111.00,107.03,91.75,1,-1,-1,-1
45,6,1462.89,110.55,100.76,79.60,1,-1,-1,-1
45,8,777.02,527.42,147.21,123.89,1,-1,-1,-1
45,9,1693.86,114.78,116.20,129.00,1,-1,-1,-1
46,1,860.16,574.58,201.52,171.53,1,-1,-1,-1
46,2,38.51,852.47,140.65,130.76,1,-1,-1,-1
46,3,242.24,117.21,102.95,77.09,1,-1,-1,-1
46,4,357.21,110.81,107.46,91.86,1,-1,-1,-1
46,6,1462.91,110.32,100.97,79.63,1,-1,-1,-1
46,8,780.70,525.34,147.94,124.62,1,-1,-1,-1
46,9,1695.96,115.46,115.83,129.82,1,-1,-1,-1
47,1,859.12,573.51,204.30,173.77,1,-1,-1,-1
47,2,38.54,852.49,140.70,130.74,1,-1,-1,-1
47,3,241.83,117.14,103.24,78.00,1,-1,-1,-1
47,4,357.12,110.68,107.86,91.92,1,-1,-1,-1
47,6,1462.82,109.96,100.95,79.25,1,-1,-1,-1
47,8,781.96,523.86,147.48,125.25,1,-1,-1,-1
47,9,1696.28,115.95,115.74,131.11,1,-1,-1,-1
48,1,872.38,565.86,208.65,173.24,1,-1,-1,-1
48,2,38.69,852.52,140.91,130.81,1,-1,-1,-1
48,3,239.69,117.44,104.81,79.85,1,-1,-1,-1
48,4,355.91,110.57,106.64,91.89,1,-1,-1,-1
48,6,1463.29,109.07,101.35,78.03,1,-1,-1,-1
48,8,787.89,524.01,146.39,121.96,1,-1,-1,-1
48,9,1694.75,115.31,115.78,130.50,1,-1,-1,-1
49,1,882.45,566.69,210.23,175.60,1,-1,-1,-1
49,2,38.72,852.54,141.13,130.90,1,-1,-1,-1
49,3,237.03,117.60,105.45,81.41,1,-1,-1,-1
49,6,1462.84,109.11,102.03,77.20,1,-1,-1,-1
49,8,802.69,517.79,147.97,122.16,1,-1,-1,-1
49,9,1692.33,115.83,116.86,131.21,1,-1,-1,-1
50,1,883.28,566.92,213.11,178.08,1,-1,-1,-1
50,2,38.24,853.30,140.84,130.93,1,-1,-1,-1
50,3,235.37,117.23,105.95,82.36,1,-1,-1,-1
50,6,1462.43,109.37,102.91,76.77,1,-1,-1,-1
50,8,808.76,514.65,148.86,122.97,1,-1,-1,-1
50,9,1691.30,116.05,117.14,131.70,1,-1,-1,-1
51,1,886.93,565.01,214.57,181.17,1,-1,-1,-1
51,2,38.58,852.82,141.07,130.98,1,-1,-1,-1
51,3,236.94,117.07,105.43,83.11,1,-1,-1,-1
51,6,1461.86,109.54,103.69,76.33,1,-1,-1,-1
51,8,812.34,511.82,149.66,122.66,1,-1,-1,-1
52,1,896.75,565.31,217.08,183.79,1,-1,-1,-1
52,2,38.21,852.73,141.40,131.08,1,-1,-1,-1
52,3,237.11,117.15,105.05,83.88,1,-1,-1,-1
52,6,1461.90,109.82,103.81,76.09,1,-1,-1,-1
52,8,821.99,510.53,150.98,123.93,1,-1,-1,-1
53,1,904.52,566.63,217.00,185.79,1,-1,-1,-1
53,2,35.79,852.43,141.39,131.04,1,-1,-1,-1
53,3,237.39,116.78,104.22,84.07,1,-1,-1,-1
53,6,1461.96,109.96,103.49,75.82,1,-1,-1,-1
53,8,827.51,508.13,148.14,125.33,1,-1,-1,-1
54,1,905.46,566.77,216.81,188.66,1,-1,-1,-1
54,2,34.79,852.32,140.27,130.89,1,-1,-1,-1
54,3,238.11,116.98,103.53,84.88,1,-1,-1,-1
54,6,1462.59,110.24,103.18,75.91,1,-1,-1,-1
54,8,828.28,507.04,148.80,126.56,1,-1,-1,-1
54,9,1688.48,115.34,120.40,133.56,1,-1,-1,-1
55,1,903.07,568.56,216.76,189.60,1,-1,-1,-1
55,2,36.43,852.19,138.52,130.81,1,-1,-1,-1
55,3,238.12,117.02,103.40,85.67,1,-1,-1,-1
55,6,1461.96,110.45,103.70,76.20,1,-1,-1,-1
55,8,825.05,506.04,149.44,128.26,1,-1,-1,-1
56,1,900.14,568.86,215.25,190.60,1,-1,-1,-1
56,2,36.31,852.03,137.40,130.80,1,-1,-1,-1
56,3,238.11,117.07,103.72,86.63,1,-1,-1,-1
56,6,1461.07,110.59,104.66,76.69,1,-1,-1,-1
56,8,824.63,504.77,147.54,129.97,1,-1,-1,-1
57,1,894.00,570.54,215.52,193.03,1,-1,-1,-1
57,2,36.93,852.01,136.94,130.79,1,-1,-1,-1
57,3,238.19,116.95,103.71,87.35,1,-1,-1,-1
57,4,354.30,111.14,106.44,91.86,1,-1,-1,-1
57,6,1460.29,110.79,105.46,77.36,1,-1,-1,-1
57,8,826.02,504.26,146.93,131.23,1,-1,-1,-1
58,1,886.87,572.12,218.19,195.99,1,-1,-1,-1
58,2,36.68,852.02,136.10,130.88,1,-1,-1,-1
58,3,238.43,116.84,103.81,88.07,1,-1,-1,-1
58,6,1460.04,110.85,105.96,77.97,1,-1,-1,-1
58,8,827.14,505.07,145.72,131.31,1,-1,-1,-1
59,1,882.14,572.48,221.37,200.38,1,-1,-1,-1
59,2,36.35,851.98,135.69,130.97,1,-1,-1,-1
59,3,238.41,116.60,103.82,88.54,1,-1,-1,-1
59,4,354.39,111.15,106.22,91.76,1,-1,-1,-1
59,6,1459.77,110.76,106.33,78.44,1,-1,-1,-1
59,8,827.65,506.69,143.73,130.16,1,-1,-1,-1
59,10,114.86,116.34,111.38,114.07,1,-1,-1,-1
60,1,875.85,573.76,221.00,201.81,1,-1,-1,-1
60,2,36.49,851.98,135.31,130.96,1,-1,-1,-1
60,3,238.48,116.42,103.93,88.89,1,-1,-1,-1
60,4,354.49,111.30,106.17,91.96,1,-1,-1,-1
60,6,1459.80,110.34,106.35,78.27,1,-1,-1,-1
60,8,828.22,508.19,140.05,128.80,1,-1,-1,-1
60,10,113.93,118.04,114.22,118.94,1,-1,-1,-1
61,2,37.39,852.22,137.24,131.31,1,-1,-1,-1
61,3,239.41,115.29,101.86,87.86,1,-1,-1,-1
61,4,354.46,111.15,106.05,92.46,1,-1,-1,-1
61,6,1458.91,110.93,106.99,79.28,1,-1,-1,-1
61,8,829.47,509.95,136.44,127.21,1,-1,-1,-1
62,1,874.02,577.80,231.95,209.72,1,-1,-1,-1
62,2,38.53,852.37,136.65,131.45,1,-1,-1,-1
62,3,240.17,114.89,100.42,87.48,1,-1,-1,-1
62,4,354.54,111.32,106.06,92.90,1,-1,-1,-1
62,6,1458.30,111.13,107.82,80.30,1,-1,-1,-1
62,8,831.63,509.27,133.74,127.10,1,-1,-1,-1
63,1,864.75,578.66,241.06,215.80,1,-1,-1,-1
63,2,39.10,852.40,136.36,131.55,1,-1,-1,-1
63,3,240.46,115.41,99.08,87.35,1,-1,-1,-1
63,4,354.56,111.18,106.05,93.13,1,-1,-1,-1
63,6,1457.49,110.93,108.32,80.81,1,-1,-1,-1
63,8,833.08,509.27,132.95,126.95,1,-1,-1,-1
64,1,855.40,572.47,245.42,219.79,1,-1,-1,-1
64,2,39.33,852.42,136.04,131.62,1,-1,-1,-1
64,3,241.22,115.73,98.22,87.48,1,-1,-1,-1
64,4,355.28,110.83,105.41,93.03,1,-1,-1,-1
64,6,1458.47,110.38,108.30,80.86,1,-1,-1,-1
64,8,836.98,504.46,137.23,125.98,1,-1,-1,-1
65,1,847.53,570.93,244.40,222.95,1,-1,-1,-1
65,2,39.47,852.40,135.86,131.67,1,-1,-1,-1
65,3,241.83,115.76,97.34,87.46,1,-1,-1,-1
65,4,355.76,110.73,105.11,93.15,1,-1,-1,-1
65,6,1459.86,110.30,108.22,81.09,1,-1,-1,-1
65,8,838.31,502.68,140.69,125.10,1,-1,-1,-1
65,9,1690.62,115.17,124.85,134.13,1,-1,-1,-1
66,1,853.79,566.05,256.32,228.16,1,-1,-1,-1
66,2,39.65,852.37,135.71,131.70,1,-1,-1,-1
66,3,241.95,115.05,96.27,86.68,1,-1,-1,-1
66,4,355.82,110.62,103.92,93.13,1,-1,-1,-1
66,6,1459.89,109.60,106.96,80.31,1,-1,-1,-1
66,8,840.09,499.45,141.43,123.63,1,-1,-1,-1
66,9,1691.09,115.44,123.82,132.93,1,-1,-1,-1
66,10,113.07,113.21,114.38,106.40,1,-1,-1,-1
67,1,859.33,565.81,263.10,231.05,1,-1,-1,-1
67,2,39.74,852.34,135.60,131.73,1,-1,-1,-1
67,3,242.98,115.92,96.28,87.33,1,-1,-1,-1
67,4,356.23,110.61,102.93,93.07,1,-1,-1,-1
67,6,1460.71,109.81,105.59,80.22,1,-1,-1,-1
67,8,844.78,493.88,141.53,124.30,1,-1,-1,-1
67,9,1689.39,114.86,124.58,131.75,1,-1,-1,-1
67,10,112.36,113.47,116.15,104.55,1,-1,-1,-1
68,1,859.67,567.17,272.55,233.71,1,-1,-1,-1
68,2,39.89,852.34,135.57,131.77,1,-1,-1,-1
68,3,243.55,116.29,96.68,88.06,1,-1,-1,-1
68,4,356.07,110.73,102.15,93.26,1,-1,-1,-1
68,6,1461.53,110.46,104.78,80.89,1,-1,-1,-1
68,8,848.56,489.63,142.79,125.00,1,-1,-1,-1
68,9,1689.70,114.75,121.94,130.57,1,-1,-1,-1
68,10,111.64,114.31,116.76,102.94,1,-1,-1,-1
69,1,907.30,576.73,250.05,225.26,1,-1,-1,-1
69,2,40.02,852.35,135.61,131.76,1,-1,-1,-1
69,3,243.55,116.23,97.14,88.51,1,-1,-1,-1
69,4,355.88,110.73,101.61,93.39,1,-1,-1,-1
69,8,850.32,484.65,143.92,126.21,1,-1,-1,-1
69,9,1687.51,114.54,123.20,130.19,1,-1,-1,-1
69,10,111.38,114.43,116.50,100.41,1,-1,-1,-1
70,1,943.71,599.21,225.95,209.07,1,-1,-1,-1
70,2,39.90,852.32,135.52,131.81,1,-1,-1,-1
70,3,243.21,116.02,97.03,88.66,1,-1,-1,-1
70,4,355.79,110.68,101.21,93.54,1,-1,-1,-1
70,8,851.02,482.76,145.03,126.88,1,-1,-1,-1
70,9,1686.06,114.54,124.35,129.89,1,-1,-1,-1
70,10,111.28,114.88,116.58,99.03,1,-1,-1,-1
71,1,941.36,608.13,219.91,199.09,1,-1,-1,-1
71,2,39.85,852.26,135.48,131.86,1,-1,-1,-1
71,3,243.16,115.95,97.26,88.85,1,-1,-1,-1
71,4,355.97,110.67,101.29,93.62,1,-1,-1,-1
71,8,850.46,483.99,145.96,126.91,1,-1,-1,-1
71,9,1684.99,114.56,125.71,129.69,1,-1,-1,-1
71,10,111.23,115.25,116.87,98.51,1,-1,-1,-1
72,1,949.85,623.75,209.32,189.55,1,-1,-1,-1
72,2,39.74,852.52,135.96,131.17,1,-1,-1,-1
72,3,243.84,115.81,97.67,88.70,1,-1,-1,-1
72,4,356.02,110.54,101.38,93.50,1,-1,-1,-1
72,8,850.80,483.54,146.48,127.49,1,-1,-1,-1
73,1,908.63,626.29,228.79,189.74,1,-1,-1,-1
73,2,38.08,853.95,138.45,130.22,1,-1,-1,-1
73,3,242.34,116.16,98.33,89.35,1,-1,-1,-1
73,4,355.11,110.23,101.74,93.08,1,-1,-1,-1
73,8,849.83,479.66,150.63,129.12,1,-1,-1,-1
74,1,927.95,629.28,219.67,183.45,1,-1,-1,-1
74,2,37.52,854.14,140.50,129.53,1,-1,-1,-1
74,3,240.37,116.11,100.83,89.85,1,-1,-1,-1
74,4,353.13,110.16,103.42,92.68,1,-1,-1,-1
74,8,843.51,476.70,151.11,127.74,1,-1,-1,-1
75,1,890.03,637.31,239.50,185.16,1,-1,-1,-1
75,2,35.90,854.29,141.37,129.35,1,-1,-1,-1
75,3,238.85,115.62,101.53,89.72,1,-1,-1,-1
75,4,353.53,110.31,104.60,92.45,1,-1,-1,-1
75,8,838.61,477.50,147.55,125.85,1,-1,-1,-1
76,1,869.36,631.91,255.22,189.90,1,-1,-1,-1
76,2,35.36,854.31,142.16,129.24,1,-1,-1,-1
76,3,238.40,116.02,103.43,89.96,1,-1,-1,-1
76,4,352.42,110.28,105.58,92.23,1,-1,-1,-1
76,6,1462.84,110.07,104.11,82.43,1,-1,-1,-1
76,8,841.88,474.25,152.20,125.10,1,-1,-1,-1
77,2,34.92,854.39,142.59,129.09,1,-1,-1,-1
77,3,239.72,115.06,103.56,90.13,1,-1,-1,-1
77,4,353.27,110.25,105.47,91.96,1,-1,-1,-1
77,6,1461.24,110.04,103.29,82.35,1,-1,-1,-1
77,8,842.95,470.14,160.22,123.20,1,-1,-1,-1
77,11,848.57,669.94,156.63,163.72,1,-1,-1,-1
78,2,34.68,854.47,142.81,128.96,1,-1,-1,-1
78,3,240.82,115.13,103.35,89.46,1,-1,-1,-1
78,4,353.19,110.34,105.94,91.88,1,-1,-1,-1
78,6,1462.00,110.15,102.34,81.72,1,-1,-1,-1
78,8,842.24,469.81,165.91,123.12,1,-1,-1,-1
78,11,837.74,655.91,157.20,173.21,1,-1,-1,-1
79,2,34.79,854.45,143.34,128.99,1,-1,-1,-1
79,3,240.01,113.43,104.73,87.97,1,-1,-1,-1
79,4,352.43,110.86,110.31,93.97,1,-1,-1,-1
79,6,1460.33,110.22,103.58,82.96,1,-1,-1,-1
79,9,1692.28,109.51,118.72,116.34,1,-1,-1,-1
80,2,34.07,854.32,144.60,129.07,1,-1,-1,-1
80,3,235.95,114.71,106.95,87.64,1,-1,-1,-1
80,4,354.15,108.27,108.59,94.56,1,-1,-1,-1
80,6,1461.25,110.18,103.19,82.79,1,-1,-1,-1
80,9,1695.41,111.82,115.27,114.95,1,-1,-1,-1
80,11,796.54,621.44,158.19,172.84,1,-1,-1,-1
81,2,33.37,854.28,145.36,129.19,1,-1,-1,-1
81,3,238.76,115.23,105.99,87.13,1,-1,-1,-1
81,4,353.66,109.02,106.91,93.31,1,-1,-1,-1
81,6,1462.74,109.25,102.66,82.09,1,-1,-1,-1
81,8,820.75,444.41,167.65,113.89,1,-1,-1,-1
81,11,774.91,611.47,157.95,175.31,1,-1,-1,-1
81,13,1577.68,112.66,107.34,81.37,1,-1,-1,-1
82,2,33.13,854.24,146.20,129.29,1,-1,-1,-1
82,4,353.53,109.14,105.84,92.45,1,-1,-1,-1
82,6,1463.03,109.09,101.82,81.50,1,-1,-1,-1
82,8,817.98,429.44,170.29,117.25,1,-1,-1,-1
82,9,1696.47,109.26,112.45,105.70,1,-1,-1,-1
82,11,755.51,608.24,154.82,175.15,1,-1,-1,-1
83,2,32.97,854.32,146.51,129.30,1,-1,-1,-1
83,3,238.39,115.28,104.36,86.56,1,-1,-1,-1
83,4,353.69,109.22,105.29,92.13,1,-1,-1,-1
83,6,1463.24,109.24,101.27,81.07,1,-1,-1,-1
83,8,817.31,423.22,173.72,119.58,1,-1,-1,-1
83,9,1697.52,112.85,111.42,104.40,1,-1,-1,-1
83,11,748.25,606.91,152.84,174.68,1,-1,-1,-1
84,2,32.90,854.38,146.74,129.27,1,-1,-1,-1
84,4,354.05,109.70,104.62,91.86,1,-1,-1,-1
84,6,1462.50,109.88,101.09,80.37,1,-1,-1,-1
84,8,812.37,416.93,176.17,121.01,1,-1,-1,-1
84,9,1697.57,115.87,112.83,105.39,1,-1,-1,-1
84,11,737.49,600.70,157.45,172.50,1,-1,-1,-1
85,2,32.83,854.31,146.96,129.31,1,-1,-1,-1
85,4,354.49,109.82,103.94,91.52,1,-1,-1,-1
85,6,1462.34,110.22,101.12,79.88,1,-1,-1,-1
85,8,808.23,414.24,177.66,122.07,1,-1,-1,-1
85,9,1697.83,116.85,113.02,105.89,1,-1,-1,-1
85,11,729.12,596.43,166.68,177.20,1,-1,-1,-1
86,2,32.72,854.25,147.15,129.36,1,-1,-1,-1
86,4,354.37,109.92,103.47,91.05,1,-1,-1,-1
86,6,1462.91,110.36,101.07,79.51,1,-1,-1,-1
86,8,801.22,410.92,177.97,122.83,1,-1,-1,-1
86,9,1698.88,117.75,112.60,107.72,1,-1,-1,-1
86,11,717.31,587.67,175.39,178.20,1,-1,-1,-1
87,2,32.66,854.23,147.23,129.36,1,-1,-1,-1
87,3,239.16,115.36,102.79,85.73,1,-1,-1,-1
87,4,354.65,110.28,102.94,90.66,1,-1,-1,-1
87,6,1462.07,110.03,101.08,79.13,1,-1,-1,-1
87,8,806.00,395.48,177.28,125.94,1,-1,-1,-1
87,9,1698.65,120.77,113.19,113.10,1,-1,-1,-1
87,11,710.07,576.44,177.05,173.90,1,-1,-1,-1
88,2,32.60,854.22,147.11,129.35,1,-1,-1,-1
88,4,356.00,110.55,102.05,90.43,1,-1,-1,-1
88,6,1462.12,109.94,100.95,78.77,1,-1,-1,-1
88,8,815.86,390.70,174.41,125.15,1,-1,-1,-1
88,9,1699.18,120.34,113.30,116.22,1,-1,-1,-1
88,11,707.75,568.94,178.78,170.18,1,-1,-1,-1
89,2,32.61,854.21,147.00,129.34,1,-1,-1,-1
89,3,236.96,115.16,103.30,85.29,1,-1,-1,-1
89,4,356.36,110.45,101.04,90.13,1,-1,-1,-1
89,6,1461.00,108.52,101.70,77.93,1,-1,-1,-1
89,8,821.60,387.17,173.12,124.05,1,-1,-1,-1
89,9,1699.22,119.88,113.63,118.74,1,-1,-1,-1
89,11,706.43,563.34,177.11,167.13,1,-1,-1,-1
90,2,32.63,854.28,146.82,129.30,1,-1,-1,-1
90,4,355.40,110.45,101.35,90.27,1,-1,-1,-1
90,6,1460.47,109.06,102.33,77.18,1,-1,-1,-1
90,8,829.47,380.04,170.73,123.58,1,-1,-1,-1
90,11,694.11,576.94,154.58,147.82,1,-1,-1,-1
91,2,32.67,854.33,146.90,129.26,1,-1,-1,-1
91,4,353.93,109.76,100.94,89.70,1,-1,-1,-1
91,6,1460.02,109.21,103.01,76.31,1,-1,-1,-1
91,8,848.84,376.83,167.29,122.33,1,-1,-1,-1
91,11,728.85,552.84,181.64,169.19,1,-1,-1,-1
92,2,32.68,854.32,146.90,129.23,1,-1,-1,-1
92,3,238.28,115.48,103.71,85.23,1,-1,-1,-1
92,4,354.68,110.33,101.71,89.84,1,-1,-1,-1
92,6,1459.60,109.20,103.07,75.10,1,-1,-1,-1
92,8,857.79,374.49,164.90,121.59,1,-1,-1,-1
92,11,713.37,557.08,159.32,146.94,1,-1,-1,-1
93,2,32.66,854.33,146.89,129.23,1,-1,-1,-1
93,4,354.73,110.34,101.70,88.58,1,-1,-1,-1
93,6,1459.68,109.51,103.64,74.46,1,-1,-1,-1
93,8,857.57,371.41,160.18,120.54,1,-1,-1,-1
93,11,708.18,561.72,145.29,129.98,1,-1,-1,-1
94,2,32.74,854.34,146.91,129.20,1,-1,-1,-1
94,4,354.73,110.93,101.68,88.13,1,-1,-1,-1
94,6,1459.53,109.82,103.98,74.23,1,-1,-1,-1
94,8,856.09,369.43,158.15,119.97,1,-1,-1,-1
94,9,1698.76,119.13,113.49,121.91,1,-1,-1,-1
94,11,718.63,537.01,157.77,144.10,1,-1,-1,-1
95,2,32.85,854.40,146.95,129.15,1,-1,-1,-1
95,4,354.79,111.13,101.58,87.83,1,-1,-1,-1
95,6,1459.62,110.05,103.68,74.06,1,-1,-1,-1
95,8,867.28,365.74,154.66,118.09,1,-1,-1,-1
95,11,729.76,527.81,163.04,154.80,1,-1,-1,-1
96,2,32.74,854.33,147.01,129.13,1,-1,-1,-1
96,4,354.81,111.16,101.31,87.66,1,-1,-1,-1
96,6,1459.77,110.21,103.64,73.97,1,-1,-1,-1
96,8,869.65,364.61,153.78,116.79,1,-1,-1,-1
96,11,734.25,520.79,171.13,166.68,1,-1,-1,-1
97,2,32.79,854.19,145.89,129.16,1,-1,-1,-1
97,4,355.93,111.39,101.96,88.37,1,-1,-1,-1
97,6,1459.56,110.44,103.10,74.10,1,-1,-1,-1
97,8,869.95,365.02,152.40,117.72,1,-1,-1,-1
97,9,1698.18,117.84,112.95,124.23,1,-1,-1,-1
97,11,748.34,496.21,203.61,192.64,1,-1,-1,-1
98,2,32.50,854.07,144.99,129.14,1,-1,-1,-1
98,4,356.73,110.70,102.12,88.24,1,-1,-1,-1
98,6,1460.59,110.40,102.91,74.15,1,-1,-1,-1
98,8,892.25,365.95,150.91,119.60,1,-1,-1,-1
98,9,1698.38,116.89,113.23,124.67,1,-1,-1,-1
98,11,769.76,512.89,215.39,190.27,1,-1,-1,-1
99,2,32.47,853.86,144.23,129.04,1,-1,-1,-1
99,4,357.61,110.54,101.84,88.40,1,-1,-1,-1
99,6,1460.27,111.11,103.74,75.12,1,-1,-1,-1
99,9,1697.08,116.20,114.62,125.04,1,-1,-1,-1
99,11,754.74,548.21,196.50,178.06,1,-1,-1,-1
100,2,32.84,853.84,143.78,128.94,1,-1,-1,-1
100,4,358.35,110.47,101.81,88.13,1,-1,-1,-1
100,6,1461.77,111.01,103.29,75.75,1,-1,-1,-1
100,8,904.42,395.55,148.43,113.54,1,-1,-1,-1
100,9,1694.88,114.98,116.25,123.95,1,-1,-1,-1
100,11,769.40,518.77,209.23,197.00,1,-1,-1,-1
101,2,32.82,853.87,144.38,128.79,1,-1,-1,-1
101,4,357.28,110.82,100.96,88.35,1,-1,-1,-1
101,6,1461.10,111.36,103.94,77.37,1,-1,-1,-1
101,8,915.82,409.99,147.29,110.75,1,-1,-1,-1
101,9,1695.64,116.34,116.06,124.69,1,-1,-1,-1
101,11,780.72,509.64,228.43,216.23,1,-1,-1,-1
102,2,32.99,853.99,143.43,128.76,1,-1,-1,-1
102,3,237.37,116.01,102.94,86.80,1,-1,-1,-1
102,4,358.02,111.29,101.58,88.76,1,-1,-1,-1
102,6,1460.01,112.33,104.82,79.53,1,-1,-1,-1
102,8,939.89,413.35,146.64,112.89,1,-1,-1,-1
102,9,1698.04,116.06,114.48,124.20,1,-1,-1,-1
102,11,796.80,507.21,238.00,224.70,1,-1,-1,-1
103,2,33.29,854.11,143.86,128.59,1,-1,-1,-1
103,3,238.45,116.10,104.94,88.16,1,-1,-1,-1
103,4,358.21,111.31,103.57,89.93,1,-1,-1,-1
103,6,1457.93,112.48,106.36,81.51,1,-1,-1,-1
103,8,953.44,414.17,144.66,113.58,1,-1,-1,-1
103,9,1698.57,113.51,113.16,119.80,1,-1,-1,-1
103,11,802.78,504.01,245.74,231.87,1,-1,-1,-1
104,2,33.23,854.21,144.21,128.48,1,-1,-1,-1
104,3,237.47,116.58,108.59,88.46,1,-1,-1,-1
104,4,357.42,110.94,104.41,90.57,1,-1,-1,-1
104,6,1459.43,111.87,106.14,82.35,1,-1,-1,-1
104,8,956.13,412.70,144.89,115.65,1,-1,-1,-1
104,11,797.09,500.10,253.45,236.09,1,-1,-1,-1
105,2,33.28,854.37,143.13,128.45,1,-1,-1,-1
105,3,236.12,116.24,111.03,88.86,1,-1,-1,-1
105,4,357.55,110.93,105.94,91.51,1,-1,-1,-1
105,6,1460.47,111.11,105.80,82.59,1,-1,-1,-1
105,9,1698.42,109.35,111.98,115.75,1,-1,-1,-1
105,11,793.30,504.31,256.57,238.57,1,-1,-1,-1
105,15,1522.60,44.78,161.71,145.81,1,-1,-1,-1
106,2,33.85,854.52,142.66,128.39,1,-1,-1,-1
106,3,233.33,116.48,112.89,89.51,1,-1,-1,-1
106,4,356.22,110.60,104.97,91.67,1,-1,-1,-1
106,6,1460.45,109.15,105.59,81.04,1,-1,-1,-1
106,8,986.62,428.50,144.48,119.39,1,-1,-1,-1
106,9,1698.80,106.98,113.73,102.62,1,-1,-1,-1
106,11,810.19,518.77,264.20,240.57,1,-1,-1,-1
106,15,1520.04,40.48,165.34,142.16,1,-1,-1,-1
107,2,34.58,854.78,142.02,128.32,1,-1,-1,-1
107,3,233.04,116.47,113.68,89.68,1,-1,-1,-1
107,4,355.65,110.15,103.88,90.95,1,-1,-1,-1
107,6,1453.13,114.56,111.09,89.47,1,-1,-1,-1
107,8,983.25,432.42,144.13,118.22,1,-1,-1,-1
107,9,1698.38,116.48,113.47,108.49,1,-1,-1,-1
107,11,808.84,516.14,264.02,236.89,1,-1,-1,-1
108,2,34.68,855.01,141.67,128.28,1,-1,-1,-1
108,3,232.66,115.89,113.80,90.03,1,-1,-1,-1
108,4,354.99,109.82,102.25,90.25,1,-1,-1,-1
108,6,1456.24,109.33,109.90,85.57,1,-1,-1,-1
108,8,984.78,423.84,145.27,120.60,1,-1,-1,-1
108,9,1698.30,118.99,112.69,112.20,1,-1,-1,-1
108,11,806.75,510.33,267.22,237.41,1,-1,-1,-1
108,15,1555.39,61.35,140.79,123.16,1,-1,-1,-1
109,2,34.68,855.08,141.58,128.37,1,-1,-1,-1
109,3,235.02,113.83,111.32,88.13,1,-1,-1,-1
109,4,354.82,110.72,101.97,90.62,1,-1,-1,-1
109,6,1457.72,107.60,108.42,83.42,1,-1,-1,-1
109,8,987.35,423.54,145.67,119.66,1,-1,-1,-1
109,9,1698.45,111.04,110.64,103.33,1,-1,-1,-1
109,11,803.63,505.03,268.26,234.41,1,-1,-1,-1
110,2,35.78,855.85,141.82,128.68,1,-1,-1,-1
110,3,236.02,112.55,108.99,87.11,1,-1,-1,-1
110,4,354.99,110.97,101.43,90.77,1,-1,-1,-1
110,6,1459.21,107.79,107.08,82.27,1,-1,-1,-1
110,8,993.74,424.61,146.16,117.51,1,-1,-1,-1
110,11,810.31,502.37,265.14,231.37,1,-1,-1,-1
111,2,36.05,856.04,141.67,128.93,1,-1,-1,-1
111,4,355.43,111.04,101.11,90.85,1,-1,-1,-1
111,6,1459.85,108.24,106.59,81.24,1,-1,-1,-1
111,8,998.95,416.18,148.07,118.32,1,-1,-1,-1
111,11,800.51,498.21,270.17,233.26,1,-1,-1,-1
112,2,36.40,856.01,141.75,129.12,1,-1,-1,-1
112,6,1460.13,109.13,106.32,81.19,1,-1,-1,-1
112,8,996.52,415.14,148.45,116.46,1,-1,-1,-1
112,11,784.32,491.70,274.77,234.74,1,-1,-1,-1
113,2,34.65,855.44,143.12,129.09,1,-1,-1,-1
113,4,356.12,109.83,100.50,88.69,1,-1,-1,-1
113,6,1460.42,109.37,106.17,81.05,1,-1,-1,-1
113,8,994.57,414.50,148.65,115.62,1,-1,-1,-1
114,2,35.52,855.77,142.61,129.07,1,-1,-1,-1
114,4,355.98,110.34,100.25,88.02,1,-1,-1,-1
114,6,1460.53,110.18,106.35,82.32,1,-1,-1,-1
114,8,1001.51,411.64,150.74,114.41,1,-1,-1,-1
115,2,34.12,855.36,143.68,128.98,1,-1,-1,-1
115,4,356.37,110.07,101.27,87.14,1,-1,-1,-1
115,6,1460.97,109.63,105.93,82.34,1,-1,-1,-1
115,8,1021.51,414.58,148.88,113.48,1,-1,-1,-1
115,11,797.33,473.23,278.96,243.14,1,-1,-1,-1
116,2,33.21,855.18,144.57,128.98,1,-1,-1,-1
116,3,238.75,114.82,103.51,85.37,1,-1,-1,-1
116,4,356.19,110.10,101.67,86.21,1,-1,-1,-1
116,6,1461.09,109.03,105.85,81.00,1,-1,-1,-1
116,8,1015.70,422.95,148.26,111.60,1,-1,-1,-1
116,11,785.72,487.61,274.17,234.64,1,-1,-1,-1
117,2,32.71,855.11,145.15,128.97,1,-1,-1,-1
117,3,239.68,115.54,102.33,85.24,1,-1,-1,-1
117,4,355.89,110.72,102.33,86.30,1,-1,-1,-1
117,6,1461.16,109.44,104.99,80.55,1,-1,-1,-1
117,8,1023.13,420.78,146.44,110.85,1,-1,-1,-1
117,9,1698.52,109.35,105.81,86.73,1,-1,-1,-1
117,11,791.96,483.91,267.05,230.47,1,-1,-1,-1
118,2,33.05,854.65,144.12,128.96,1,-1,-1,-1
118,3,240.31,116.00,101.41,85.67,1,-1,-1,-1
118,4,355.61,111.86,103.27,87.93,1,-1,-1,-1
118,6,1460.52,109.24,104.75,79.54,1,-1,-1,-1
118,8,1029.18,424.34,145.20,110.25,1,-1,-1,-1
119,2,33.01,854.50,144.40,128.92,1,-1,-1,-1
119,3,240.01,116.29,101.36,86.22,1,-1,-1,-1
119,4,355.55,111.70,103.61,88.73,1,-1,-1,-1
119,6,1460.55,109.70,104.54,79.98,1,-1,-1,-1
119,8,1028.96,429.10,142.21,108.51,1,-1,-1,-1
119,11,786.60,488.72,252.60,222.23,1,-1,-1,-1
120,2,33.09,854.36,143.52,129.01,1,-1,-1,-1
120,3,239.91,116.36,101.48,86.65,1,-1,-1,-1
120,4,355.22,111.53,103.73,89.22,1,-1,-1,-1
120,6,1460.56,109.61,104.46,80.36,1,-1,-1,-1
120,8,1030.04,431.61,139.97,107.03,1,-1,-1,-1
120,11,786.01,497.98,241.10,210.77,1,-1,-1,-1
121,2,33.42,854.26,142.79,129.07,1,-1,-1,-1
121,3,238.71,116.36,102.13,87.00,1,-1,-1,-1
121,4,355.05,111.53,103.31,90.37,1,-1,-1,-1
121,6,1460.64,109.64,104.49,80.29,1,-1,-1,-1
121,8,1029.75,434.72,136.02,105.25,1,-1,-1,-1
121,11,778.87,497.34,231.15,204.86,1,-1,-1,-1
122,2,33.42,854.16,142.43,129.17,1,-1,-1,-1
122,3,237.94,116.31,102.58,87.20,1,-1,-1,-1
122,4,355.25,111.49,104.42,91.62,1,-1,-1,-1
122,6,1460.80,110.20,105.01,80.62,1,-1,-1,-1
122,8,1023.29,434.77,132.34,104.02,1,-1,-1,-1
122,11,767.84,495.93,225.08,198.68,1,-1,-1,-1
123,2,33.46,854.09,142.12,129.23,1,-1,-1,-1
123,3,239.11,116.18,101.69,87.15,1,-1,-1,-1
123,4,354.67,110.99,105.09,92.19,1,-1,-1,-1
123,6,1461.05,109.58,105.41,80.12,1,-1,-1,-1
123,8,1013.15,438.01,130.32,101.86,1,-1,-1,-1
123,9,1695.30,121.53,110.52,104.34,1,-1,-1,-1
123,11,754.14,494.43,221.42,196.17,1,-1,-1,-1
124,2,33.93,854.45,142.56,128.98,1,-1,-1,-1
124,3,237.38,116.11,102.33,87.21,1,-1,-1,-1
124,4,354.66,110.78,104.73,92.43,1,-1,-1,-1
124,6,1461.46,110.01,105.65,80.63,1,-1,-1,-1
124,8,1015.35,442.43,127.62,100.61,1,-1,-1,-1
124,11,748.40,516.38,219.08,179.19,1,-1,-1,-1
125,2,33.99,854.49,142.14,129.07,1,-1,-1,-1
125,3,235.54,115.93,103.16,86.83,1,-1,-1,-1
125,4,355.36,110.38,103.98,92.22,1,-1,-1,-1
125,6,1460.08,118.55,109.96,92.18,1,-1,-1,-1
125,8,1020.44,444.75,124.89,100.34,1,-1,-1,-1
125,11,749.51,511.44,217.26,178.94,1,-1,-1,-1
126,2,35.15,855.09,141.29,129.16,1,-1,-1,-1
126,3,235.73,115.13,103.27,85.28,1,-1,-1,-1
126,4,356.36,109.70,104.02,91.64,1,-1,-1,-1
126,6,1460.57,110.16,108.35,87.19,1,-1,-1,-1
126,8,1024.12,451.32,122.40,99.03,1,-1,-1,-1
126,9,1698.24,118.48,111.65,111.39,1,-1,-1,-1
126,11,748.30,512.42,213.42,177.21,1,-1,-1,-1
127,2,35.48,855.20,141.23,129.47,1,-1,-1,-1
127,3,236.44,115.67,103.81,85.48,1,-1,-1,-1
127,4,355.13,109.68,103.35,90.80,1,-1,-1,-1
127,6,1461.76,108.45,105.95,85.04,1,-1,-1,-1
127,8,1043.43,450.63,121.28,97.15,1,-1,-1,-1
127,11,766.45,503.95,213.89,173.69,1,-1,-1,-1
128,2,35.85,855.36,140.82,129.60,1,-1,-1,-1
128,3,237.20,116.15,104.34,86.41,1,-1,-1,-1
128,4,355.39,110.12,102.13,90.93,1,-1,-1,-1
128,6,1463.04,107.08,104.03,84.01,1,-1,-1,-1
128,8,1057.07,449.87,119.98,95.42,1,-1,-1,-1
128,11,773.85,497.22,213.02,173.08,1,-1,-1,-1
129,2,36.38,855.34,140.68,129.76,1,-1,-1,-1
129,4,355.76,109.86,101.91,90.65,1,-1,-1,-1
129,6,1463.33,107.35,104.45,81.95,1,-1,-1,-1
129,11,813.07,494.89,209.78,171.28,1,-1,-1,-1
130,2,36.96,855.28,140.82,129.84,1,-1,-1,-1
130,3,239.21,117.08,102.38,87.46,1,-1,-1,-1
130,4,356.97,110.34,101.76,90.58,1,-1,-1,-1
130,6,1462.68,108.01,103.89,80.02,1,-1,-1,-1
130,11,857.98,494.63,210.48,170.76,1,-1,-1,-1
131,2,36.01,854.64,141.17,129.80,1,-1,-1,-1
131,3,239.50,117.03,101.51,88.28,1,-1,-1,-1
131,4,357.84,110.30,101.72,90.75,1,-1,-1,-1
131,6,1462.38,108.57,103.90,78.77,1,-1,-1,-1
131,11,875.93,493.49,211.19,169.85,1,-1,-1,-1
131,16,1580.96,113.44,108.24,77.54,1,-1,-1,-1
131,17,1186.90,450.51,119.29,88.52,1,-1,-1,-1
132,2,35.28,854.42,141.53,129.87,1,-1,-1,-1
132,3,234.77,117.41,105.65,89.59,1,-1,-1,-1
132,4,357.57,110.72,101.77,90.62,1,-1,-1,-1
132,6,1461.76,108.54,104.31,77.82,1,-1,-1,-1
132,11,874.11,489.76,207.76,167.96,1,-1,-1,-1
132,16,1582.13,113.13,106.43,76.32,1,-1,-1,-1
133,2,35.99,854.99,141.30,130.02,1,-1,-1,-1
133,4,357.33,110.55,101.41,90.22,1,-1,-1,-1
133,6,1461.70,108.28,104.08,76.28,1,-1,-1,-1
133,9,1697.96,108.48,111.82,86.44,1,-1,-1,-1
133,17,1141.78,440.82,129.80,91.75,1,-1,-1,-1
134,2,34.92,854.40,141.84,130.11,1,-1,-1,-1
134,3,235.96,115.59,105.54,88.55,1,-1,-1,-1
134,4,357.17,110.44,101.86,90.71,1,-1,-1,-1
134,6,1462.54,108.64,105.17,75.93,1,-1,-1,-1
134,11,791.33,485.23,202.44,171.18,1,-1,-1,-1
135,2,34.80,854.38,141.79,130.05,1,-1,-1,-1
135,4,356.79,109.48,101.01,89.71,1,-1,-1,-1
135,6,1461.63,109.39,105.42,76.62,1,-1,-1,-1
135,11,755.10,476.40,202.52,173.14,1,-1,-1,-1
135,17,1079.96,429.32,121.40,87.41,1,-1,-1,-1
136,2,34.85,854.51,141.65,129.97,1,-1,-1,-1
136,3,231.77,114.94,112.11,88.11,1,-1,-1,-1
136,4,357.27,109.85,100.71,89.70,1,-1,-1,-1
136,6,1460.20,109.90,104.49,76.68,1,-1,-1,-1
136,8,1081.22,445.14,119.41,96.86,1,-1,-1,-1
136,11,737.03,480.58,201.09,173.43,1,-1,-1,-1
137,2,34.95,854.59,141.52,129.88,1,-1,-1,-1
137,3,236.16,114.65,106.84,87.17,1,-1,-1,-1
137,4,357.53,109.14,100.26,89.56,1,-1,-1,-1
137,6,1460.46,110.17,103.34,76.70,1,-1,-1,-1
137,8,1083.09,445.03,120.95,98.96,1,-1,-1,-1
137,11,729.87,483.88,200.73,173.29,1,-1,-1,-1
138,2,34.99,854.58,141.89,129.90,1,-1,-1,-1
138,4,358.01,109.42,100.54,89.11,1,-1,-1,-1
138,6,1458.72,119.69,106.44,88.07,1,-1,-1,-1
138,8,1092.68,459.57,120.28,98.70,1,-1,-1,-1
138,9,1694.64,122.44,115.86,103.68,1,-1,-1,-1
138,11,732.07,491.17,196.61,173.86,1,-1,-1,-1
139,2,36.38,855.13,141.54,129.96,1,-1,-1,-1
139,4,358.22,109.75,100.41,88.24,1,-1,-1,-1
139,6,1460.70,112.57,105.52,85.80,1,-1,-1,-1
139,8,1114.12,478.30,121.83,96.28,1,-1,-1,-1
139,11,751.25,506.04,191.45,171.51,1,-1,-1,-1
139,16,1581.89,114.75,106.94,77.44,1,-1,-1,-1
140,2,36.88,855.37,141.16,129.99,1,-1,-1,-1
140,4,358.85,110.24,100.30,87.70,1,-1,-1,-1
140,6,1461.45,110.32,104.48,84.27,1,-1,-1,-1
140,8,1134.07,486.66,125.84,98.24,1,-1,-1,-1
140,11,767.34,514.81,185.77,168.77,1,-1,-1,-1
141,2,37.25,855.50,141.11,130.06,1,-1,-1,-1
141,4,358.22,110.69,101.21,88.74,1,-1,-1,-1
141,6,1462.33,108.94,103.52,82.07,1,-1,-1,-1
141,8,1145.46,491.12,128.11,99.82,1,-1,-1,-1
141,11,776.23,520.04,182.39,167.20,1,-1,-1,-1
141,16,1582.21,114.79,106.46,77.05,1,-1,-1,-1
142,2,36.05,854.94,141.44,130.02,1,-1,-1,-1
142,4,357.88,110.61,101.61,89.17,1,-1,-1,-1
142,6,1463.34,109.32,102.60,81.09,1,-1,-1,-1
142,8,1141.60,490.34,129.17,96.21,1,-1,-1,-1
142,11,767.72,512.20,181.98,164.91,1,-1,-1,-1
142,16,1582.34,114.88,105.74,76.38,1,-1,-1,-1
143,2,35.63,854.72,141.71,129.97,1,-1,-1,-1
143,3,235.44,115.04,101.97,85.62,1,-1,-1,-1
143,4,358.31,110.32,101.21,88.57,1,-1,-1,-1
143,6,1462.86,109.45,102.57,80.27,1,-1,-1,-1
143,8,1135.54,488.19,130.20,95.08,1,-1,-1,-1
143,11,757.42,508.28,182.59,162.74,1,-1,-1,-1
143,16,1582.45,115.08,105.95,76.66,1,-1,-1,-1
144,2,35.40,854.65,141.87,129.93,1,-1,-1,-1
144,3,237.01,115.61,100.94,85.64,1,-1,-1,-1
144,4,358.01,110.70,101.62,89.19,1,-1,-1,-1
144,6,1462.31,109.84,103.00,80.10,1,-1,-1,-1
144,8,1134.18,489.91,131.12,93.67,1,-1,-1,-1
144,11,753.28,509.46,182.85,162.38,1,-1,-1,-1
144,16,1582.37,114.90,106.14,76.42,1,-1,-1,-1
145,2,35.24,854.61,141.89,129.89,1,-1,-1,-1
145,3,238.28,115.36,99.59,85.01,1,-1,-1,-1
145,4,357.68,110.78,101.94,89.88,1,-1,-1,-1
145,6,1462.09,109.56,103.10,79.34,1,-1,-1,-1
145,8,1140.12,494.28,131.56,93.68,1,-1,-1,-1
145,9,1697.43,112.02,110.78,93.24,1,-1,-1,-1
145,11,754.22,511.21,185.62,161.72,1,-1,-1,-1
145,16,1582.23,114.34,106.52,75.46,1,-1,-1,-1
146,2,35.19,854.43,141.52,129.73,1,-1,-1,-1
146,3,239.72,115.70,99.16,85.21,1,-1,-1,-1
146,4,357.29,110.84,102.45,90.51,1,-1,-1,-1
146,6,1461.89,109.14,103.09,77.88,1,-1,-1,-1
146,8,1151.68,490.28,131.75,93.32,1,-1,-1,-1
146,9,1698.29,112.22,108.97,89.71,1,-1,-1,-1
146,11,757.75,508.48,187.12,160.15,1,-1,-1,-1
146,16,1551.02,80.94,131.85,100.17,1,-1,-1,-1
147,2,35.18,854.47,141.23,129.59,1,-1,-1,-1
147,3,236.27,115.76,100.84,86.10,1,-1,-1,-1
147,4,355.98,110.84,103.44,90.32,1,-1,-1,-1
147,6,1461.35,110.20,103.57,78.32,1,-1,-1,-1
147,8,1157.06,484.02,131.20,93.24,1,-1,-1,-1
147,11,755.28,505.18,189.57,159.13,1,-1,-1,-1
147,16,1564.65,98.40,125.36,94.93,1,-1,-1,-1
148,2,35.32,854.56,141.08,129.46,1,-1,-1,-1
148,3,232.47,115.03,104.70,85.10,1,-1,-1,-1
148,4,355.37,111.00,104.00,91.27,1,-1,-1,-1
148,6,1461.22,111.34,104.30,80.00,1,-1,-1,-1
148,8,1157.72,471.28,130.66,94.17,1,-1,-1,-1
148,11,742.77,500.69,190.18,158.78,1,-1,-1,-1
148,16,1571.58,106.45,120.32,91.66,1,-1,-1,-1
149,2,36.78,855.30,140.72,129.50,1,-1,-1,-1
149,3,233.09,115.40,101.19,85.11,1,-1,-1,-1
149,4,356.44,110.90,103.31,91.27,1,-1,-1,-1
149,6,1461.09,110.16,104.66,79.56,1,-1,-1,-1
149,8,1154.93,464.45,129.94,94.68,1,-1,-1,-1
149,11,730.64,498.75,192.44,159.03,1,-1,-1,-1
150,2,37.26,855.61,140.20,129.47,1,-1,-1,-1
150,3,237.40,116.54,98.90,85.96,1,-1,-1,-1
150,4,357.11,110.69,102.41,90.48,1,-1,-1,-1
150,6,1461.09,109.76,104.37,79.11,1,-1,-1,-1
150,8,1144.04,458.82,129.72,94.12,1,-1,-1,-1
150,11,711.61,497.69,193.29,158.18,1,-1,-1,-1
151,2,36.75,855.00,140.24,129.49,1,-1,-1,-1
151,3,240.28,117.01,97.95,86.82,1,-1,-1,-1
151,4,357.84,111.11,103.27,90.79,1,-1,-1,-1
151,6,1461.81,109.40,103.54,77.85,1,-1,-1,-1
151,8,1119.18,453.01,130.92,94.99,1,-1,-1,-1
151,11,672.67,494.43,195.44,159.49,1,-1,-1,-1
152,2,37.97,855.30,139.81,129.66,1,-1,-1,-1
152,4,358.19,110.90,104.38,91.39,1,-1,-1,-1
152,6,1462.37,109.55,102.47,77.11,1,-1,-1,-1
152,8,1107.80,451.15,130.09,95.30,1,-1,-1,-1
152,11,650.70,493.64,195.62,160.29,1,-1,-1,-1
153,2,38.40,855.27,139.53,129.83,1,-1,-1,-1
153,3,241.46,116.99,98.29,87.54,1,-1,-1,-1
153,4,356.78,110.32,105.21,90.81,1,-1,-1,-1
153,6,1463.24,108.92,101.46,75.16,1,-1,-1,-1
153,8,1105.77,450.15,130.19,96.44,1,-1,-1,-1
153,11,640.02,491.53,195.96,160.52,1,-1,-1,-1
154,2,37.23,854.60,140.62,129.48,1,-1,-1,-1
154,4,355.74,110.42,104.72,90.34,1,-1,-1,-1
154,6,1462.57,110.50,101.03,75.87,1,-1,-1,-1
154,8,1109.51,450.44,129.60,96.96,1,-1,-1,-1
154,11,631.25,487.88,198.64,161.42,1,-1,-1,-1
155,2,36.64,854.33,140.38,129.27,1,-1,-1,-1
155,4,356.18,110.54,104.42,89.48,1,-1,-1,-1
155,6,1462.58,110.92,101.28,76.35,1,-1,-1,-1
155,8,1132.30,452.64,129.32,96.17,1,-1,-1,-1
155,11,638.70,483.37,197.43,161.47,1,-1,-1,-1
156,2,36.41,854.29,140.14,129.09,1,-1,-1,-1
156,4,355.39,111.20,103.94,90.50,1,-1,-1,-1
156,6,1463.18,110.61,101.12,75.93,1,-1,-1,-1
156,8,1164.11,457.91,129.80,95.50,1,-1,-1,-1
156,11,658.98,483.93,195.83,161.62,1,-1,-1,-1
157,2,36.58,854.35,140.82,128.87,1,-1,-1,-1
157,3,239.59,116.45,100.81,88.39,1,-1,-1,-1
157,4,355.86,111.32,103.51,91.71,1,-1,-1,-1
157,6,1463.26,111.39,101.57,76.68,1,-1,-1,-1
157,8,1186.38,461.54,131.00,95.08,1,-1,-1,-1
157,11,673.45,485.09,192.61,161.11,1,-1,-1,-1
158,2,37.39,855.08,140.06,128.87,1,-1,-1,-1
158,4,356.57,110.56,102.87,91.83,1,-1,-1,-1
158,6,1463.95,111.31,101.61,77.30,1,-1,-1,-1
158,11,699.34,478.70,188.67,159.36,1,-1,-1,-1
158,16,1578.80,109.38,112.74,80.08,1,-1,-1,-1
159,2,37.79,855.39,140.13,129.00,1,-1,-1,-1
159,4,355.70,110.18,101.59,91.10,1,-1,-1,-1
159,6,1463.86,110.30,101.80,76.76,1,-1,-1,-1
160,2,37.76,855.53,140.38,129.11,1,-1,-1,-1
160,4,357.45,109.93,101.57,90.42,1,-1,-1,-1
160,6,1463.38,110.01,101.71,76.49,1,-1,-1,-1
160,19,890.00,447.67,197.76,155.73,1,-1,-1,-1
161,2,36.29,855.10,141.50,128.83,1,-1,-1,-1
161,4,357.96,109.84,102.01,91.01,1,-1,-1,-1
161,6,1463.13,109.93,101.57,76.52,1,-1,-1,-1
161,19,931.35,444.11,196.43,156.47,1,-1,-1,-1
162,2,35.49,854.98,142.32,128.67,1,-1,-1,-1
162,3,234.14,116.25,108.90,88.85,1,-1,-1,-1
162,4,356.57,109.46,106.53,90.55,1,-1,-1,-1
162,19,962.77,432.31,186.64,155.10,1,-1,-1,-1
163,2,35.17,855.14,142.82,128.45,1,-1,-1,-1
163,4,355.35,110.28,106.26,91.32,1,-1,-1,-1
163,19,967.45,424.61,183.23,154.41,1,-1,-1,-1
163,20,1507.40,407.33,126.50,100.18,1,-1,-1,-1
164,2,35.02,855.23,143.29,128.30,1,-1,-1,-1
164,4,354.71,110.51,105.37,91.69,1,-1,-1,-1
164,19,967.75,430.06,183.70,155.18,1,-1,-1,-1
164,20,1502.57,420.57,127.90,100.44,1,-1,-1,-1
165,2,36.02,855.84,142.68,128.56,1,-1,-1,-1
165,3,237.95,116.06,106.14,89.54,1,-1,-1,-1
165,4,354.20,110.21,105.25,92.45,1,-1,-1,-1
165,19,966.62,430.91,184.20,157.31,1,-1,-1,-1
165,20,1488.26,424.77,136.98,106.34,1,-1,-1,-1
166,2,36.51,856.02,142.26,128.75,1,-1,-1,-1
166,3,238.97,115.93,104.84,89.92,1,-1,-1,-1
166,4,354.10,109.84,105.10,93.04,1,-1,-1,-1
166,19,965.79,431.10,184.23,158.60,1,-1,-1,-1
166,20,1484.05,425.77,140.57,108.08,1,-1,-1,-1
167,2,36.76,856.06,141.49,128.83,1,-1,-1,-1
167,3,239.21,115.32,103.51,89.51,1,-1,-1,-1
167,4,354.84,109.48,105.26,92.53,1,-1,-1,-1
167,19,960.83,421.81,186.56,159.07,1,-1,-1,-1
167,20,1488.59,416.98,135.87,107.52,1,-1,-1,-1
168,2,35.53,855.48,141.46,128.73,1,-1,-1,-1
168,4,354.72,109.37,105.43,92.25,1,-1,-1,-1
168,6,1461.57,110.59,102.20,77.27,1,-1,-1,-1
168,19,957.80,410.06,186.97,157.59,1,-1,-1,-1
168,20,1490.52,405.65,131.92,104.94,1,-1,-1,-1
169,2,36.58,855.87,140.89,128.85,1,-1,-1,-1
169,4,354.87,109.80,105.20,91.82,1,-1,-1,-1
169,19,955.06,393.73,188.13,158.43,1,-1,-1,-1
170,2,36.77,855.78,140.80,129.13,1,-1,-1,-1
170,4,355.44,109.93,105.28,92.50,1,-1,-1,-1
170,19,967.75,382.73,193.89,158.26,1,-1,-1,-1
170,20,1513.65,372.99,134.43,104.09,1,-1,-1,-1
171,2,36.84,855.76,140.56,129.28,1,-1,-1,-1
171,4,355.64,109.75,104.99,91.39,1,-1,-1,-1
171,19,989.00,374.03,194.75,157.26,1,-1,-1,-1
171,20,1531.20,356.48,135.27,103.39,1,-1,-1,-1
172,2,37.20,855.77,140.42,129.33,1,-1,-1,-1
172,4,356.47,109.88,104.60,90.27,1,-1,-1,-1
172,20,1531.29,342.95,137.52,102.64,1,-1,-1,-1
173,2,37.05,855.78,139.93,129.41,1,-1,-1,-1
173,4,355.31,110.12,104.12,89.77,1,-1,-1,-1
173,19,1008.12,353.97,194.56,156.55,1,-1,-1,-1
173,20,1544.37,336.48,136.79,102.24,1,-1,-1,-1
174,2,37.01,855.78,139.87,129.48,1,-1,-1,-1
174,19,1024.99,346.42,194.83,155.47,1,-1,-1,-1
174,20,1559.32,333.04,138.22,102.77,1,-1,-1,-1
175,2,35.95,855.03,141.39,129.35,1,-1,-1,-1
175,4,354.18,110.57,103.75,89.74,1,-1,-1,-1
175,19,1054.35,331.97,192.59,154.25,1,-1,-1,-1
175,20,1584.70,326.05,139.54,103.93,1,-1,-1,-1
176,2,36.64,855.39,141.11,129.53,1,-1,-1,-1
176,4,354.69,110.60,104.20,90.99,1,-1,-1,-1
176,19,1081.88,329.17,191.24,155.59,1,-1,-1,-1
176,20,1620.30,335.51,138.70,101.34,1,-1,-1,-1
177,2,35.47,854.74,142.03,129.46,1,-1,-1,-1
177,4,353.81,110.41,103.63,90.56,1,-1,-1,-1
177,19,1099.64,329.96,192.70,155.77,1,-1,-1,-1
177,20,1629.61,340.84,137.94,100.45,1,-1,-1,-1
178,2,34.76,854.55,142.72,129.41,1,-1,-1,-1
178,19,1108.05,331.29,193.15,156.27,1,-1,-1,-1
178,20,1634.04,345.33,136.95,100.79,1,-1,-1,-1
179,2,34.58,854.41,143.32,129.45,1,-1,-1,-1
179,19,1116.01,335.37,189.23,154.98,1,-1,-1,-1
179,20,1635.70,352.06,136.73,100.91,1,-1,-1,-1
180,2,34.44,854.39,143.74,129.49,1,-1,-1,-1
180,19,1116.23,343.02,185.26,153.52,1,-1,-1,-1
180,20,1628.90,366.79,134.00,100.89,1,-1,-1,-1
180,21,1209.81,552.14,150.65,167.12,1,-1,-1,-1
181,2,34.54,854.41,144.19,129.42,1,-1,-1,-1
181,19,1111.82,352.06,181.40,153.93,1,-1,-1,-1
181,20,1620.39,382.65,132.05,101.87,1,-1,-1,-1
181,21,1201.20,543.81,152.95,165.37,1,-1,-1,-1
181,22,1327.28,470.96,129.82,100.69,1,-1,-1,-1
182,2,34.33,854.22,144.48,129.53,1,-1,-1,-1
182,19,1106.53,354.95,177.28,153.62,1,-1,-1,-1
182,20,1613.32,393.76,129.54,102.67,1,-1,-1,-1
182,21,1194.81,537.72,148.09,160.47,1,-1,-1,-1
183,2,34.11,854.21,144.48,129.60,1,-1,-1,-1
183,19,1101.65,358.73,175.73,153.76,1,-1,-1,-1
183,20,1609.63,400.56,129.40,105.16,1,-1,-1,-1
184,2,33.86,854.18,144.77,129.69,1,-1,-1,-1
184,19,1100.25,358.10,175.90,153.64,1,-1,-1,-1
184,20,1612.57,406.41,127.57,104.54,1,-1,-1,-1
185,2,33.41,853.94,145.27,129.84,1,-1,-1,-1
185,4,351.59,111.33,104.59,91.99,1,-1,-1,-1
185,19,1117.77,343.39,174.83,152.69,1,-1,-1,-1
185,20,1632.46,407.58,125.60,100.95,1,-1,-1,-1
185,22,1324.72,477.05,130.13,101.11,1,-1,-1,-1
186,2,33.53,854.07,145.33,129.85,1,-1,-1,-1
186,19,1124.75,336.65,179.23,152.29,1,-1,-1,-1
186,20,1651.54,403.04,124.54,99.07,1,-1,-1,-1
186,22,1326.71,476.97,124.59,94.37,1,-1,-1,-1
187,2,33.55,854.01,145.35,129.94,1,-1,-1,-1
187,20,1628.95,390.69,122.99,95.94,1,-1,-1,-1
187,23,1464.22,110.09,101.01,76.15,1,-1,-1,-1
188,2,33.48,853.97,145.52,129.94,1,-1,-1,-1
188,23,1463.66,110.44,101.37,77.28,1,-1,-1,-1
189,2,34.51,854.69,144.49,130.17,1,-1,-1,-1
189,4,352.93,109.27,102.03,89.21,1,-1,-1,-1
190,2,34.13,854.13,145.02,130.20,1,-1,-1,-1
191,2,33.97,854.01,145.38,130.13,1,-1,-1,-1
191,23,1460.28,110.73,103.32,78.19,1,-1,-1,-1
191,25,1456.60,343.42,110.22,73.39,1,-1,-1,-1
192,2,33.87,853.94,145.64,130.11,1,-1,-1,-1
192,25,1449.21,329.68,112.61,77.97,1,-1,-1,-1
192,26,879.22,303.21,172.22,144.22,1,-1,-1,-1
193,2,33.56,853.76,145.73,130.18,1,-1,-1,-1
193,25,1417.44,327.50,112.49,77.66,1,-1,-1,-1
193,26,844.47,303.91,175.38,146.10,1,-1,-1,-1
194,2,33.68,853.73,145.76,130.20,1,-1,-1,-1
194,23,1463.06,110.21,101.58,77.04,1,-1,-1,-1
194,25,1399.78,325.99,112.66,78.65,1,-1,-1,-1
194,26,829.12,290.19,178.56,153.42,1,-1,-1,-1
195,2,33.18,854.00,145.27,129.79,1,-1,-1,-1
195,25,1391.80,328.22,111.68,81.13,1,-1,-1,-1
195,26,829.08,296.61,171.60,150.52,1,-1,-1,-1
196,2,33.89,854.79,143.75,129.66,1,-1,-1,-1
196,25,1387.36,327.94,112.33,84.31,1,-1,-1,-1
196,26,833.47,302.36,161.00,138.50,1,-1,-1,-1
197,2,33.49,854.43,143.61,129.38,1,-1,-1,-1
197,25,1386.36,328.75,111.32,85.78,1,-1,-1,-1
197,26,838.45,305.02,156.72,131.08,1,-1,-1,-1
198,2,33.45,854.12,143.60,129.30,1,-1,-1,-1
198,25,1384.62,331.57,109.52,86.08,1,-1,-1,-1
198,26,836.74,307.80,140.91,119.67,1,-1,-1,-1
199,2,34.21,854.55,142.96,129.56,1,-1,-1,-1
199,25,1388.03,341.66,110.76,87.00,1,-1,-1,-1
200,2,34.74,854.70,142.54,129.73,1,-1,-1,-1
200,25,1393.72,342.48,111.77,88.48,1,-1,-1,-1
200,26,871.91,317.60,140.47,116.35,1,-1,-1,-1
201,2,35.02,854.89,142.17,129.74,1,-1,-1,-1
201,25,1390.39,333.57,111.74,88.29,1,-1,-1,-1
202,2,35.21,854.93,141.77,129.72,1,-1,-1,-1
202,25,1383.56,326.58,113.62,85.99,1,-1,-1,-1
203,2,34.03,854.33,141.71,129.53,1,-1,-1,-1
203,25,1379.76,303.13,123.05,92.55,1,-1,-1,-1
204,2,35.00,854.85,141.92,129.66,1,-1,-1,-1
204,25,1365.89,294.39,122.72,90.60,1,-1,-1,-1
205,2,35.52,854.99,142.07,129.77,1,-1,-1,-1
205,25,1352.92,284.61,122.82,90.20,1,-1,-1,-1
206,2,35.55,855.08,142.03,129.80,1,-1,-1,-1
206,25,1345.19,271.84,123.43,89.86,1,-1,-1,-1
207,2,35.58,855.25,142.16,129.79,1,-1,-1,-1
207,25,1340.29,262.50,124.18,87.77,1,-1,-1,-1
208,2,35.49,855.25,142.27,129.87,1,-1,-1,-1
208,25,1336.19,252.70,125.65,87.45,1,-1,-1,-1
209,2,35.21,855.28,142.16,129.92,1,-1,-1,-1
209,25,1334.37,248.62,126.81,87.22,1,-1,-1,-1
210,2,34.91,855.30,141.54,129.88,1,-1,-1,-1
210,25,1330.20,251.97,126.47,86.11,1,-1,-1,-1
211,2,34.74,855.47,141.02,129.75,1,-1,-1,-1
211,25,1333.66,259.85,125.35,87.01,1,-1,-1,-1
211,28,794.10,265.98,188.70,163.78,1,-1,-1,-1
212,2,34.77,855.54,140.60,129.68,1,-1,-1,-1
212,25,1338.26,266.28,125.33,88.32,1,-1,-1,-1
212,28,801.77,267.81,188.85,164.01,1,-1,-1,-1
213,2,35.15,855.57,140.59,129.61,1,-1,-1,-1
213,28,850.96,275.61,186.17,162.18,1,-1,-1,-1
214,2,35.60,855.43,140.92,129.60,1,-1,-1,-1
214,28,798.74,321.76,217.86,201.38,1,-1,-1,-1
215,2,35.72,855.34,141.14,129.55,1,-1,-1,-1
216,2,35.74,855.35,141.31,129.54,1,-1,-1,-1
216,30,970.05,285.94,200.43,157.93,1,-1,-1,-1
216,31,1530.92,324.74,124.01,95.00,1,-1,-1,-1
217,2,35.89,855.34,141.64,129.54,1,-1,-1,-1
218,2,36.16,855.33,141.74,129.55,1,-1,-1,-1
218,30,974.36,275.20,208.53,161.16,1,-1,-1,-1
219,2,35.82,855.33,141.50,129.59,1,-1,-1,-1
219,28,738.62,356.73,238.33,221.37,1,-1,-1,-1
219,30,936.55,267.72,211.69,165.41,1,-1,-1,-1
220,2,35.57,855.36,141.08,129.67,1,-1,-1,-1
220,29,354.67,109.66,103.98,94.22,1,-1,-1,-1
220,30,902.43,264.24,209.64,165.03,1,-1,-1,-1
221,2,35.99,855.32,140.95,129.72,1,-1,-1,-1
221,30,884.88,261.60,209.60,166.22,1,-1,-1,-1
222,2,35.69,855.22,141.21,129.85,1,-1,-1,-1
222,30,870.39,259.30,208.04,167.56,1,-1,-1,-1
222,34,1442.48,204.90,124.35,109.92,1,-1,-1,-1
223,2,35.45,855.11,141.23,129.93,1,-1,-1,-1
223,30,866.62,260.06,206.85,169.46,1,-1,-1,-1
223,34,1437.41,208.32,123.21,113.36,1,-1,-1,-1
224,2,35.79,855.17,141.40,129.90,1,-1,-1,-1
224,30,865.99,260.25,205.74,171.21,1,-1,-1,-1
225,2,35.03,854.95,142.41,129.45,1,-1,-1,-1
225,30,868.99,264.93,202.64,172.69,1,-1,-1,-1
225,34,1437.75,250.29,119.37,105.66,1,-1,-1,-1
226,2,35.56,855.13,142.57,129.49,1,-1,-1,-1
226,30,878.69,270.85,202.59,174.69,1,-1,-1,-1
226,34,1442.98,277.95,119.63,101.60,1,-1,-1,-1
227,2,34.30,854.62,142.53,129.42,1,-1,-1,-1
227,30,885.89,273.95,202.02,176.26,1,-1,-1,-1
227,34,1447.70,291.67,121.83,102.14,1,-1,-1,-1
227,35,611.59,341.24,193.16,203.25,1,-1,-1,-1
228,2,34.95,855.29,141.86,129.26,1,-1,-1,-1
228,30,921.47,282.49,205.94,180.50,1,-1,-1,-1
229,2,35.08,855.67,140.86,129.06,1,-1,-1,-1
229,30,944.80,289.88,204.39,181.49,1,-1,-1,-1
230,2,35.32,855.80,140.32,128.97,1,-1,-1,-1
230,30,980.68,296.11,210.28,186.40,1,-1,-1,-1
231,2,35.32,855.92,139.79,128.86,1,-1,-1,-1
231,30,997.11,296.74,214.86,189.37,1,-1,-1,-1
231,37,1558.77,344.29,129.50,103.08,1,-1,-1,-1
232,2,35.82,855.79,140.22,128.93,1,-1,-1,-1
232,30,1001.71,299.37,219.59,194.60,1,-1,-1,-1
232,37,1561.25,342.83,127.45,100.95,1,-1,-1,-1
233,2,35.99,855.53,140.91,129.09,1,-1,-1,-1
233,30,994.26,295.83,227.60,201.55,1,-1,-1,-1
233,37,1551.54,330.13,129.76,104.67,1,-1,-1,-1
234,2,34.56,854.88,142.58,128.92,1,-1,-1,-1
234,30,978.85,293.75,237.65,208.26,1,-1,-1,-1
234,37,1537.02,319.07,130.66,104.81,1,-1,-1,-1
235,2,35.42,855.10,142.72,129.19,1,-1,-1,-1
235,30,950.21,288.98,245.72,212.84,1,-1,-1,-1
235,37,1509.80,302.11,132.52,106.34,1,-1,-1,-1
236,2,34.74,854.54,143.84,129.14,1,-1,-1,-1
236,30,931.35,286.34,252.41,216.09,1,-1,-1,-1
236,37,1492.36,290.53,136.85,109.67,1,-1,-1,-1
237,2,34.03,854.53,144.34,129.05,1,-1,-1,-1
237,30,937.52,302.99,250.49,209.01,1,-1,-1,-1
237,37,1486.91,276.89,138.60,108.49,1,-1,-1,-1
238,2,33.59,854.54,144.67,128.99,1,-1,-1,-1
238,30,926.34,302.22,259.02,210.84,1,-1,-1,-1
238,37,1485.25,266.01,141.31,108.74,1,-1,-1,-1
239,2,33.13,854.53,145.09,128.94,1,-1,-1,-1
239,30,918.27,294.41,268.17,216.52,1,-1,-1,-1
239,37,1484.69,258.85,142.05,107.41,1,-1,-1,-1
240,2,32.70,854.59,145.29,128.88,1,-1,-1,-1
240,30,966.11,322.12,243.66,202.13,1,-1,-1,-1
240,37,1484.21,251.72,142.75,106.99,1,-1,-1,-1
241,2,32.54,855.15,146.07,128.78,1,-1,-1,-1
241,30,945.62,303.79,261.33,217.84,1,-1,-1,-1
241,37,1489.78,246.24,143.13,107.58,1,-1,-1,-1
242,2,32.47,855.33,146.76,128.70,1,-1,-1,-1
242,30,948.22,320.93,270.92,204.75,1,-1,-1,-1
242,37,1501.57,245.53,145.30,108.36,1,-1,-1,-1
243,2,32.32,855.47,147.06,128.61,1,-1,-1,-1
243,30,960.49,317.70,275.66,209.35,1,-1,-1,-1
243,37,1518.66,247.88,146.14,109.77,1,-1,-1,-1
244,2,32.35,855.39,146.66,128.66,1,-1,-1,-1
244,30,993.92,316.59,275.06,215.22,1,-1,-1,-1
244,37,1537.57,254.57,145.84,111.57,1,-1,-1,-1
245,2,32.52,855.36,146.38,128.72,1,-1,-1,-1
245,30,997.36,325.54,281.99,217.14,1,-1,-1,-1
245,37,1547.31,256.45,146.96,115.67,1,-1,-1,-1
246,2,32.62,855.29,146.15,128.79,1,-1,-1,-1
246,30,1067.70,353.89,251.19,208.11,1,-1,-1,-1
246,37,1558.93,271.70,147.73,117.13,1,-1,-1,-1
247,2,32.75,855.32,145.85,128.76,1,-1,-1,-1
247,30,1103.09,370.11,230.29,203.71,1,-1,-1,-1
247,37,1564.68,279.90,148.28,117.46,1,-1,-1,-1
247,39,996.36,357.07,171.28,207.84,1,-1,-1,-1
248,2,32.82,855.26,145.83,128.88,1,-1,-1,-1
248,30,1114.02,387.00,216.89,205.99,1,-1,-1,-1
248,37,1563.46,275.01,148.69,121.70,1,-1,-1,-1
248,39,982.30,379.61,158.60,197.81,1,-1,-1,-1
249,30,1131.00,401.24,202.60,207.28,1,-1,-1,-1
249,37,1565.74,271.47,148.59,124.44,1,-1,-1,-1
249,39,977.86,384.03,159.91,199.18,1,-1,-1,-1
250,30,1135.04,412.01,196.42,211.51,1,-1,-1,-1
250,37,1570.68,268.60,147.72,124.63,1,-1,-1,-1
250,39,979.69,385.84,161.33,196.41,1,-1,-1,-1
251,37,1565.63,259.52,147.70,124.71,1,-1,-1,-1
252,37,1555.60,250.12,147.54,123.25,1,-1,-1,-1
253,37,1531.79,250.00,148.59,110.97,1,-1,-1,-1
255,37,1489.41,215.99,147.32,113.46,1,-1,-1,-1
256,2,34.48,855.15,146.09,129.91,1,-1,-1,-1
257,2,34.06,854.68,146.15,130.52,1,-1,-1,-1
257,42,356.07,108.08,100.91,94.57,1,-1,-1,-1
257,44,101.45,116.41,132.63,126.48,1,-1,-1,-1
258,2,33.02,854.30,146.05,130.94,1,-1,-1,-1
258,37,1420.49,151.41,150.39,123.83,1,-1,-1,-1
258,44,107.50,116.79,124.86,120.94,1,-1,-1,-1
259,2,33.19,855.17,145.13,130.31,1,-1,-1,-1
259,37,1401.75,138.92,150.00,126.43,1,-1,-1,-1
259,43,224.93,114.83,124.44,121.44,1,-1,-1,-1
259,44,110.61,117.62,121.10,119.05,1,-1,-1,-1
259,45,354.49,109.91,104.67,90.85,1,-1,-1,-1
260,2,33.73,855.81,144.44,129.80,1,-1,-1,-1
260,37,1428.48,107.90,136.39,112.29,1,-1,-1,-1
260,43,230.75,110.79,118.42,105.64,1,-1,-1,-1
260,44,105.87,117.75,129.53,129.86,1,-1,-1,-1
260,45,354.49,109.78,105.68,93.63,1,-1,-1,-1
261,2,33.43,855.83,143.41,129.23,1,-1,-1,-1
261,37,1401.97,112.74,146.88,122.86,1,-1,-1,-1
261,43,232.83,69.05,142.46,133.17,1,-1,-1,-1
261,44,107.60,116.84,132.23,132.41,1,-1,-1,-1
261,45,356.31,109.52,104.30,93.45,1,-1,-1,-1
262,2,33.70,856.36,142.56,128.91,1,-1,-1,-1
262,44,89.82,113.81,143.15,134.35,1,-1,-1,-1
262,45,357.53,109.48,102.52,93.10,1,-1,-1,-1
262,46,1694.65,115.58,119.46,124.60,1,-1,-1,-1
263,2,34.20,856.68,141.88,128.60,1,-1,-1,-1
263,37,1368.23,144.15,147.60,120.49,1,-1,-1,-1
263,46,1694.37,116.45,121.55,125.30,1,-1,-1,-1
264,2,35.13,856.79,141.14,128.35,1,-1,-1,-1
264,46,1691.37,116.95,120.91,125.46,1,-1,-1,-1
265,2,35.21,856.82,140.45,128.18,1,-1,-1,-1
265,48,1460.46,108.86,103.81,78.81,1,-1,-1,-1
266,2,35.41,857.00,139.87,127.93,1,-1,-1,-1
266,48,1459.82,109.00,103.87,78.57,1,-1,-1,-1
267,2,35.39,857.23,139.29,127.69,1,-1,-1,-1
267,48,1458.62,109.16,105.18,79.83,1,-1,-1,-1
268,2,35.69,856.58,139.00,127.49,1,-1,-1,-1
268,44,102.65,112.92,130.68,117.45,1,-1,-1,-1
268,45,336.54,112.55,129.30,124.97,1,-1,-1,-1
268,46,1695.60,116.37,118.62,124.94,1,-1,-1,-1
269,2,37.05,856.66,138.46,127.47,1,-1,-1,-1
269,44,106.09,113.81,125.58,110.09,1,-1,-1,-1
269,45,318.00,106.26,144.41,136.60,1,-1,-1,-1
269,48,1457.33,110.05,107.82,81.54,1,-1,-1,-1
270,2,36.33,856.68,138.94,127.61,1,-1,-1,-1
270,44,106.13,119.19,127.06,117.79,1,-1,-1,-1
270,45,334.19,107.76,134.72,134.08,1,-1,-1,-1
270,48,1457.82,110.18,107.92,81.79,1,-1,-1,-1
271,2,35.91,856.60,139.24,127.67,1,-1,-1,-1
271,44,104.92,118.38,129.04,121.53,1,-1,-1,-1
271,45,340.86,107.43,129.43,131.86,1,-1,-1,-1
271,48,1457.40,110.63,108.50,82.62,1,-1,-1,-1
272,2,35.76,856.60,139.21,127.72,1,-1,-1,-1
272,45,343.78,107.14,126.29,130.11,1,-1,-1,-1
272,48,1456.71,110.63,109.45,83.76,1,-1,-1,-1
273,2,35.71,856.59,139.28,127.69,1,-1,-1,-1
273,45,346.71,102.77,121.78,120.59,1,-1,-1,-1
273,49,920.26,30.50,184.47,128.18,1,-1,-1,-1
274,2,35.66,856.60,139.52,127.70,1,-1,-1,-1
274,45,347.96,102.44,118.17,113.97,1,-1,-1,-1
275,2,35.61,856.58,139.60,127.70,1,-1,-1,-1
275,45,349.36,103.34,115.44,109.20,1,-1,-1,-1
276,2,34.78,856.33,140.55,127.40,1,-1,-1,-1
276,45,350.52,104.66,113.53,105.75,1,-1,-1,-1
277,2,33.83,856.14,141.30,127.27,1,-1,-1,-1
277,45,347.20,110.85,116.82,111.44,1,-1,-1,-1
278,2,33.20,856.07,141.81,127.32,1,-1,-1,-1
278,45,347.23,113.09,117.66,116.47,1,-1,-1,-1
279,2,33.74,856.02,140.71,127.32,1,-1,-1,-1
279,45,349.48,106.87,115.33,110.83,1,-1,-1,-1
279,51,1137.55,22.91,167.02,152.77,1,-1,-1,-1
279,52,715.83,387.83,141.96,161.55,1,-1,-1,-1
280,2,34.07,855.98,141.18,127.16,1,-1,-1,-1
280,45,350.73,105.50,113.66,106.75,1,-1,-1,-1
280,51,1123.79,19.56,167.28,153.17,1,-1,-1,-1
280,52,694.04,383.98,144.91,155.59,1,-1,-1,-1
281,2,34.80,856.04,141.55,127.02,1,-1,-1,-1
281,45,351.57,105.78,112.21,103.67,1,-1,-1,-1
281,50,233.74,114.06,111.81,92.81,1,-1,-1,-1
281,51,1110.98,13.48,166.82,153.89,1,-1,-1,-1
282,2,36.31,856.32,140.79,127.22,1,-1,-1,-1
282,45,349.59,112.65,114.91,111.08,1,-1,-1,-1
282,48,1459.25,108.86,102.50,77.62,1,-1,-1,-1
282,51,1097.51,10.87,164.77,149.74,1,-1,-1,-1
282,53,737.89,189.55,189.61,206.96,1,-1,-1,-1
283,2,36.95,856.42,140.16,127.32,1,-1,-1,-1
283,45,351.30,107.52,112.45,106.34,1,-1,-1,-1
283,48,1462.09,109.40,101.68,74.97,1,-1,-1,-1
283,50,232.12,114.58,112.96,92.81,1,-1,-1,-1
283,51,1085.65,7.18,162.07,146.80,1,-1,-1,-1
284,2,37.36,856.44,139.50,127.38,1,-1,-1,-1
284,45,352.36,106.43,110.65,102.97,1,-1,-1,-1
284,48,1461.31,109.49,100.28,73.86,1,-1,-1,-1
284,51,1073.26,3.07,162.96,146.83,1,-1,-1,-1
284,52,624.22,405.37,164.44,187.43,1,-1,-1,-1
284,53,702.22,189.71,200.67,217.18,1,-1,-1,-1
285,2,37.62,856.45,139.06,127.40,1,-1,-1,-1
285,45,353.00,106.63,109.52,100.74,1,-1,-1,-1
285,48,1461.26,109.71,99.40,73.37,1,-1,-1,-1
285,50,236.50,115.02,109.81,91.92,1,-1,-1,-1
285,51,1059.48,1.74,163.22,147.09,1,-1,-1,-1
285,54,98.85,116.36,138.31,133.07,1,-1,-1,-1
286,2,37.80,856.50,138.57,127.38,1,-1,-1,-1
286,45,349.19,114.61,114.00,109.88,1,-1,-1,-1
286,48,1462.91,110.17,100.28,73.32,1,-1,-1,-1
286,50,236.69,114.88,109.82,92.01,1,-1,-1,-1
286,54,104.74,117.16,129.76,126.59,1,-1,-1,-1
287,2,37.90,856.51,138.59,127.37,1,-1,-1,-1
287,45,349.98,108.77,112.89,106.08,1,-1,-1,-1
287,50,231.70,114.78,115.56,93.85,1,-1,-1,-1
287,54,107.61,113.90,122.17,111.79,1,-1,-1,-1
288,2,36.84,856.30,138.47,127.13,1,-1,-1,-1
288,45,350.31,106.75,111.83,102.73,1,-1,-1,-1
288,50,231.15,114.72,117.35,93.35,1,-1,-1,-1
288,54,111.86,114.21,116.21,101.84,1,-1,-1,-1
289,2,35.97,856.37,138.76,126.88,1,-1,-1,-1
289,45,350.47,106.56,110.82,100.39,1,-1,-1,-1
289,48,1463.50,111.36,100.82,74.98,1,-1,-1,-1
289,54,112.65,116.28,117.15,101.03,1,-1,-1,-1
290,2,35.61,856.40,139.10,126.74,1,-1,-1,-1
290,45,349.23,107.83,111.75,99.54,1,-1,-1,-1
290,48,1463.17,110.65,99.99,74.97,1,-1,-1,-1
290,50,227.98,113.84,120.70,92.62,1,-1,-1,-1
290,54,113.38,116.79,116.94,99.32,1,-1,-1,-1
291,2,35.81,856.32,139.54,126.66,1,-1,-1,-1
291,45,351.50,107.56,109.69,98.16,1,-1,-1,-1
291,48,1462.19,111.14,102.33,76.32,1,-1,-1,-1
291,50,226.13,114.50,122.93,92.49,1,-1,-1,-1
291,54,116.38,115.01,111.61,93.50,1,-1,-1,-1
292,2,35.36,856.08,139.95,126.78,1,-1,-1,-1
292,45,351.88,106.83,108.54,96.53,1,-1,-1,-1
292,50,226.18,114.54,123.55,91.69,1,-1,-1,-1
292,54,118.43,115.42,108.01,89.67,1,-1,-1,-1
293,2,34.84,855.86,140.72,126.96,1,-1,-1,-1
293,45,352.33,107.26,107.97,95.07,1,-1,-1,-1
293,50,225.91,114.99,123.88,91.49,1,-1,-1,-1
293,54,119.58,116.18,105.56,87.19,1,-1,-1,-1
293,56,1696.57,116.19,117.24,125.58,1,-1,-1,-1
294,2,35.05,855.76,141.45,127.09,1,-1,-1,-1
294,45,352.89,108.06,107.52,94.20,1,-1,-1,-1
294,48,1446.83,123.54,123.62,102.76,1,-1,-1,-1
294,50,226.30,115.55,123.49,91.58,1,-1,-1,-1
294,54,120.72,117.04,103.83,85.72,1,-1,-1,-1
294,56,1680.29,114.75,130.38,129.96,1,-1,-1,-1
295,2,36.10,856.06,142.06,127.30,1,-1,-1,-1
295,45,352.53,108.58,107.54,93.71,1,-1,-1,-1
295,48,1454.01,111.28,117.47,95.53,1,-1,-1,-1
295,50,233.44,115.72,117.94,91.24,1,-1,-1,-1
295,54,117.57,118.64,107.26,87.40,1,-1,-1,-1
296,2,36.10,856.06,142.28,127.54,1,-1,-1,-1
296,45,352.83,108.89,107.32,93.59,1,-1,-1,-1
296,48,1456.34,107.94,113.46,91.29,1,-1,-1,-1
296,50,230.57,120.84,120.75,98.98,1,-1,-1,-1
296,54,115.86,118.93,109.77,88.95,1,-1,-1,-1
297,2,35.37,855.83,142.67,127.84,1,-1,-1,-1
297,45,352.41,108.94,107.45,93.66,1,-1,-1,-1
297,48,1457.33,106.37,110.55,86.50,1,-1,-1,-1
297,57,1562.81,117.30,128.82,137.43,1,-1,-1,-1
298,2,37.70,856.18,141.77,127.64,1,-1,-1,-1
298,45,352.63,108.76,107.20,93.72,1,-1,-1,-1
298,48,1458.42,107.21,108.12,83.94,1,-1,-1,-1
298,50,223.90,115.93,125.74,99.13,1,-1,-1,-1
298,54,108.98,125.63,118.64,101.58,1,-1,-1,-1
299,2,36.57,855.87,142.14,127.88,1,-1,-1,-1
299,45,352.79,108.73,107.13,93.82,1,-1,-1,-1
299,48,1459.45,107.56,106.46,81.59,1,-1,-1,-1
299,50,222.04,115.05,127.66,99.09,1,-1,-1,-1
299,54,109.24,124.58,123.17,109.69,1,-1,-1,-1
299,56,1676.75,113.57,137.64,130.94,1,-1,-1,-1
299,58,1132.97,168.70,183.96,178.93,1,-1,-1,-1
300,2,36.43,856.01,142.31,127.97,1,-1,-1,-1
300,45,352.39,108.83,106.89,94.03,1,-1,-1,-1
300,48,1460.22,108.06,105.62,79.82,1,-1,-1,-1
300,50,220.90,114.01,128.47,98.26,1,-1,-1,-1
300,54,109.29,121.75,125.08,113.28,1,-1,-1,-1
300,57,1579.69,161.20,150.25,157.37,1,-1,-1,-1
300,58,1102.13,166.60,181.61,177.67,1,-1,-1,-1
300,59,1266.99,431.97,157.65,144.95,1,-1,-1,-1
301,2,36.46,856.06,142.25,127.94,1,-1,-1,-1
301,45,350.45,108.63,107.67,93.11,1,-1,-1,-1
301,48,1460.61,108.47,104.91,78.63,1,-1,-1,-1
301,50,220.78,113.69,129.11,97.47,1,-1,-1,-1
301,54,109.79,120.05,125.39,115.47,1,-1,-1,-1
301,57,1583.77,128.22,203.98,195.23,1,-1,-1,-1
301,58,1094.56,166.21,176.01,175.48,1,-1,-1,-1
301,59,1254.94,434.13,176.67,146.71,1,-1,-1,-1
