4,1,713.07,588.42,303.93,260.81,1,-1,-1,-1
4,2,569.01,386.51,199.72,144.65,1,-1,-1,-1
7,1,722.45,584.61,297.49,254.02,1,-1,-1,-1
7,2,568.90,386.01,199.89,145.64,1,-1,-1,-1
10,1,738.53,571.64,297.11,246.47,1,-1,-1,-1
10,2,568.83,385.84,199.46,145.69,1,-1,-1,-1
13,1,762.13,550.66,294.36,246.41,1,-1,-1,-1
13,2,568.94,384.46,199.54,147.66,1,-1,-1,-1
13,3,-13.20,439.00,79.61,138.02,1,-1,-1,-1
16,1,787.26,532.63,290.74,240.90,1,-1,-1,-1
16,2,569.07,385.27,199.54,146.29,1,-1,-1,-1
16,3,-9.69,448.37,88.36,115.41,1,-1,-1,-1
19,1,805.41,514.87,289.26,240.34,1,-1,-1,-1
19,2,569.15,385.80,199.54,145.73,1,-1,-1,-1
19,3,0.32,430.09,75.51,139.23,1,-1,-1,-1
22,1,828.94,503.51,270.88,230.39,1,-1,-1,-1
22,2,569.16,385.86,199.55,145.86,1,-1,-1,-1
22,3,-1.03,438.21,88.69,112.34,1,-1,-1,-1
25,1,834.61,491.45,271.79,229.31,1,-1,-1,-1
25,2,568.97,386.91,199.21,144.34,1,-1,-1,-1
25,3,-0.70,418.30,98.57,134.38,1,-1,-1,-1
28,1,841.46,482.78,263.09,218.80,1,-1,-1,-1
28,2,568.90,386.29,199.57,145.60,1,-1,-1,-1
28,3,2.59,412.30,94.25,125.76,1,-1,-1,-1
31,1,856.06,474.79,243.49,210.78,1,-1,-1,-1
31,2,568.97,386.31,199.54,145.63,1,-1,-1,-1
31,3,0.34,406.51,104.66,132.79,1,-1,-1,-1
34,1,852.89,466.70,248.49,201.97,1,-1,-1,-1
34,2,569.01,387.14,199.83,144.68,1,-1,-1,-1
34,3,3.14,406.25,96.99,139.16,1,-1,-1,-1
37,1,866.85,456.56,233.12,202.43,1,-1,-1,-1
37,2,569.43,388.39,199.36,143.25,1,-1,-1,-1
37,3,6.22,432.70,77.26,111.68,1,-1,-1,-1
40,1,870.57,450.20,233.04,202.70,1,-1,-1,-1
40,2,569.38,389.52,199.52,142.12,1,-1,-1,-1
40,3,1.91,442.55,78.07,115.27,1,-1,-1,-1
43,1,878.50,448.55,223.39,202.82,1,-1,-1,-1
43,2,569.21,389.09,199.80,142.95,1,-1,-1,-1
46,1,864.36,449.98,241.80,203.54,1,-1,-1,-1
46,2,569.18,387.46,199.77,144.93,1,-1,-1,-1
46,3,5.33,413.58,32.24,167.19,1,-1,-1,-1
49,1,856.25,453.04,246.39,204.37,1,-1,-1,-1
49,2,569.58,387.88,199.25,143.97,1,-1,-1,-1
52,1,850.01,456.28,246.26,206.08,1,-1,-1,-1
52,2,569.41,387.35,199.57,144.62,1,-1,-1,-1
55,1,841.07,460.74,251.96,206.75,1,-1,-1,-1
55,2,569.38,386.45,199.57,145.64,1,-1,-1,-1
58,1,831.41,465.81,258.07,209.74,1,-1,-1,-1
58,2,569.30,386.48,199.60,145.28,1,-1,-1,-1
61,1,825.21,470.22,261.95,220.28,1,-1,-1,-1
61,2,569.17,386.79,199.70,144.84,1,-1,-1,-1
64,1,824.90,476.08,259.37,221.06,1,-1,-1,-1
64,2,569.04,387.00,199.86,144.67,1,-1,-1,-1
67,1,825.25,483.75,259.28,218.35,1,-1,-1,-1
67,2,569.07,386.92,199.78,144.84,1,-1,-1,-1
70,1,824.78,489.51,260.12,220.07,1,-1,-1,-1
70,2,569.12,388.40,199.74,142.97,1,-1,-1,-1
73,1,811.66,493.98,277.36,229.24,1,-1,-1,-1
73,2,569.11,388.58,199.78,143.12,1,-1,-1,-1
76,1,812.19,501.51,274.69,225.19,1,-1,-1,-1
76,2,569.17,388.20,199.66,143.78,1,-1,-1,-1
79,1,815.46,500.62,265.97,224.93,1,-1,-1,-1
79,2,569.19,386.74,199.65,145.56,1,-1,-1,-1
82,1,816.98,496.99,262.31,217.54,1,-1,-1,-1
82,2,569.22,386.83,199.61,145.01,1,-1,-1,-1
85,1,822.88,487.27,254.76,217.45,1,-1,-1,-1
85,2,569.16,386.68,199.63,145.16,1,-1,-1,-1
88,1,826.95,478.32,249.43,218.64,1,-1,-1,-1
88,2,569.25,388.35,199.48,142.99,1,-1,-1,-1
91,1,825.96,473.93,252.66,219.26,1,-1,-1,-1
91,2,569.31,388.23,199.48,143.59,1,-1,-1,-1
94,1,825.44,473.29,252.09,220.13,1,-1,-1,-1
94,2,569.07,387.00,199.72,145.28,1,-1,-1,-1
97,1,824.87,477.88,249.43,218.28,1,-1,-1,-1
97,2,569.06,387.80,199.60,143.94,1,-1,-1,-1
100,1,809.53,484.47,266.48,222.37,1,-1,-1,-1
100,2,569.05,388.22,199.66,143.41,1,-1,-1,-1
103,1,805.49,490.75,263.98,230.78,1,-1,-1,-1
103,2,569.12,388.23,199.68,143.53,1,-1,-1,-1
106,1,797.03,505.36,268.24,228.35,1,-1,-1,-1
106,2,568.99,390.27,200.01,141.12,1,-1,-1,-1
109,1,786.97,514.34,276.15,240.38,1,-1,-1,-1
109,2,569.09,390.59,199.83,141.13,1,-1,-1,-1
112,1,810.89,532.26,231.97,221.72,1,-1,-1,-1
112,2,568.99,390.13,200.07,141.85,1,-1,-1,-1
115,1,771.54,535.64,280.71,249.94,1,-1,-1,-1
115,2,568.98,390.16,200.03,141.61,1,-1,-1,-1
118,1,772.23,551.14,260.73,250.36,1,-1,-1,-1
118,2,568.98,390.49,199.99,141.11,1,-1,-1,-1
121,1,725.88,561.13,303.27,261.64,1,-1,-1,-1
121,2,568.99,389.94,199.92,141.83,1,-1,-1,-1
124,1,706.11,574.67,294.57,262.16,1,-1,-1,-1
124,2,569.05,389.96,199.92,141.67,1,-1,-1,-1
127,1,698.15,585.86,267.17,266.81,1,-1,-1,-1
127,2,569.11,389.19,199.85,142.63,1,-1,-1,-1
130,1,644.19,595.19,298.07,275.07,1,-1,-1,-1
130,2,569.14,389.36,199.84,142.18,1,-1,-1,-1
133,1,601.97,682.92,242.83,184.50,1,-1,-1,-1
133,2,569.18,389.82,199.93,141.51,1,-1,-1,-1
139,4,-6.46,666.25,166.84,186.48,1,-1,-1,-1
139,5,1498.18,488.95,225.50,204.85,1,-1,-1,-1
139,7,1640.72,119.91,97.02,80.14,1,-1,-1,-1
139,8,302.97,119.28,95.13,78.67,1,-1,-1,-1
139,9,378.01,372.33,108.40,107.26,1,-1,-1,-1
139,10,183.23,121.36,92.02,69.13,1,-1,-1,-1
142,4,-8.02,645.14,174.63,211.02,1,-1,-1,-1
142,5,1492.61,489.04,223.61,204.54,1,-1,-1,-1
142,7,1640.86,119.97,96.88,80.21,1,-1,-1,-1
142,8,303.28,119.49,94.43,78.41,1,-1,-1,-1
142,9,359.31,371.00,134.14,108.64,1,-1,-1,-1
142,10,183.24,121.39,92.01,69.07,1,-1,-1,-1
145,4,-19.58,622.61,225.68,225.01,1,-1,-1,-1
145,5,1526.64,489.28,160.78,204.09,1,-1,-1,-1
145,6,1468.83,580.88,109.71,94.93,1,-1,-1,-1
145,7,1640.47,120.13,97.52,80.17,1,-1,-1,-1
145,8,303.20,119.91,94.38,77.48,1,-1,-1,-1
145,9,332.15,366.92,154.86,113.56,1,-1,-1,-1
145,10,183.06,121.36,92.32,69.11,1,-1,-1,-1
148,4,-9.28,605.66,239.51,210.57,1,-1,-1,-1
148,5,1530.43,489.85,160.34,203.45,1,-1,-1,-1
148,6,1468.21,580.62,109.53,95.41,1,-1,-1,-1
148,7,1640.97,120.23,96.88,80.32,1,-1,-1,-1
148,8,303.18,119.98,94.31,77.06,1,-1,-1,-1
148,9,309.46,366.51,145.28,112.71,1,-1,-1,-1
148,10,182.89,121.29,92.52,69.24,1,-1,-1,-1
151,4,2.36,584.58,237.11,217.80,1,-1,-1,-1
151,5,1534.62,490.00,158.20,203.51,1,-1,-1,-1
151,6,1467.67,580.52,110.01,95.64,1,-1,-1,-1
151,7,1640.17,120.23,98.05,80.77,1,-1,-1,-1
151,8,303.25,120.00,93.92,76.42,1,-1,-1,-1
151,9,279.49,367.82,152.10,111.07,1,-1,-1,-1
151,10,182.79,121.29,92.47,69.20,1,-1,-1,-1
154,4,7.23,574.62,236.80,214.77,1,-1,-1,-1
154,5,1535.79,489.88,158.97,203.66,1,-1,-1,-1
154,6,1467.79,580.60,109.17,95.53,1,-1,-1,-1
154,7,1640.75,120.29,97.13,80.92,1,-1,-1,-1
154,8,302.95,119.71,94.48,77.16,1,-1,-1,-1
154,9,262.91,369.10,146.49,110.08,1,-1,-1,-1
154,10,182.86,121.34,92.26,69.00,1,-1,-1,-1
157,4,7.93,566.05,232.63,209.64,1,-1,-1,-1
157,5,1485.19,489.63,223.48,203.67,1,-1,-1,-1
157,7,1641.26,120.36,96.56,80.84,1,-1,-1,-1
157,8,303.06,119.77,94.37,77.25,1,-1,-1,-1
157,9,248.17,370.04,143.58,109.52,1,-1,-1,-1
157,10,182.78,121.26,92.40,69.14,1,-1,-1,-1
160,4,4.73,559.02,241.12,194.45,1,-1,-1,-1
160,5,1526.36,501.02,152.73,149.26,1,-1,-1,-1
160,6,1467.96,580.72,107.06,95.69,1,-1,-1,-1
160,7,1640.55,120.25,97.50,81.17,1,-1,-1,-1
160,8,303.08,120.05,94.42,76.24,1,-1,-1,-1
160,9,234.18,373.18,150.23,105.52,1,-1,-1,-1
160,10,182.76,121.28,92.55,69.08,1,-1,-1,-1
163,4,15.83,550.17,216.29,176.02,1,-1,-1,-1
163,5,1529.08,480.60,159.74,203.34,1,-1,-1,-1
163,6,1467.80,580.85,107.07,95.65,1,-1,-1,-1
163,7,1640.07,120.29,97.93,81.09,1,-1,-1,-1
163,8,303.17,119.88,94.10,76.41,1,-1,-1,-1
163,9,234.89,371.68,145.79,110.55,1,-1,-1,-1
163,10,182.76,121.24,92.68,69.18,1,-1,-1,-1
166,4,8.90,536.46,210.02,179.56,1,-1,-1,-1
166,5,1533.03,485.19,159.47,203.69,1,-1,-1,-1
166,6,1468.10,580.80,104.54,95.83,1,-1,-1,-1
166,7,1640.51,120.33,97.13,80.77,1,-1,-1,-1
166,8,303.18,120.01,93.92,75.74,1,-1,-1,-1
166,9,241.55,373.21,145.04,109.59,1,-1,-1,-1
166,10,182.73,121.36,92.69,68.94,1,-1,-1,-1
169,4,5.56,531.78,209.56,166.86,1,-1,-1,-1
169,5,1536.16,488.48,157.85,203.23,1,-1,-1,-1
169,6,1467.46,580.89,105.59,95.55,1,-1,-1,-1
169,7,1639.22,120.22,98.90,80.91,1,-1,-1,-1
169,8,302.98,119.86,94.46,75.84,1,-1,-1,-1
169,9,252.29,372.18,141.95,110.94,1,-1,-1,-1
169,10,182.51,121.44,93.12,68.86,1,-1,-1,-1
172,4,-1.99,516.40,233.06,178.15,1,-1,-1,-1
172,5,1486.93,489.92,221.08,203.47,1,-1,-1,-1
172,7,1639.31,120.23,98.40,80.59,1,-1,-1,-1
172,8,301.91,120.82,97.68,71.98,1,-1,-1,-1
172,9,259.08,371.81,141.45,110.88,1,-1,-1,-1
172,10,182.22,121.43,93.63,69.01,1,-1,-1,-1
175,4,4.26,509.96,226.82,173.07,1,-1,-1,-1
175,5,1477.63,490.49,219.68,203.50,1,-1,-1,-1
175,7,1639.58,120.11,98.00,80.83,1,-1,-1,-1
175,8,302.26,120.21,97.76,72.28,1,-1,-1,-1
175,9,255.25,372.47,144.07,109.99,1,-1,-1,-1
175,10,182.15,121.47,93.65,69.00,1,-1,-1,-1
178,4,12.66,506.03,236.09,164.02,1,-1,-1,-1
178,5,1470.42,490.47,222.67,203.72,1,-1,-1,-1
178,7,1639.64,120.14,98.03,80.68,1,-1,-1,-1
178,8,302.49,120.06,97.69,72.06,1,-1,-1,-1
178,9,244.69,373.70,148.31,109.04,1,-1,-1,-1
178,10,182.09,121.54,93.73,68.79,1,-1,-1,-1
181,4,28.64,497.74,239.18,162.46,1,-1,-1,-1
181,5,1518.79,501.92,154.80,149.05,1,-1,-1,-1
181,6,1467.37,580.67,107.21,95.52,1,-1,-1,-1
181,7,1640.06,120.17,97.49,80.49,1,-1,-1,-1
181,8,302.66,120.03,97.37,71.85,1,-1,-1,-1
181,9,227.23,372.67,149.53,111.50,1,-1,-1,-1
181,10,182.18,121.49,93.55,68.86,1,-1,-1,-1
184,4,60.63,486.43,225.00,163.65,1,-1,-1,-1
184,5,1477.55,481.24,222.57,203.43,1,-1,-1,-1
184,7,1640.09,120.07,97.63,80.79,1,-1,-1,-1
184,8,303.52,119.14,94.77,74.97,1,-1,-1,-1
184,9,194.40,372.94,152.08,111.69,1,-1,-1,-1
184,10,182.20,121.50,93.53,68.76,1,-1,-1,-1
187,4,98.22,482.20,216.87,150.07,1,-1,-1,-1
187,5,1475.05,485.52,220.23,203.80,1,-1,-1,-1
187,7,1640.00,120.08,97.82,80.88,1,-1,-1,-1
187,8,303.20,119.76,94.67,74.07,1,-1,-1,-1
187,9,158.21,371.02,164.81,114.36,1,-1,-1,-1
187,10,182.26,121.52,93.50,68.63,1,-1,-1,-1
190,4,129.62,476.60,217.96,148.16,1,-1,-1,-1
190,5,1472.38,488.25,221.49,203.73,1,-1,-1,-1
190,7,1640.30,120.16,97.34,80.65,1,-1,-1,-1
190,8,303.12,119.77,94.21,74.38,1,-1,-1,-1
190,9,135.55,373.81,155.96,112.30,1,-1,-1,-1
190,10,182.17,121.51,93.61,68.53,1,-1,-1,-1
193,4,161.09,464.82,208.01,154.82,1,-1,-1,-1
193,5,1520.97,500.17,156.06,153.69,1,-1,-1,-1
193,6,1467.13,579.68,106.16,96.10,1,-1,-1,-1
193,7,1640.60,120.26,97.09,80.07,1,-1,-1,-1
193,8,303.10,119.76,93.92,74.76,1,-1,-1,-1
193,9,104.85,366.02,159.59,122.85,1,-1,-1,-1
193,10,182.16,121.48,93.49,68.44,1,-1,-1,-1
196,4,190.02,457.68,198.55,153.51,1,-1,-1,-1
196,5,1530.64,492.85,155.46,151.89,1,-1,-1,-1
196,6,1467.10,579.85,105.16,95.79,1,-1,-1,-1
196,7,1640.28,120.18,97.61,80.09,1,-1,-1,-1
196,8,302.80,120.24,94.11,72.92,1,-1,-1,-1
196,9,75.53,375.02,157.58,110.48,1,-1,-1,-1
196,10,182.24,121.48,93.30,68.28,1,-1,-1,-1
199,4,201.45,451.22,210.72,153.13,1,-1,-1,-1
199,5,1536.13,489.81,151.95,146.23,1,-1,-1,-1
199,6,1466.80,579.83,105.83,95.43,1,-1,-1,-1
199,7,1640.16,120.09,97.74,80.31,1,-1,-1,-1
199,8,302.94,119.73,93.92,74.04,1,-1,-1,-1
199,9,47.36,376.30,154.37,110.87,1,-1,-1,-1
199,10,182.22,121.42,93.32,68.30,1,-1,-1,-1
202,4,215.56,449.65,203.50,144.58,1,-1,-1,-1
202,5,1488.38,475.03,219.38,203.98,1,-1,-1,-1
202,7,1639.33,120.16,98.65,80.12,1,-1,-1,-1
202,8,302.70,119.42,94.49,75.74,1,-1,-1,-1
202,9,6.71,375.32,167.33,114.95,1,-1,-1,-1
202,10,182.25,121.41,93.30,68.34,1,-1,-1,-1
205,4,233.04,446.96,187.96,136.49,1,-1,-1,-1
205,5,1526.55,489.23,160.52,178.33,1,-1,-1,-1
205,6,1467.76,580.25,102.66,94.94,1,-1,-1,-1
205,7,1636.39,120.02,102.07,80.62,1,-1,-1,-1
205,8,302.59,119.75,94.72,75.70,1,-1,-1,-1
205,9,-1.84,378.59,129.10,111.96,1,-1,-1,-1
205,10,182.30,121.39,93.24,68.44,1,-1,-1,-1
208,4,253.58,444.23,169.20,130.86,1,-1,-1,-1
208,5,1484.79,484.49,219.31,204.14,1,-1,-1,-1
208,7,1632.15,119.55,106.45,83.39,1,-1,-1,-1
208,8,302.81,119.82,94.40,75.99,1,-1,-1,-1
208,9,-6.88,378.70,99.42,110.80,1,-1,-1,-1
208,10,182.37,121.42,93.06,68.27,1,-1,-1,-1
208,11,1724.31,794.27,211.00,188.83,1,-1,-1,-1
211,4,260.13,439.13,177.05,129.42,1,-1,-1,-1
211,5,1524.84,495.98,158.72,171.01,1,-1,-1,-1
211,6,1467.41,580.15,101.82,95.50,1,-1,-1,-1
211,7,1634.31,120.59,102.34,80.69,1,-1,-1,-1
211,8,302.85,119.80,94.47,76.52,1,-1,-1,-1
211,9,-10.94,380.75,85.65,105.98,1,-1,-1,-1
211,10,182.31,121.35,93.09,68.30,1,-1,-1,-1
211,11,1713.65,795.16,222.55,189.81,1,-1,-1,-1
214,4,284.35,434.45,165.55,125.58,1,-1,-1,-1
214,5,1480.31,486.08,222.97,203.32,1,-1,-1,-1
214,7,1634.71,120.38,102.07,80.62,1,-1,-1,-1
214,8,302.99,119.96,94.34,76.25,1,-1,-1,-1
214,9,-8.72,385.76,63.86,100.17,1,-1,-1,-1
214,10,182.24,121.42,93.20,68.10,1,-1,-1,-1
214,11,1690.85,804.59,241.90,193.76,1,-1,-1,-1
217,4,308.58,428.81,159.66,121.35,1,-1,-1,-1
217,5,1523.08,493.77,160.19,181.29,1,-1,-1,-1
217,6,1466.30,579.06,106.80,97.35,1,-1,-1,-1
217,7,1631.73,119.66,106.18,83.51,1,-1,-1,-1
217,8,303.20,119.71,94.10,77.29,1,-1,-1,-1
217,9,-9.29,384.40,57.74,106.45,1,-1,-1,-1
217,10,182.25,121.38,93.38,68.33,1,-1,-1,-1
217,11,1670.74,810.81,255.61,244.35,1,-1,-1,-1
220,4,333.57,422.82,143.52,119.64,1,-1,-1,-1
220,5,1530.22,491.40,160.22,181.45,1,-1,-1,-1
220,6,1466.91,579.28,105.95,96.52,1,-1,-1,-1
220,7,1631.22,120.00,106.22,83.67,1,-1,-1,-1
220,8,303.15,119.84,94.17,77.36,1,-1,-1,-1
220,9,-8.87,385.28,57.51,106.42,1,-1,-1,-1
220,10,182.31,121.34,93.32,68.47,1,-1,-1,-1
223,4,350.80,417.86,129.70,118.33,1,-1,-1,-1
223,5,1534.28,491.54,160.07,174.65,1,-1,-1,-1
223,6,1466.98,579.10,105.45,96.87,1,-1,-1,-1
223,7,1633.97,120.74,102.54,81.12,1,-1,-1,-1
223,8,302.97,119.30,94.39,80.22,1,-1,-1,-1
223,9,-6.95,385.98,57.64,105.95,1,-1,-1,-1
223,10,182.36,121.35,93.34,68.58,1,-1,-1,-1
226,4,358.86,414.84,147.57,117.62,1,-1,-1,-1
226,5,1535.74,487.71,160.43,183.83,1,-1,-1,-1
226,6,1467.15,579.35,104.33,96.34,1,-1,-1,-1
226,7,1634.44,120.41,102.76,81.04,1,-1,-1,-1
226,8,302.87,119.81,94.63,80.11,1,-1,-1,-1
226,9,-4.62,385.37,57.38,107.60,1,-1,-1,-1
226,10,182.31,121.35,93.52,68.77,1,-1,-1,-1
229,4,395.56,413.91,85.30,113.32,1,-1,-1,-1
229,5,1535.66,487.57,160.99,187.96,1,-1,-1,-1
229,6,1466.25,579.38,107.41,95.85,1,-1,-1,-1
229,7,1633.59,120.16,104.48,81.33,1,-1,-1,-1
229,8,302.94,120.20,94.92,79.25,1,-1,-1,-1
229,9,-2.88,384.09,57.99,110.88,1,-1,-1,-1
229,10,182.50,121.46,93.31,68.44,1,-1,-1,-1
229,11,1740.57,818.78,171.65,259.57,1,-1,-1,-1
232,4,407.32,414.52,73.86,105.67,1,-1,-1,-1
232,5,1535.60,490.76,159.53,178.46,1,-1,-1,-1
232,6,1466.79,579.07,106.92,96.26,1,-1,-1,-1
232,7,1634.82,120.19,102.80,81.04,1,-1,-1,-1
232,8,303.33,120.15,94.35,79.01,1,-1,-1,-1
232,9,-1.53,384.46,58.50,111.81,1,-1,-1,-1
232,10,182.55,121.44,93.18,68.30,1,-1,-1,-1
235,4,416.57,432.55,62.37,75.66,1,-1,-1,-1
235,5,1535.23,490.82,158.99,174.45,1,-1,-1,-1
235,6,1467.36,579.01,104.66,96.09,1,-1,-1,-1
235,7,1635.42,120.17,102.34,80.97,1,-1,-1,-1
235,8,303.31,119.91,94.37,79.44,1,-1,-1,-1
235,9,-0.63,385.29,58.93,111.66,1,-1,-1,-1
235,10,182.62,121.37,93.01,68.43,1,-1,-1,-1
235,11,1667.67,839.33,216.50,193.41,1,-1,-1,-1
238,5,1534.38,488.37,160.38,180.99,1,-1,-1,-1
238,6,1466.93,578.87,105.10,96.27,1,-1,-1,-1
238,7,1635.63,120.21,102.26,80.73,1,-1,-1,-1
238,8,303.32,119.87,94.36,79.49,1,-1,-1,-1
238,9,-0.04,384.80,58.99,112.59,1,-1,-1,-1
238,10,182.54,121.37,93.19,68.53,1,-1,-1,-1
238,13,1490.45,880.82,298.58,222.73,1,-1,-1,-1
241,5,1533.89,490.24,160.19,174.76,1,-1,-1,-1
241,6,1465.74,578.16,110.10,97.44,1,-1,-1,-1
241,7,1635.79,120.10,102.11,81.19,1,-1,-1,-1
241,8,303.32,119.85,94.29,79.41,1,-1,-1,-1
241,9,0.04,385.96,59.89,109.88,1,-1,-1,-1
241,10,182.44,121.49,93.36,68.11,1,-1,-1,-1
241,13,1543.75,888.86,188.60,181.87,1,-1,-1,-1
244,5,1484.40,483.37,222.38,204.29,1,-1,-1,-1
244,7,1635.45,120.18,102.67,81.12,1,-1,-1,-1
244,8,303.18,120.04,94.49,78.44,1,-1,-1,-1
244,9,0.30,385.81,59.65,109.79,1,-1,-1,-1
244,10,181.99,121.36,94.01,68.53,1,-1,-1,-1
244,14,1443.59,931.95,139.98,127.83,1,-1,-1,-1
247,5,1524.80,497.28,155.07,160.30,1,-1,-1,-1
247,6,1468.12,579.86,101.33,95.22,1,-1,-1,-1
247,7,1635.82,120.21,102.03,81.03,1,-1,-1,-1
247,8,303.21,120.07,94.32,77.45,1,-1,-1,-1
247,9,0.19,384.96,60.19,110.90,1,-1,-1,-1
247,10,181.93,121.47,93.86,68.38,1,-1,-1,-1
247,14,1417.44,875.32,180.93,226.77,1,-1,-1,-1
250,5,1530.07,493.25,153.07,155.56,1,-1,-1,-1
250,6,1467.08,580.25,101.38,94.99,1,-1,-1,-1
250,7,1635.36,120.24,102.67,80.81,1,-1,-1,-1
250,8,303.17,119.68,94.32,78.08,1,-1,-1,-1
250,9,0.36,384.87,59.50,110.73,1,-1,-1,-1
250,10,181.63,121.42,94.28,68.67,1,-1,-1,-1
250,14,1305.77,870.40,302.45,219.01,1,-1,-1,-1
253,5,1531.16,483.66,160.44,184.24,1,-1,-1,-1
253,6,1466.63,580.52,101.02,94.97,1,-1,-1,-1
253,7,1635.77,120.25,101.98,80.58,1,-1,-1,-1
253,8,303.18,119.65,94.33,78.21,1,-1,-1,-1
253,9,0.10,385.35,60.02,109.78,1,-1,-1,-1
253,10,181.43,121.48,94.75,68.55,1,-1,-1,-1
253,14,1239.88,873.48,284.50,205.35,1,-1,-1,-1
256,5,1535.57,492.47,153.29,157.79,1,-1,-1,-1
256,6,1466.73,580.53,100.88,95.06,1,-1,-1,-1
256,7,1636.28,120.20,101.43,80.58,1,-1,-1,-1
256,8,303.15,119.69,94.45,78.21,1,-1,-1,-1
256,9,0.10,385.48,59.94,108.99,1,-1,-1,-1
256,10,181.42,121.45,94.83,68.64,1,-1,-1,-1
256,14,1180.71,877.40,277.28,198.64,1,-1,-1,-1
259,5,1534.48,485.77,158.01,178.08,1,-1,-1,-1
259,6,1466.50,580.16,101.62,95.57,1,-1,-1,-1
259,7,1636.32,120.10,101.66,80.93,1,-1,-1,-1
259,8,303.19,119.77,94.40,78.03,1,-1,-1,-1
259,9,0.10,385.43,59.76,108.58,1,-1,-1,-1
259,10,181.65,121.51,94.12,68.37,1,-1,-1,-1
259,14,1166.50,890.28,193.28,183.70,1,-1,-1,-1
262,5,1534.56,486.59,159.96,184.18,1,-1,-1,-1
262,6,1465.70,579.76,103.25,95.83,1,-1,-1,-1
262,7,1636.46,120.17,101.55,80.84,1,-1,-1,-1
262,8,303.28,119.97,94.12,77.07,1,-1,-1,-1
262,9,-0.07,384.41,60.29,109.98,1,-1,-1,-1
262,10,181.36,121.47,94.69,68.44,1,-1,-1,-1
262,14,1109.92,906.13,211.48,168.08,1,-1,-1,-1
265,5,1534.98,487.63,160.78,189.77,1,-1,-1,-1
265,6,1466.92,580.15,100.69,95.21,1,-1,-1,-1
265,7,1635.97,120.11,102.19,81.10,1,-1,-1,-1
265,8,303.26,119.96,94.09,76.39,1,-1,-1,-1
265,9,0.01,385.29,60.17,108.64,1,-1,-1,-1
265,10,181.32,121.49,95.12,68.36,1,-1,-1,-1
265,14,1050.69,922.53,191.87,153.10,1,-1,-1,-1
268,5,1535.67,489.84,160.01,186.82,1,-1,-1,-1
268,6,1466.71,580.70,101.04,94.58,1,-1,-1,-1
268,7,1631.51,119.43,107.70,84.58,1,-1,-1,-1
268,8,302.85,119.91,94.40,76.43,1,-1,-1,-1
268,9,0.03,383.68,60.11,110.87,1,-1,-1,-1
268,10,180.93,121.16,94.92,68.91,1,-1,-1,-1
268,15,392.68,428.13,132.88,125.90,1,-1,-1,-1
271,5,1535.45,490.26,160.34,185.54,1,-1,-1,-1
271,6,1465.31,580.25,105.05,95.43,1,-1,-1,-1
271,7,1630.33,120.06,108.05,84.27,1,-1,-1,-1
271,8,302.85,120.05,94.22,75.82,1,-1,-1,-1
271,9,0.19,384.27,59.30,109.45,1,-1,-1,-1
271,10,181.07,121.31,94.09,68.42,1,-1,-1,-1
271,15,390.24,426.47,143.23,127.64,1,-1,-1,-1
274,5,1534.36,487.13,161.83,197.97,1,-1,-1,-1
274,6,1465.71,580.32,106.92,95.47,1,-1,-1,-1
274,7,1630.19,120.31,107.88,83.96,1,-1,-1,-1
274,8,302.83,119.63,94.83,77.53,1,-1,-1,-1
274,9,-0.21,382.94,60.52,109.91,1,-1,-1,-1
274,10,181.09,121.23,93.92,68.52,1,-1,-1,-1
274,15,397.19,422.52,135.72,135.77,1,-1,-1,-1
277,5,1534.47,489.55,161.38,194.20,1,-1,-1,-1
277,6,1466.75,580.59,106.25,94.94,1,-1,-1,-1
277,7,1634.13,120.83,102.65,81.64,1,-1,-1,-1
277,8,302.37,121.22,96.82,72.19,1,-1,-1,-1
277,9,0.03,382.44,59.98,111.60,1,-1,-1,-1
277,10,181.25,121.25,93.89,68.27,1,-1,-1,-1
280,5,1533.94,488.74,162.06,196.76,1,-1,-1,-1
280,6,1466.59,580.33,108.45,95.42,1,-1,-1,-1
280,7,1630.99,119.73,107.94,84.62,1,-1,-1,-1
280,8,302.74,120.62,96.61,72.14,1,-1,-1,-1
280,9,-0.06,383.18,60.35,111.01,1,-1,-1,-1
280,10,181.69,121.13,93.18,68.46,1,-1,-1,-1
283,5,1534.17,490.42,161.38,190.81,1,-1,-1,-1
283,6,1465.91,579.49,110.18,96.91,1,-1,-1,-1
283,7,1633.90,120.62,103.72,81.78,1,-1,-1,-1
283,8,303.57,119.15,94.00,76.70,1,-1,-1,-1
283,9,0.13,384.69,59.67,110.08,1,-1,-1,-1
283,10,181.63,121.11,93.33,68.75,1,-1,-1,-1
286,5,1534.45,492.04,160.06,180.04,1,-1,-1,-1
286,6,1466.22,579.91,107.47,95.98,1,-1,-1,-1
286,7,1634.19,120.30,103.95,81.76,1,-1,-1,-1
286,8,302.53,120.99,96.47,71.78,1,-1,-1,-1
286,9,0.14,385.41,59.22,110.62,1,-1,-1,-1
286,10,181.29,121.19,93.84,68.82,1,-1,-1,-1
289,5,1484.68,484.55,222.47,204.58,1,-1,-1,-1
289,7,1634.47,120.13,103.74,81.87,1,-1,-1,-1
289,8,303.54,119.42,94.01,76.18,1,-1,-1,-1
289,9,0.01,388.79,59.23,105.79,1,-1,-1,-1
289,10,181.28,121.24,93.45,68.87,1,-1,-1,-1
289,16,516.54,995.30,174.97,85.92,1,-1,-1,-1
292,5,1524.16,493.76,158.70,175.50,1,-1,-1,-1
292,6,1465.99,579.11,108.06,96.94,1,-1,-1,-1
292,7,1634.57,120.12,103.79,81.64,1,-1,-1,-1
292,8,303.52,119.77,93.71,76.44,1,-1,-1,-1
292,9,-0.08,388.55,59.45,106.22,1,-1,-1,-1
292,10,181.52,121.28,92.82,68.67,1,-1,-1,-1
292,16,501.31,988.24,192.05,96.99,1,-1,-1,-1
295,5,1529.73,492.19,157.68,167.81,1,-1,-1,-1
295,6,1465.88,578.88,109.08,97.22,1,-1,-1,-1
295,7,1634.30,120.04,104.16,81.76,1,-1,-1,-1
295,8,302.35,121.21,96.69,71.96,1,-1,-1,-1
295,9,0.05,387.57,58.93,107.70,1,-1,-1,-1
295,10,181.58,121.33,92.77,68.28,1,-1,-1,-1
295,14,462.68,968.19,192.66,112.22,1,-1,-1,-1
298,5,1533.68,489.02,155.51,169.29,1,-1,-1,-1
298,6,1466.83,579.57,105.39,95.95,1,-1,-1,-1
298,7,1629.48,119.30,110.14,84.55,1,-1,-1,-1
298,8,303.53,119.42,93.92,76.94,1,-1,-1,-1
298,9,-0.06,387.24,59.13,107.43,1,-1,-1,-1
298,10,181.67,121.29,92.65,68.23,1,-1,-1,-1
298,14,432.14,956.98,192.25,126.55,1,-1,-1,-1
