1,1,711.40,587.36,305.09,266.05,1,-1,-1,-1
1,2,569.04,385.94,199.66,145.70,1,-1,-1,-1
3,1,733.46,645.14,255.92,157.92,1,-1,-1,-1
3,2,569.06,385.70,199.64,146.14,1,-1,-1,-1
5,1,711.47,590.11,308.14,256.77,1,-1,-1,-1
5,2,568.94,386.15,199.83,145.33,1,-1,-1,-1
7,1,728.43,577.61,297.49,254.02,1,-1,-1,-1
7,2,568.86,386.00,199.89,145.64,1,-1,-1,-1
7,3,0.00,426.76,45.29,168.16,1,-1,-1,-1
9,1,747.15,573.28,268.41,235.69,1,-1,-1,-1
9,2,568.77,386.43,199.38,144.84,1,-1,-1,-1
9,3,-1.43,427.51,48.43,165.37,1,-1,-1,-1
11,1,751.11,551.16,297.38,248.02,1,-1,-1,-1
11,2,568.90,384.53,199.53,147.63,1,-1,-1,-1
13,1,770.08,539.38,294.36,246.41,1,-1,-1,-1
13,2,569.05,384.22,199.54,147.66,1,-1,-1,-1
13,3,-9.50,436.05,79.61,138.02,1,-1,-1,-1
15,1,786.66,533.60,290.23,235.70,1,-1,-1,-1
15,2,569.13,384.87,199.64,146.68,1,-1,-1,-1
15,3,-4.87,452.65,87.01,106.34,1,-1,-1,-1
17,1,802.29,521.34,283.73,240.84,1,-1,-1,-1
17,2,569.17,385.03,199.65,146.61,1,-1,-1,-1
17,3,-0.32,448.32,88.51,106.85,1,-1,-1,-1
19,1,808.62,512.14,289.26,240.34,1,-1,-1,-1
19,2,569.23,385.79,199.54,145.73,1,-1,-1,-1
19,3,4.79,427.39,75.51,139.23,1,-1,-1,-1
21,1,820.81,506.61,278.98,231.94,1,-1,-1,-1
21,2,569.23,385.36,199.50,146.51,1,-1,-1,-1
21,3,2.08,426.16,80.80,132.05,1,-1,-1,-1
23,1,828.99,501.16,272.93,226.94,1,-1,-1,-1
23,2,569.22,386.36,199.46,145.17,1,-1,-1,-1
23,3,-1.48,431.61,95.46,118.40,1,-1,-1,-1
25,1,831.73,492.75,271.79,229.31,1,-1,-1,-1
25,2,568.96,387.01,199.21,144.34,1,-1,-1,-1
25,3,-0.24,417.25,98.57,134.38,1,-1,-1,-1
27,1,839.78,489.16,259.96,217.87,1,-1,-1,-1
27,2,568.92,385.07,199.57,147.27,1,-1,-1,-1
27,3,2.50,410.46,91.42,134.01,1,-1,-1,-1
29,1,843.28,480.30,256.18,218.23,1,-1,-1,-1
29,2,569.03,386.65,199.53,144.91,1,-1,-1,-1
29,3,-0.49,409.45,101.49,124.29,1,-1,-1,-1
31,1,853.08,476.12,243.49,210.78,1,-1,-1,-1
31,2,569.03,386.32,199.54,145.63,1,-1,-1,-1
31,3,-0.20,405.84,104.66,132.79,1,-1,-1,-1
33,1,859.68,470.64,236.68,205.08,1,-1,-1,-1
33,2,569.24,388.06,199.45,143.41,1,-1,-1,-1
33,3,1.62,406.48,100.01,133.96,1,-1,-1,-1
35,1,856.27,463.29,242.24,202.95,1,-1,-1,-1
35,2,569.26,387.99,199.50,144.01,1,-1,-1,-1
35,3,3.20,417.50,89.92,129.23,1,-1,-1,-1
37,1,865.85,457.39,233.12,202.43,1,-1,-1,-1
37,2,569.46,388.64,199.36,143.25,1,-1,-1,-1
37,3,3.75,437.29,77.26,111.68,1,-1,-1,-1
39,1,868.45,453.33,234.54,202.47,1,-1,-1,-1
39,2,569.39,389.06,199.46,142.79,1,-1,-1,-1
39,3,-0.30,449.03,81.24,108.68,1,-1,-1,-1
41,1,870.41,450.37,233.24,204.33,1,-1,-1,-1
41,2,569.38,389.73,199.51,142.06,1,-1,-1,-1
43,1,877.57,451.16,223.39,202.82,1,-1,-1,-1
43,2,569.19,389.11,199.80,142.95,1,-1,-1,-1
45,1,881.33,452.38,219.75,202.46,1,-1,-1,-1
45,2,569.16,387.60,199.76,144.65,1,-1,-1,-1
45,3,2.84,422.84,31.84,156.63,1,-1,-1,-1
47,1,863.60,453.97,241.23,203.81,1,-1,-1,-1
47,2,569.06,388.10,199.86,143.51,1,-1,-1,-1
49,1,854.99,456.32,246.39,204.37,1,-1,-1,-1
49,2,569.53,387.82,199.25,143.97,1,-1,-1,-1
51,1,854.75,458.55,238.43,204.11,1,-1,-1,-1
51,2,569.56,388.29,199.35,143.38,1,-1,-1,-1
53,1,842.96,459.78,250.85,207.02,1,-1,-1,-1
53,2,569.48,387.24,199.48,144.86,1,-1,-1,-1
55,1,838.68,462.89,251.96,206.75,1,-1,-1,-1
55,2,569.40,386.45,199.57,145.64,1,-1,-1,-1
57,1,831.14,465.80,258.44,209.53,1,-1,-1,-1
57,2,569.36,386.46,199.53,145.33,1,-1,-1,-1
59,1,829.03,470.68,256.83,207.39,1,-1,-1,-1
59,2,569.29,386.65,199.57,145.00,1,-1,-1,-1
61,1,824.53,471.60,261.95,220.28,1,-1,-1,-1
61,2,569.15,386.83,199.70,144.84,1,-1,-1,-1
63,1,828.69,476.47,254.52,219.72,1,-1,-1,-1
63,2,569.17,386.80,199.64,144.96,1,-1,-1,-1
65,1,827.13,480.16,258.23,218.86,1,-1,-1,-1
65,2,569.19,386.82,199.62,144.96,1,-1,-1,-1
67,1,827.04,484.25,259.28,218.35,1,-1,-1,-1
67,2,569.09,386.91,199.78,144.84,1,-1,-1,-1
69,1,826.36,488.02,260.85,219.33,1,-1,-1,-1
69,2,569.08,388.26,199.85,143.12,1,-1,-1,-1
71,1,815.53,488.18,276.07,234.31,1,-1,-1,-1
71,2,569.12,388.50,199.77,143.19,1,-1,-1,-1
73,1,811.18,496.04,277.36,229.24,1,-1,-1,-1
73,2,569.13,388.68,199.78,143.12,1,-1,-1,-1
75,1,809.80,500.40,277.99,226.78,1,-1,-1,-1
75,2,569.16,388.67,199.75,143.20,1,-1,-1,-1
77,1,812.93,502.21,271.59,222.93,1,-1,-1,-1
77,2,569.15,387.54,199.71,144.66,1,-1,-1,-1
79,1,815.44,498.85,265.97,224.93,1,-1,-1,-1
79,2,569.19,386.57,199.65,145.56,1,-1,-1,-1
81,1,815.44,495.99,266.05,217.18,1,-1,-1,-1
81,2,569.24,386.80,199.56,144.91,1,-1,-1,-1
83,1,820.44,491.27,257.84,213.91,1,-1,-1,-1
83,2,569.09,386.66,199.76,145.11,1,-1,-1,-1
85,1,823.87,482.70,254.76,217.45,1,-1,-1,-1
85,2,569.13,386.63,199.63,145.16,1,-1,-1,-1
87,1,827.25,476.92,250.99,218.74,1,-1,-1,-1
87,2,569.11,387.49,199.68,144.09,1,-1,-1,-1
89,1,828.19,473.90,249.77,218.39,1,-1,-1,-1
89,2,569.22,388.47,199.56,143.10,1,-1,-1,-1
91,1,826.65,472.43,252.66,219.26,1,-1,-1,-1
91,2,569.32,388.34,199.48,143.59,1,-1,-1,-1
93,1,826.21,472.88,251.93,220.17,1,-1,-1,-1
93,2,569.17,387.94,199.69,144.14,1,-1,-1,-1
95,1,825.42,475.61,250.96,219.39,1,-1,-1,-1
95,2,569.25,388.00,199.48,143.92,1,-1,-1,-1
97,1,824.41,479.94,249.43,218.28,1,-1,-1,-1
97,2,569.09,387.97,199.60,143.94,1,-1,-1,-1
99,1,809.44,485.37,269.98,218.16,1,-1,-1,-1
99,2,569.10,388.53,199.53,143.12,1,-1,-1,-1
101,1,805.49,488.78,268.10,229.69,1,-1,-1,-1
101,2,569.06,388.37,199.69,143.42,1,-1,-1,-1
103,1,803.97,495.12,263.98,230.78,1,-1,-1,-1
103,2,569.14,388.28,199.68,143.53,1,-1,-1,-1
105,1,796.12,503.84,268.99,229.35,1,-1,-1,-1
105,2,569.20,388.56,199.70,143.15,1,-1,-1,-1
107,1,790.81,509.51,272.55,233.73,1,-1,-1,-1
107,2,568.85,390.46,200.30,140.91,1,-1,-1,-1
109,1,785.58,516.69,276.15,240.38,1,-1,-1,-1
109,2,569.09,390.61,199.83,141.13,1,-1,-1,-1
111,1,783.85,524.93,264.09,239.87,1,-1,-1,-1
111,2,569.07,390.96,199.95,140.84,1,-1,-1,-1
113,1,767.24,532.74,282.77,242.89,1,-1,-1,-1
113,2,569.05,390.24,200.01,141.80,1,-1,-1,-1
115,1,762.48,539.73,280.71,249.94,1,-1,-1,-1
115,2,568.99,390.15,200.03,141.61,1,-1,-1,-1
117,1,749.34,563.27,284.33,230.28,1,-1,-1,-1
117,2,568.94,389.53,200.05,142.29,1,-1,-1,-1
119,1,737.56,558.47,288.97,252.35,1,-1,-1,-1
119,2,569.02,389.87,199.89,141.64,1,-1,-1,-1
121,1,716.99,562.74,303.27,261.64,1,-1,-1,-1
121,2,568.98,389.73,199.92,141.83,1,-1,-1,-1
123,1,703.10,572.17,300.84,260.91,1,-1,-1,-1
123,2,569.09,389.86,199.86,141.68,1,-1,-1,-1
125,1,742.17,579.33,226.91,260.91,1,-1,-1,-1
125,2,568.86,390.38,199.48,140.71,1,-1,-1,-1
127,1,703.57,585.12,267.17,266.81,1,-1,-1,-1
127,2,568.88,389.17,199.85,142.63,1,-1,-1,-1
129,1,652.47,589.88,307.20,275.47,1,-1,-1,-1
129,2,569.05,389.57,199.79,141.94,1,-1,-1,-1
131,1,621.46,597.61,309.06,278.09,1,-1,-1,-1
131,2,569.30,387.99,199.62,143.95,1,-1,-1,-1
133,1,596.20,682.49,242.83,184.50,1,-1,-1,-1
133,2,569.23,389.57,199.93,141.51,1,-1,-1,-1
135,1,600.28,638.54,242.74,232.72,1,-1,-1,-1
135,2,569.32,389.78,199.78,141.53,1,-1,-1,-1
137,4,0.00,660.28,136.05,183.55,1,-1,-1,-1
137,5,1533.03,488.77,161.32,204.90,1,-1,-1,-1
137,6,1467.48,580.51,115.79,95.51,1,-1,-1,-1
137,7,388.74,373.70,78.14,105.33,1,-1,-1,-1
137,8,1640.52,120.20,97.61,79.00,1,-1,-1,-1
137,9,303.03,119.81,94.84,77.50,1,-1,-1,-1
137,10,183.17,121.36,92.10,69.22,1,-1,-1,-1
137,11,0.00,781.21,41.70,127.32,1,-1,-1,-1
139,4,-13.98,656.76,166.84,186.48,1,-1,-1,-1
139,5,1497.97,488.79,225.50,204.85,1,-1,-1,-1
139,7,372.95,372.65,108.40,107.26,1,-1,-1,-1
139,8,1640.84,119.69,97.02,80.14,1,-1,-1,-1
139,9,302.91,119.28,95.13,78.67,1,-1,-1,-1
139,10,183.21,121.40,92.02,69.13,1,-1,-1,-1
141,4,-7.33,637.70,157.81,218.26,1,-1,-1,-1
141,5,1491.45,488.84,225.26,204.70,1,-1,-1,-1
141,7,366.77,370.93,115.66,109.92,1,-1,-1,-1
141,8,1641.04,120.06,96.72,79.54,1,-1,-1,-1
141,9,303.12,119.39,94.70,78.68,1,-1,-1,-1
141,10,183.19,121.43,92.07,69.04,1,-1,-1,-1
143,4,-13.43,628.98,190.14,209.36,1,-1,-1,-1
143,5,1525.88,489.01,161.47,204.40,1,-1,-1,-1
143,6,1468.76,580.53,111.74,95.54,1,-1,-1,-1
143,7,347.25,370.76,136.13,108.75,1,-1,-1,-1
143,8,1640.38,119.92,97.76,80.38,1,-1,-1,-1
143,9,303.19,119.75,94.44,78.10,1,-1,-1,-1
143,10,183.13,121.36,92.15,69.13,1,-1,-1,-1
145,4,-12.89,609.43,225.68,225.01,1,-1,-1,-1
145,5,1530.01,489.26,160.78,204.09,1,-1,-1,-1
145,6,1468.64,580.86,109.71,94.93,1,-1,-1,-1
145,7,321.49,366.35,154.86,113.56,1,-1,-1,-1
145,8,1640.39,120.22,97.52,80.17,1,-1,-1,-1
145,9,303.13,119.95,94.38,77.48,1,-1,-1,-1
145,10,183.04,121.35,92.32,69.11,1,-1,-1,-1
147,4,-3.45,605.85,235.16,202.17,1,-1,-1,-1
147,5,1534.12,489.70,158.83,203.65,1,-1,-1,-1
147,6,1467.91,580.76,109.79,95.12,1,-1,-1,-1
147,7,300.83,362.94,166.32,117.07,1,-1,-1,-1
147,8,1640.50,120.36,97.36,80.16,1,-1,-1,-1
147,9,302.90,119.85,94.66,77.58,1,-1,-1,-1
147,10,182.83,121.29,92.61,69.20,1,-1,-1,-1
149,4,5.39,594.52,231.87,184.24,1,-1,-1,-1
149,5,1535.64,490.02,158.96,203.47,1,-1,-1,-1
149,6,1467.66,580.62,109.67,95.49,1,-1,-1,-1
149,7,292.08,365.54,144.60,113.50,1,-1,-1,-1
149,8,1640.09,120.31,98.00,80.54,1,-1,-1,-1
149,9,303.20,119.99,93.83,76.70,1,-1,-1,-1
149,10,182.87,121.28,92.37,69.18,1,-1,-1,-1
151,4,6.78,574.24,237.11,217.80,1,-1,-1,-1
151,5,1536.85,490.11,158.20,203.51,1,-1,-1,-1
151,6,1467.43,580.55,110.01,95.64,1,-1,-1,-1
151,7,272.24,367.74,152.10,111.07,1,-1,-1,-1
151,8,1639.97,120.32,98.05,80.77,1,-1,-1,-1
151,9,303.14,119.90,93.92,76.42,1,-1,-1,-1
151,10,182.74,121.27,92.47,69.20,1,-1,-1,-1
153,4,8.36,572.40,235.08,214.77,1,-1,-1,-1
153,5,1537.23,489.92,158.02,203.74,1,-1,-1,-1
153,6,1467.72,580.70,108.89,95.31,1,-1,-1,-1
153,7,261.76,369.11,146.63,110.20,1,-1,-1,-1
153,8,1639.71,120.36,98.40,80.86,1,-1,-1,-1
153,9,303.02,119.58,94.30,77.43,1,-1,-1,-1
153,10,182.74,121.32,92.43,69.04,1,-1,-1,-1
155,4,10.40,573.11,224.21,192.41,1,-1,-1,-1
155,5,1535.41,489.47,160.37,204.09,1,-1,-1,-1
155,6,1467.78,580.62,108.33,95.53,1,-1,-1,-1
155,7,250.83,370.02,146.51,109.92,1,-1,-1,-1
155,8,1640.96,120.39,96.66,80.79,1,-1,-1,-1
155,9,303.03,119.77,94.35,77.29,1,-1,-1,-1
155,10,182.90,121.25,92.16,69.24,1,-1,-1,-1
157,4,3.96,562.90,232.63,209.64,1,-1,-1,-1
157,5,1484.70,489.49,223.48,203.67,1,-1,-1,-1
157,7,245.76,370.58,143.58,109.52,1,-1,-1,-1
157,8,1641.28,120.35,96.56,80.84,1,-1,-1,-1
157,9,303.09,119.85,94.37,77.25,1,-1,-1,-1
157,10,182.79,121.29,92.40,69.14,1,-1,-1,-1
159,4,1.19,560.57,241.27,194.37,1,-1,-1,-1
159,5,1525.65,500.80,152.56,149.65,1,-1,-1,-1
159,6,1467.86,580.74,107.31,95.58,1,-1,-1,-1
159,7,236.35,373.41,150.26,105.61,1,-1,-1,-1
159,8,1640.89,120.22,97.17,81.24,1,-1,-1,-1
159,9,303.13,120.06,94.51,76.42,1,-1,-1,-1
159,10,182.75,121.33,92.56,68.97,1,-1,-1,-1
161,4,8.47,557.05,212.90,178.73,1,-1,-1,-1
161,5,1528.42,480.58,159.61,203.59,1,-1,-1,-1
161,6,1467.97,580.82,106.72,95.51,1,-1,-1,-1
161,7,234.91,372.89,149.53,107.40,1,-1,-1,-1
161,8,1640.50,120.26,97.55,81.09,1,-1,-1,-1
161,9,303.17,120.03,94.34,76.01,1,-1,-1,-1
161,10,182.74,121.24,92.70,69.18,1,-1,-1,-1
163,4,9.17,547.98,216.29,176.02,1,-1,-1,-1
163,5,1532.34,485.31,159.74,203.34,1,-1,-1,-1
163,6,1467.80,580.85,107.07,95.65,1,-1,-1,-1
163,7,238.91,371.92,145.79,110.55,1,-1,-1,-1
163,8,1640.06,120.24,97.93,81.09,1,-1,-1,-1
163,9,303.20,119.81,94.10,76.41,1,-1,-1,-1
163,10,182.79,121.26,92.68,69.18,1,-1,-1,-1
165,4,2.61,538.18,221.59,183.15,1,-1,-1,-1
165,5,1535.68,488.55,158.23,202.95,1,-1,-1,-1
165,6,1468.21,580.87,104.81,95.49,1,-1,-1,-1
165,7,245.69,372.37,142.36,110.38,1,-1,-1,-1
165,8,1640.37,120.31,97.36,80.72,1,-1,-1,-1
165,9,303.13,120.04,93.99,75.50,1,-1,-1,-1
165,10,182.77,121.28,92.66,69.11,1,-1,-1,-1
167,4,2.99,535.82,209.97,179.52,1,-1,-1,-1
167,5,1535.84,489.62,159.46,203.76,1,-1,-1,-1
167,6,1467.88,580.72,104.49,95.82,1,-1,-1,-1
167,7,249.70,373.37,145.03,109.58,1,-1,-1,-1
167,8,1640.47,120.25,97.24,80.77,1,-1,-1,-1
167,9,303.08,119.85,94.04,75.70,1,-1,-1,-1
167,10,182.60,121.44,92.90,68.87,1,-1,-1,-1
169,4,2.82,534.53,209.56,166.86,1,-1,-1,-1
169,5,1537.11,490.65,157.85,203.23,1,-1,-1,-1
169,6,1467.42,580.84,105.59,95.55,1,-1,-1,-1
169,7,258.36,372.10,141.95,110.94,1,-1,-1,-1
169,8,1639.24,120.17,98.90,80.91,1,-1,-1,-1
169,9,302.96,119.79,94.46,75.84,1,-1,-1,-1
169,10,182.49,121.46,93.12,68.86,1,-1,-1,-1
171,4,2.15,521.88,217.45,179.55,1,-1,-1,-1
171,5,1485.80,490.62,222.40,203.49,1,-1,-1,-1
171,7,263.83,371.48,141.15,111.01,1,-1,-1,-1
171,8,1639.32,120.16,98.52,80.84,1,-1,-1,-1
171,9,302.07,120.82,97.25,71.96,1,-1,-1,-1
171,10,182.44,121.49,93.26,68.87,1,-1,-1,-1
173,4,-1.44,517.47,235.35,178.20,1,-1,-1,-1
173,5,1475.31,490.58,221.75,203.43,1,-1,-1,-1
173,7,265.32,371.36,141.48,110.83,1,-1,-1,-1
173,8,1639.31,120.18,98.37,80.56,1,-1,-1,-1
173,9,302.21,120.31,97.65,71.91,1,-1,-1,-1
173,10,182.24,121.45,93.59,69.02,1,-1,-1,-1
175,4,5.87,512.78,226.82,173.07,1,-1,-1,-1
175,5,1471.66,490.30,219.68,203.50,1,-1,-1,-1
175,7,258.20,372.15,144.07,109.99,1,-1,-1,-1
175,8,1639.60,120.09,98.00,80.83,1,-1,-1,-1
175,9,302.39,119.97,97.76,72.28,1,-1,-1,-1
175,10,182.15,121.48,93.65,69.00,1,-1,-1,-1
177,4,13.18,509.05,236.65,163.95,1,-1,-1,-1
177,5,1466.70,489.91,224.07,203.72,1,-1,-1,-1
177,7,245.65,373.46,148.28,109.11,1,-1,-1,-1
177,8,1639.75,120.13,97.92,80.76,1,-1,-1,-1
177,9,302.49,120.01,97.88,72.04,1,-1,-1,-1
177,10,182.12,121.54,93.66,68.80,1,-1,-1,-1
179,4,33.29,500.99,224.60,163.24,1,-1,-1,-1
179,5,1468.75,489.77,220.88,203.74,1,-1,-1,-1
179,7,231.66,373.53,148.85,109.99,1,-1,-1,-1
179,8,1639.75,120.15,97.97,80.66,1,-1,-1,-1
179,9,303.40,119.04,94.95,75.71,1,-1,-1,-1
179,10,182.14,121.51,93.60,68.75,1,-1,-1,-1
181,4,36.41,496.44,239.18,162.46,1,-1,-1,-1
181,5,1519.01,501.27,154.80,149.05,1,-1,-1,-1
181,6,1467.52,580.64,107.21,95.52,1,-1,-1,-1
181,7,219.85,372.81,149.53,111.50,1,-1,-1,-1
181,8,1640.11,120.18,97.49,80.49,1,-1,-1,-1
181,9,302.35,120.59,97.37,71.85,1,-1,-1,-1
181,10,182.17,121.46,93.55,68.86,1,-1,-1,-1
183,4,62.75,490.06,220.63,160.93,1,-1,-1,-1
183,5,1479.91,480.67,221.31,203.58,1,-1,-1,-1
183,7,197.21,371.87,154.47,113.19,1,-1,-1,-1
183,8,1640.15,120.12,97.60,80.63,1,-1,-1,-1
183,9,302.58,120.39,97.15,71.69,1,-1,-1,-1
183,10,182.22,121.49,93.52,68.76,1,-1,-1,-1
185,4,72.14,484.03,224.98,163.71,1,-1,-1,-1
185,5,1475.54,485.35,221.78,203.52,1,-1,-1,-1
185,7,180.56,372.86,152.13,111.71,1,-1,-1,-1
185,8,1640.17,120.08,97.63,80.81,1,-1,-1,-1
185,9,303.34,119.35,94.75,74.87,1,-1,-1,-1
185,10,182.34,121.46,93.21,68.77,1,-1,-1,-1
187,4,101.75,482.88,216.87,150.07,1,-1,-1,-1
187,5,1474.37,488.03,220.23,203.80,1,-1,-1,-1
187,7,153.02,370.92,164.81,114.36,1,-1,-1,-1
187,8,1640.04,120.10,97.82,80.88,1,-1,-1,-1
187,9,303.10,119.85,94.67,74.07,1,-1,-1,-1
187,10,182.24,121.50,93.50,68.63,1,-1,-1,-1
189,4,126.43,478.36,221.96,148.24,1,-1,-1,-1
189,5,1472.13,489.50,222.07,203.86,1,-1,-1,-1
189,7,134.15,374.27,159.49,111.82,1,-1,-1,-1
189,8,1640.18,120.17,97.50,80.63,1,-1,-1,-1
189,9,303.04,119.80,94.29,74.47,1,-1,-1,-1
189,10,182.16,121.50,93.65,68.58,1,-1,-1,-1
191,4,146.30,461.98,217.19,165.10,1,-1,-1,-1
191,5,1472.93,490.27,220.32,203.67,1,-1,-1,-1
191,7,123.12,372.95,146.94,113.73,1,-1,-1,-1
191,8,1640.61,120.17,97.01,80.55,1,-1,-1,-1
191,9,302.94,119.84,94.14,74.58,1,-1,-1,-1
191,10,181.99,121.47,93.85,68.57,1,-1,-1,-1
193,4,165.49,463.14,208.01,154.82,1,-1,-1,-1
193,5,1521.57,500.86,156.06,153.69,1,-1,-1,-1
193,6,1467.09,579.64,106.16,96.10,1,-1,-1,-1
193,7,99.83,365.81,159.59,122.85,1,-1,-1,-1
193,8,1640.67,120.24,97.09,80.07,1,-1,-1,-1
193,9,303.02,119.83,93.92,74.76,1,-1,-1,-1
193,10,182.13,121.48,93.49,68.44,1,-1,-1,-1
195,4,188.47,457.85,198.56,153.99,1,-1,-1,-1
195,5,1531.65,493.26,154.22,150.09,1,-1,-1,-1
195,6,1467.07,579.89,105.17,95.70,1,-1,-1,-1
195,7,76.74,374.76,157.36,110.59,1,-1,-1,-1
195,8,1640.42,120.19,97.46,79.97,1,-1,-1,-1
195,9,302.83,120.26,94.02,72.90,1,-1,-1,-1
195,10,182.23,121.50,93.22,68.20,1,-1,-1,-1
197,4,198.27,453.76,198.43,155.57,1,-1,-1,-1
197,5,1536.09,488.54,154.00,149.83,1,-1,-1,-1
197,6,1466.82,579.82,105.45,95.67,1,-1,-1,-1
197,7,60.24,376.14,156.81,112.75,1,-1,-1,-1
197,8,1640.26,120.14,97.64,79.99,1,-1,-1,-1
197,9,302.75,119.90,94.07,73.18,1,-1,-1,-1
197,10,182.27,121.43,93.20,68.26,1,-1,-1,-1
199,4,200.61,451.50,210.72,153.13,1,-1,-1,-1
199,5,1538.06,487.38,151.95,146.23,1,-1,-1,-1
199,6,1466.77,579.81,105.83,95.43,1,-1,-1,-1
199,7,44.19,377.48,154.37,110.87,1,-1,-1,-1
199,8,1640.14,120.06,97.74,80.31,1,-1,-1,-1
199,9,302.95,119.61,93.92,74.04,1,-1,-1,-1
199,10,182.22,121.40,93.32,68.30,1,-1,-1,-1
201,4,211.87,451.15,202.85,144.62,1,-1,-1,-1
201,5,1487.34,474.32,221.15,203.98,1,-1,-1,-1
201,7,9.51,375.95,167.13,114.75,1,-1,-1,-1
201,8,1639.25,120.15,98.72,80.14,1,-1,-1,-1
201,9,302.76,119.38,94.42,75.62,1,-1,-1,-1
201,10,182.26,121.41,93.29,68.34,1,-1,-1,-1
203,4,216.86,447.62,199.32,141.43,1,-1,-1,-1
203,5,1526.04,490.84,159.79,171.85,1,-1,-1,-1
203,6,1466.73,579.33,107.42,96.20,1,-1,-1,-1
203,7,-0.57,378.18,147.08,112.82,1,-1,-1,-1
203,8,1636.51,120.06,101.92,80.52,1,-1,-1,-1
203,9,302.70,119.79,94.60,75.28,1,-1,-1,-1
203,10,182.32,121.40,93.25,68.44,1,-1,-1,-1
203,12,1765.09,791.09,154.12,178.61,1,-1,-1,-1
205,4,228.44,446.45,187.96,136.49,1,-1,-1,-1
205,5,1530.92,489.27,160.52,178.33,1,-1,-1,-1
205,6,1468.29,580.21,102.66,94.94,1,-1,-1,-1
205,7,-5.41,379.33,129.10,111.96,1,-1,-1,-1
205,8,1635.73,120.09,102.07,80.62,1,-1,-1,-1
205,9,302.64,119.82,94.72,75.70,1,-1,-1,-1
205,10,182.33,121.42,93.24,68.44,1,-1,-1,-1
205,12,1752.82,785.95,176.73,190.32,1,-1,-1,-1
207,4,243.77,445.46,172.58,132.11,1,-1,-1,-1
207,5,1485.34,484.64,221.20,204.10,1,-1,-1,-1
207,7,-5.51,376.56,107.20,114.31,1,-1,-1,-1
207,8,1634.83,120.14,102.69,80.55,1,-1,-1,-1
207,9,302.80,119.81,94.50,76.15,1,-1,-1,-1
207,10,182.43,121.43,93.00,68.33,1,-1,-1,-1
207,12,1732.66,796.94,205.94,167.40,1,-1,-1,-1
207,13,1882.68,944.32,37.32,135.68,1,-1,-1,-1
209,4,251.42,443.95,169.39,130.87,1,-1,-1,-1
209,5,1477.41,489.11,219.66,204.09,1,-1,-1,-1
209,7,-7.40,378.16,99.44,110.33,1,-1,-1,-1
209,8,1631.57,119.55,106.47,83.50,1,-1,-1,-1
209,9,302.86,119.94,94.46,75.96,1,-1,-1,-1
209,10,182.42,121.42,93.00,68.25,1,-1,-1,-1
209,12,1719.93,790.84,210.92,188.80,1,-1,-1,-1
209,13,1880.11,946.69,42.03,131.33,1,-1,-1,-1
211,4,256.39,440.36,177.05,129.42,1,-1,-1,-1
211,5,1520.75,498.09,158.72,171.01,1,-1,-1,-1
211,6,1467.49,580.18,101.82,95.50,1,-1,-1,-1
211,7,-5.41,380.08,85.65,105.98,1,-1,-1,-1
211,8,1634.16,120.62,102.34,80.69,1,-1,-1,-1
211,9,302.90,119.82,94.47,76.52,1,-1,-1,-1
211,10,182.32,121.35,93.09,68.30,1,-1,-1,-1
211,12,1702.65,796.13,222.55,189.81,1,-1,-1,-1
213,4,274.64,437.38,169.45,125.80,1,-1,-1,-1
213,5,1479.63,486.18,221.39,203.92,1,-1,-1,-1
213,7,-3.16,385.80,70.47,99.63,1,-1,-1,-1
213,8,1634.50,120.35,102.41,80.75,1,-1,-1,-1
213,9,303.02,119.90,94.41,76.44,1,-1,-1,-1
213,10,182.21,121.35,93.22,68.26,1,-1,-1,-1
215,4,293.42,432.72,161.65,123.85,1,-1,-1,-1
215,5,1523.11,495.48,159.07,171.79,1,-1,-1,-1
215,6,1467.06,579.93,103.48,96.06,1,-1,-1,-1
215,7,-2.90,385.23,61.63,103.33,1,-1,-1,-1
215,8,1631.34,119.63,106.74,83.70,1,-1,-1,-1
215,9,303.16,119.88,94.18,76.49,1,-1,-1,-1
215,10,182.20,121.41,93.33,68.16,1,-1,-1,-1
215,12,1668.91,811.40,252.41,251.32,1,-1,-1,-1
217,4,310.35,428.45,159.66,121.35,1,-1,-1,-1
217,5,1530.19,489.40,160.19,181.29,1,-1,-1,-1
217,6,1466.34,579.11,106.80,97.35,1,-1,-1,-1
217,7,-3.24,384.85,57.74,106.45,1,-1,-1,-1
217,8,1631.25,120.10,106.18,83.51,1,-1,-1,-1
217,9,303.24,119.70,94.10,77.29,1,-1,-1,-1
217,10,182.27,121.39,93.38,68.33,1,-1,-1,-1
217,12,1662.02,833.62,255.61,244.35,1,-1,-1,-1
219,4,327.98,424.48,148.77,120.02,1,-1,-1,-1
219,5,1534.57,489.79,159.31,176.78,1,-1,-1,-1
219,6,1467.00,579.31,105.80,96.52,1,-1,-1,-1
219,7,-3.55,385.90,57.81,105.29,1,-1,-1,-1
219,8,1630.78,120.18,106.57,83.73,1,-1,-1,-1
219,9,303.23,119.84,94.15,77.14,1,-1,-1,-1
219,10,182.36,121.37,93.33,68.41,1,-1,-1,-1
221,4,342.52,420.92,134.87,120.20,1,-1,-1,-1
221,5,1535.78,486.87,160.92,186.33,1,-1,-1,-1
221,6,1467.02,579.27,105.74,96.39,1,-1,-1,-1
221,7,-2.96,385.48,57.89,106.81,1,-1,-1,-1
221,8,1631.19,120.29,105.95,83.53,1,-1,-1,-1
221,9,303.06,119.67,94.32,78.08,1,-1,-1,-1
221,10,182.37,121.35,93.31,68.49,1,-1,-1,-1
223,4,350.22,418.24,129.70,118.33,1,-1,-1,-1
223,5,1536.65,490.72,160.07,174.65,1,-1,-1,-1
223,6,1466.95,579.05,105.45,96.87,1,-1,-1,-1
223,7,-2.03,385.96,57.64,105.95,1,-1,-1,-1
223,8,1634.04,120.78,102.54,81.12,1,-1,-1,-1
223,9,302.95,119.38,94.39,80.22,1,-1,-1,-1
223,10,182.38,121.36,93.34,68.58,1,-1,-1,-1
225,4,359.44,415.94,125.43,117.13,1,-1,-1,-1
225,5,1492.65,483.49,214.36,203.95,1,-1,-1,-1
225,7,-1.28,385.60,57.66,106.96,1,-1,-1,-1
225,8,1634.57,120.33,102.74,81.16,1,-1,-1,-1
225,9,302.95,119.87,94.36,79.90,1,-1,-1,-1
225,10,182.37,121.38,93.38,68.66,1,-1,-1,-1
225,12,1630.02,880.99,271.04,203.03,1,-1,-1,-1
227,4,365.38,415.81,115.92,113.19,1,-1,-1,-1
227,5,1526.58,493.46,159.47,176.76,1,-1,-1,-1
227,6,1466.99,579.32,104.35,96.31,1,-1,-1,-1
227,7,-0.63,385.07,57.37,108.11,1,-1,-1,-1
227,8,1634.98,120.13,102.66,81.07,1,-1,-1,-1
227,9,302.89,119.99,94.64,79.97,1,-1,-1,-1
227,10,182.29,121.37,93.52,68.79,1,-1,-1,-1
227,12,1621.16,893.38,233.88,187.36,1,-1,-1,-1
229,4,387.53,414.32,85.30,113.32,1,-1,-1,-1
229,5,1530.07,488.80,160.99,187.96,1,-1,-1,-1
229,6,1466.21,579.36,107.41,95.85,1,-1,-1,-1
229,7,-0.42,383.90,57.99,110.88,1,-1,-1,-1
229,8,1633.88,120.00,104.48,81.33,1,-1,-1,-1
229,9,302.95,120.18,94.92,79.25,1,-1,-1,-1
229,10,182.48,121.46,93.31,68.44,1,-1,-1,-1
229,12,1703.08,834.47,171.65,259.57,1,-1,-1,-1
231,4,391.75,414.86,85.74,108.95,1,-1,-1,-1
231,5,1532.34,489.45,160.93,186.82,1,-1,-1,-1
231,6,1466.56,579.28,107.20,95.83,1,-1,-1,-1
231,7,-0.10,384.39,57.92,110.22,1,-1,-1,-1
231,8,1634.04,120.05,103.98,81.29,1,-1,-1,-1
231,9,303.10,120.16,94.77,78.65,1,-1,-1,-1
231,10,182.56,121.44,93.23,68.30,1,-1,-1,-1
233,4,410.40,414.89,65.57,104.84,1,-1,-1,-1
233,5,1533.99,491.16,159.93,179.56,1,-1,-1,-1
233,6,1467.00,579.11,106.04,95.94,1,-1,-1,-1
233,7,-0.03,384.28,58.23,111.77,1,-1,-1,-1
233,8,1634.99,120.11,102.67,81.21,1,-1,-1,-1
233,9,303.25,119.84,94.49,79.20,1,-1,-1,-1
233,10,182.50,121.34,93.33,68.56,1,-1,-1,-1
233,12,1684.56,836.89,221.76,200.12,1,-1,-1,-1
235,4,414.76,433.34,62.37,75.66,1,-1,-1,-1
235,5,1534.79,491.17,158.99,174.45,1,-1,-1,-1
235,6,1467.20,578.97,104.66,96.09,1,-1,-1,-1
235,7,-0.07,385.09,58.93,111.66,1,-1,-1,-1
235,8,1635.44,120.20,102.34,80.97,1,-1,-1,-1
235,9,303.29,119.76,94.37,79.44,1,-1,-1,-1
235,10,182.63,121.39,93.01,68.43,1,-1,-1,-1
235,12,1665.30,831.55,216.50,193.41,1,-1,-1,-1
235,14,1548.22,916.46,180.66,159.57,1,-1,-1,-1
237,4,417.98,439.47,60.56,71.15,1,-1,-1,-1
237,5,1534.79,489.98,158.95,173.40,1,-1,-1,-1
237,6,1466.94,578.90,104.84,96.09,1,-1,-1,-1
237,7,0.15,384.73,58.56,112.17,1,-1,-1,-1
237,8,1635.49,120.19,102.43,80.95,1,-1,-1,-1
237,9,303.29,119.84,94.32,79.16,1,-1,-1,-1
237,10,182.63,121.39,92.99,68.41,1,-1,-1,-1
237,12,1644.58,831.64,215.27,187.23,1,-1,-1,-1
237,14,1548.82,919.24,176.78,154.39,1,-1,-1,-1
239,5,1534.37,487.02,160.58,183.78,1,-1,-1,-1
239,6,1466.51,578.67,106.11,96.57,1,-1,-1,-1
239,7,0.08,384.62,58.83,112.41,1,-1,-1,-1
239,8,1635.70,120.21,102.17,80.93,1,-1,-1,-1
239,9,303.32,119.72,94.29,79.56,1,-1,-1,-1
239,10,182.54,121.40,93.19,68.38,1,-1,-1,-1
239,12,1598.52,834.54,207.44,189.70,1,-1,-1,-1
239,14,1533.90,930.32,170.81,130.33,1,-1,-1,-1
241,5,1534.07,490.35,160.19,174.76,1,-1,-1,-1
241,6,1465.81,578.16,110.10,97.44,1,-1,-1,-1
241,7,-0.14,385.75,59.89,109.88,1,-1,-1,-1
241,8,1635.75,120.17,102.11,81.19,1,-1,-1,-1
241,9,303.30,119.79,94.29,79.41,1,-1,-1,-1
241,10,182.44,121.47,93.36,68.11,1,-1,-1,-1
241,12,1557.29,841.64,188.60,181.87,1,-1,-1,-1
241,14,1497.04,928.75,157.66,133.39,1,-1,-1,-1
243,5,1484.83,483.50,222.06,204.22,1,-1,-1,-1
243,7,0.00,384.17,60.01,112.10,1,-1,-1,-1
243,8,1635.83,120.25,102.09,81.07,1,-1,-1,-1
243,9,303.29,119.96,94.28,78.62,1,-1,-1,-1
243,10,182.20,121.41,93.65,68.34,1,-1,-1,-1
243,12,1504.23,843.49,184.35,189.55,1,-1,-1,-1
243,14,1445.54,930.36,137.45,131.85,1,-1,-1,-1
245,5,1479.60,488.12,215.41,204.26,1,-1,-1,-1
245,7,0.11,384.78,59.91,110.11,1,-1,-1,-1
245,8,1635.39,120.20,102.67,81.26,1,-1,-1,-1
245,9,303.21,120.01,94.37,77.80,1,-1,-1,-1
245,10,181.88,121.42,94.12,68.45,1,-1,-1,-1
245,12,1448.25,837.68,187.37,231.72,1,-1,-1,-1
245,14,1361.92,927.35,161.63,147.84,1,-1,-1,-1
247,5,1521.06,499.65,155.07,160.30,1,-1,-1,-1
247,6,1467.85,579.97,101.33,95.22,1,-1,-1,-1
247,7,0.05,384.47,60.19,110.90,1,-1,-1,-1
247,8,1635.76,120.26,102.03,81.03,1,-1,-1,-1
247,9,303.20,119.89,94.32,77.45,1,-1,-1,-1
247,10,181.91,121.49,93.86,68.38,1,-1,-1,-1
247,12,1401.13,848.94,180.93,226.77,1,-1,-1,-1
249,5,1528.30,491.98,156.63,165.72,1,-1,-1,-1
249,6,1467.20,580.28,100.73,94.90,1,-1,-1,-1
249,7,0.07,385.26,60.21,110.07,1,-1,-1,-1
249,8,1635.47,120.28,102.43,80.74,1,-1,-1,-1
249,9,303.17,119.62,94.36,78.08,1,-1,-1,-1
249,10,181.75,121.46,94.13,68.47,1,-1,-1,-1
249,12,1263.30,859.58,310.20,220.29,1,-1,-1,-1
251,5,1533.19,489.95,155.79,163.08,1,-1,-1,-1
251,6,1466.33,580.39,101.93,95.02,1,-1,-1,-1
251,7,0.11,386.25,60.02,109.21,1,-1,-1,-1
251,8,1635.59,120.24,102.25,80.58,1,-1,-1,-1
251,9,303.22,119.69,94.19,77.97,1,-1,-1,-1
251,10,181.78,121.44,94.02,68.53,1,-1,-1,-1
251,12,1213.14,866.19,301.60,215.91,1,-1,-1,-1
253,5,1534.26,483.91,160.44,184.24,1,-1,-1,-1
253,6,1466.48,580.58,101.02,94.97,1,-1,-1,-1
253,7,0.06,385.76,60.02,109.78,1,-1,-1,-1
253,8,1635.78,120.18,101.98,80.58,1,-1,-1,-1
253,9,303.18,119.66,94.33,78.21,1,-1,-1,-1
253,10,181.46,121.45,94.75,68.55,1,-1,-1,-1
253,12,1179.95,875.95,284.50,205.35,1,-1,-1,-1
255,5,1537.55,492.49,152.87,158.42,1,-1,-1,-1
255,6,1466.73,580.66,100.46,94.85,1,-1,-1,-1
255,7,0.03,385.34,60.00,109.84,1,-1,-1,-1
255,8,1636.30,120.16,101.42,80.58,1,-1,-1,-1
255,9,303.15,119.72,94.43,78.28,1,-1,-1,-1
255,10,181.47,121.43,94.74,68.64,1,-1,-1,-1
255,12,1150.76,882.82,277.75,198.70,1,-1,-1,-1
257,5,1536.72,489.93,152.64,159.61,1,-1,-1,-1
257,6,1466.69,580.40,101.18,95.21,1,-1,-1,-1
257,7,-0.02,385.69,60.16,108.48,1,-1,-1,-1
257,8,1636.55,120.16,101.27,80.64,1,-1,-1,-1
257,9,303.18,119.81,94.46,78.11,1,-1,-1,-1
257,10,181.33,121.49,94.77,68.44,1,-1,-1,-1
257,12,1191.48,892.53,183.04,187.90,1,-1,-1,-1
259,5,1534.56,485.07,158.01,178.08,1,-1,-1,-1
259,6,1466.68,580.09,101.62,95.57,1,-1,-1,-1
259,7,0.08,385.40,59.76,108.58,1,-1,-1,-1
259,8,1636.41,120.11,101.66,80.93,1,-1,-1,-1
259,9,303.21,119.83,94.40,78.03,1,-1,-1,-1
259,10,181.59,121.48,94.12,68.37,1,-1,-1,-1
259,12,1158.94,897.57,193.28,183.70,1,-1,-1,-1
261,5,1534.55,487.41,159.07,179.60,1,-1,-1,-1
261,6,1466.94,580.18,100.76,95.21,1,-1,-1,-1
261,7,-0.03,384.59,59.97,110.08,1,-1,-1,-1
261,8,1636.62,120.22,101.36,80.70,1,-1,-1,-1
261,9,303.25,120.01,94.24,77.09,1,-1,-1,-1
261,10,181.42,121.46,94.43,68.36,1,-1,-1,-1
261,12,1143.33,953.30,171.16,114.32,1,-1,-1,-1
263,5,1534.54,487.04,160.65,189.49,1,-1,-1,-1
263,6,1466.07,579.69,102.95,95.72,1,-1,-1,-1
263,7,-0.05,384.60,60.09,109.15,1,-1,-1,-1
263,8,1636.32,120.13,101.79,81.01,1,-1,-1,-1
263,9,303.29,119.93,94.07,76.71,1,-1,-1,-1
263,10,181.18,121.42,95.08,68.58,1,-1,-1,-1
263,12,1099.36,926.59,179.24,162.63,1,-1,-1,-1
263,15,413.74,418.30,152.33,140.30,1,-1,-1,-1
265,5,1534.87,489.39,160.78,189.77,1,-1,-1,-1
265,6,1467.09,580.07,100.69,95.21,1,-1,-1,-1
265,7,-0.04,385.18,60.17,108.64,1,-1,-1,-1
265,8,1635.92,120.14,102.19,81.10,1,-1,-1,-1
265,9,303.25,119.85,94.09,76.39,1,-1,-1,-1
265,10,181.34,121.51,95.12,68.36,1,-1,-1,-1
265,12,1046.84,931.14,191.87,153.10,1,-1,-1,-1
265,15,417.94,419.92,138.28,137.60,1,-1,-1,-1
267,5,1535.07,489.97,160.94,190.75,1,-1,-1,-1
267,6,1467.05,580.53,100.50,94.75,1,-1,-1,-1
267,7,0.15,384.33,59.44,109.31,1,-1,-1,-1
267,8,1631.20,119.50,107.88,84.29,1,-1,-1,-1
267,9,302.86,119.94,94.44,76.12,1,-1,-1,-1
267,10,181.10,121.23,94.62,68.74,1,-1,-1,-1
267,15,413.50,423.37,135.50,129.79,1,-1,-1,-1
269,5,1534.93,490.87,160.95,187.40,1,-1,-1,-1
269,6,1465.13,580.01,106.04,95.69,1,-1,-1,-1
269,7,-0.05,383.60,59.86,111.41,1,-1,-1,-1
269,8,1630.04,119.99,108.18,84.34,1,-1,-1,-1
269,9,302.80,119.91,94.35,76.27,1,-1,-1,-1
269,10,180.82,121.16,94.55,68.76,1,-1,-1,-1
269,15,402.58,424.22,143.05,127.64,1,-1,-1,-1
271,5,1535.09,490.50,160.34,185.54,1,-1,-1,-1
271,6,1465.85,580.17,105.05,95.43,1,-1,-1,-1
271,7,0.09,384.43,59.30,109.45,1,-1,-1,-1
271,8,1629.73,120.25,108.05,84.27,1,-1,-1,-1
271,9,302.82,120.05,94.22,75.82,1,-1,-1,-1
271,10,180.93,121.27,94.09,68.42,1,-1,-1,-1
271,15,399.05,423.89,143.23,127.64,1,-1,-1,-1
273,5,1534.12,487.02,161.63,196.50,1,-1,-1,-1
273,6,1465.98,580.38,107.38,95.28,1,-1,-1,-1
273,7,-0.09,382.53,59.78,112.76,1,-1,-1,-1
273,8,1633.33,120.91,103.52,81.58,1,-1,-1,-1
273,9,302.83,119.71,94.60,77.26,1,-1,-1,-1
273,10,180.67,121.21,94.62,68.65,1,-1,-1,-1
273,15,411.68,431.33,79.43,119.63,1,-1,-1,-1
275,5,1534.26,488.15,161.36,196.46,1,-1,-1,-1
275,6,1466.79,580.19,106.44,95.52,1,-1,-1,-1
275,7,-0.06,382.83,59.81,110.65,1,-1,-1,-1
275,8,1634.15,120.45,103.52,81.62,1,-1,-1,-1
275,9,303.04,119.99,94.40,76.90,1,-1,-1,-1
275,10,181.20,121.22,93.77,68.51,1,-1,-1,-1
277,5,1534.22,489.31,161.38,194.20,1,-1,-1,-1
277,6,1467.08,580.53,106.25,94.94,1,-1,-1,-1
277,7,-0.06,382.61,59.98,111.60,1,-1,-1,-1
277,8,1635.26,120.20,102.65,81.64,1,-1,-1,-1
277,9,302.37,121.26,96.82,72.19,1,-1,-1,-1
277,10,181.31,121.25,93.89,68.27,1,-1,-1,-1
279,5,1533.96,489.12,161.53,193.80,1,-1,-1,-1
279,6,1466.52,580.44,108.70,95.28,1,-1,-1,-1
279,7,-0.09,383.33,60.34,110.98,1,-1,-1,-1
279,8,1631.53,119.46,108.04,84.31,1,-1,-1,-1
279,9,302.69,120.64,96.70,72.18,1,-1,-1,-1
279,10,181.48,121.16,93.74,68.30,1,-1,-1,-1
281,5,1533.75,488.72,161.73,193.57,1,-1,-1,-1
281,6,1466.60,580.47,109.60,95.24,1,-1,-1,-1
281,7,0.06,383.60,60.05,111.17,1,-1,-1,-1
281,8,1630.54,119.75,108.55,84.57,1,-1,-1,-1
281,9,302.83,120.31,96.72,72.28,1,-1,-1,-1
281,10,181.61,121.12,93.48,68.34,1,-1,-1,-1
283,5,1533.99,489.30,161.38,190.81,1,-1,-1,-1
283,6,1466.06,579.52,110.18,96.91,1,-1,-1,-1
283,7,0.12,384.96,59.67,110.08,1,-1,-1,-1
283,8,1633.75,120.65,103.72,81.78,1,-1,-1,-1
283,9,303.62,119.07,94.00,76.70,1,-1,-1,-1
283,10,181.68,121.09,93.33,68.75,1,-1,-1,-1
285,5,1534.15,490.29,160.78,184.53,1,-1,-1,-1
285,6,1466.29,579.77,107.75,96.34,1,-1,-1,-1
285,7,0.10,385.72,59.42,110.05,1,-1,-1,-1
285,8,1634.45,120.36,103.49,81.69,1,-1,-1,-1
285,9,302.48,120.98,96.47,71.80,1,-1,-1,-1
285,10,181.36,121.16,93.92,68.92,1,-1,-1,-1
285,16,548.58,996.21,159.98,83.79,1,-1,-1,-1
287,5,1534.37,490.18,159.88,179.69,1,-1,-1,-1
287,6,1465.87,579.78,107.22,96.06,1,-1,-1,-1
287,7,-0.09,386.65,59.93,109.70,1,-1,-1,-1
287,8,1634.58,120.14,103.67,81.83,1,-1,-1,-1
287,9,303.39,119.56,94.05,75.77,1,-1,-1,-1
287,10,181.34,121.32,93.73,68.73,1,-1,-1,-1
287,16,541.89,996.46,168.02,83.33,1,-1,-1,-1
289,5,1484.63,483.56,222.47,204.58,1,-1,-1,-1
289,7,0.10,389.12,59.23,105.79,1,-1,-1,-1
289,8,1634.56,120.10,103.74,81.87,1,-1,-1,-1
289,9,303.32,119.80,94.01,76.18,1,-1,-1,-1
289,10,181.27,121.29,93.45,68.87,1,-1,-1,-1
289,16,527.98,994.92,174.97,85.92,1,-1,-1,-1
291,5,1474.63,488.13,222.00,203.31,1,-1,-1,-1
291,7,0.05,388.49,59.07,106.84,1,-1,-1,-1
291,8,1630.84,119.44,108.55,84.41,1,-1,-1,-1
291,9,303.30,119.97,93.92,76.51,1,-1,-1,-1
291,10,181.36,121.37,93.06,68.51,1,-1,-1,-1
291,16,505.35,989.11,182.40,93.65,1,-1,-1,-1
293,5,1519.36,496.22,158.49,172.38,1,-1,-1,-1
293,6,1465.85,578.92,108.50,97.07,1,-1,-1,-1
293,7,-0.16,388.19,59.74,106.70,1,-1,-1,-1
293,8,1633.90,120.49,103.63,81.69,1,-1,-1,-1
293,9,303.30,120.12,93.83,76.53,1,-1,-1,-1
293,10,181.52,121.27,92.78,68.61,1,-1,-1,-1
293,16,480.00,981.37,193.54,101.44,1,-1,-1,-1
295,5,1528.14,492.59,157.68,167.81,1,-1,-1,-1
295,6,1465.94,578.84,109.08,97.22,1,-1,-1,-1
295,7,0.10,387.35,58.93,107.70,1,-1,-1,-1
295,8,1633.88,120.26,104.16,81.76,1,-1,-1,-1
295,9,302.29,121.38,96.69,71.96,1,-1,-1,-1
295,10,181.58,121.30,92.77,68.28,1,-1,-1,-1
295,16,464.35,970.51,192.66,112.22,1,-1,-1,-1
297,5,1533.24,489.02,157.19,169.54,1,-1,-1,-1
297,6,1466.67,579.00,106.67,96.86,1,-1,-1,-1
297,7,-0.02,387.05,59.11,107.23,1,-1,-1,-1
297,8,1629.44,119.43,109.97,84.53,1,-1,-1,-1
297,9,303.44,119.58,94.01,76.42,1,-1,-1,-1
297,10,181.85,121.22,92.52,68.33,1,-1,-1,-1
297,16,451.97,960.45,197.42,121.25,1,-1,-1,-1
299,5,1536.94,490.36,151.52,158.99,1,-1,-1,-1
299,6,1466.29,579.61,106.33,95.92,1,-1,-1,-1
299,7,-0.04,386.97,59.14,106.53,1,-1,-1,-1
299,8,1627.88,119.78,110.81,84.58,1,-1,-1,-1
299,9,303.45,119.76,93.73,76.81,1,-1,-1,-1
299,10,181.83,121.23,92.62,68.27,1,-1,-1,-1
299,16,446.37,950.39,185.60,130.59,1,-1,-1,-1
