3,19,717.38,676.07,237.56,170.30,1,-1,-1,-1
3,20,568.98,385.57,199.79,146.03,1,-1,-1,-1
5,19,720.43,587.79,310.16,234.96,1,-1,-1,-1
5,20,568.96,386.13,199.65,145.64,1,-1,-1,-1
7,19,734.08,558.22,319.60,251.36,1,-1,-1,-1
7,20,568.87,386.02,199.75,145.66,1,-1,-1,-1
9,19,735.96,554.69,304.18,246.93,1,-1,-1,-1
9,20,568.58,386.27,199.39,145.24,1,-1,-1,-1
9,21,0.47,419.45,47.49,168.62,1,-1,-1,-1
11,19,753.41,540.46,308.60,252.44,1,-1,-1,-1
11,20,568.80,385.09,199.82,146.20,1,-1,-1,-1
13,19,768.29,530.99,308.71,254.14,1,-1,-1,-1
13,20,568.88,384.60,199.99,146.78,1,-1,-1,-1
13,21,6.43,416.66,66.30,163.46,1,-1,-1,-1
15,19,781.61,523.73,305.54,250.59,1,-1,-1,-1
15,20,569.00,384.89,199.95,146.79,1,-1,-1,-1
15,21,6.89,437.29,74.58,136.42,1,-1,-1,-1
17,19,794.33,515.69,301.36,249.45,1,-1,-1,-1
17,20,569.04,385.02,199.90,146.77,1,-1,-1,-1
17,21,6.00,438.08,79.72,125.92,1,-1,-1,-1
19,19,802.94,506.90,300.12,248.68,1,-1,-1,-1
19,20,569.10,385.50,199.75,146.45,1,-1,-1,-1
19,21,1.60,430.75,79.78,131.47,1,-1,-1,-1
21,19,812.23,499.08,295.15,244.78,1,-1,-1,-1
21,20,569.10,385.34,199.71,146.48,1,-1,-1,-1
21,21,1.08,425.41,81.07,133.27,1,-1,-1,-1
23,19,820.45,493.69,289.41,240.19,1,-1,-1,-1
23,20,569.15,385.92,199.56,146.07,1,-1,-1,-1
23,21,3.38,426.50,86.36,130.30,1,-1,-1,-1
25,19,824.99,487.74,285.08,237.65,1,-1,-1,-1
25,20,568.83,386.41,199.34,145.50,1,-1,-1,-1
25,21,3.46,417.17,91.69,134.43,1,-1,-1,-1
27,19,831.54,480.77,277.86,231.96,1,-1,-1,-1
27,20,569.01,385.54,199.49,146.04,1,-1,-1,-1
27,21,1.44,409.46,92.72,135.93,1,-1,-1,-1
29,19,836.94,474.19,271.55,227.92,1,-1,-1,-1
29,20,569.11,386.28,199.44,145.69,1,-1,-1,-1
29,21,2.36,405.07,96.29,134.01,1,-1,-1,-1
31,19,845.44,469.18,262.96,222.54,1,-1,-1,-1
31,20,569.09,386.28,199.45,145.67,1,-1,-1,-1
31,21,2.48,406.11,100.00,135.62,1,-1,-1,-1
33,19,852.91,463.67,254.61,216.84,1,-1,-1,-1
33,20,569.32,387.34,199.34,144.97,1,-1,-1,-1
33,21,1.05,406.48,101.08,136.63,1,-1,-1,-1
35,19,853.88,457.63,250.24,212.17,1,-1,-1,-1
35,20,569.35,387.62,199.31,144.65,1,-1,-1,-1
35,21,-1.41,416.09,98.53,135.35,1,-1,-1,-1
37,19,862.80,453.66,244.37,208.52,1,-1,-1,-1
37,20,569.52,388.10,199.22,144.20,1,-1,-1,-1
37,21,-4.13,429.32,92.68,129.05,1,-1,-1,-1
39,19,867.57,451.09,240.60,205.95,1,-1,-1,-1
39,20,569.49,388.51,199.18,143.74,1,-1,-1,-1
39,21,-3.44,440.82,89.59,123.39,1,-1,-1,-1
41,19,869.80,449.64,237.58,204.63,1,-1,-1,-1
41,20,569.54,389.10,199.15,143.19,1,-1,-1,-1
43,19,874.62,450.17,232.52,203.09,1,-1,-1,-1
43,20,569.44,388.93,199.25,143.07,1,-1,-1,-1
45,19,878.82,451.34,227.83,201.83,1,-1,-1,-1
45,20,569.35,388.05,199.37,143.48,1,-1,-1,-1
45,21,-13.45,435.23,67.31,125.52,1,-1,-1,-1
47,19,869.12,453.17,230.78,201.79,1,-1,-1,-1
47,20,569.26,388.16,199.45,143.45,1,-1,-1,-1
49,19,862.09,455.17,234.46,202.05,1,-1,-1,-1
49,20,569.52,388.11,199.34,143.55,1,-1,-1,-1
51,19,858.76,456.82,234.85,202.02,1,-1,-1,-1
51,20,569.60,388.36,199.28,143.46,1,-1,-1,-1
53,19,851.44,458.88,238.82,203.11,1,-1,-1,-1
53,20,569.55,387.77,199.32,143.82,1,-1,-1,-1
55,19,846.57,461.50,242.03,203.84,1,-1,-1,-1
55,20,569.47,387.13,199.39,144.31,1,-1,-1,-1
57,19,840.00,465.26,246.31,205.29,1,-1,-1,-1
57,20,569.40,386.92,199.42,144.58,1,-1,-1,-1
59,19,835.79,468.78,248.91,205.67,1,-1,-1,-1
59,20,569.35,386.92,199.44,144.68,1,-1,-1,-1
61,19,831.81,474.58,252.63,209.73,1,-1,-1,-1
61,20,569.25,386.99,199.49,144.71,1,-1,-1,-1
63,19,831.86,477.29,253.13,212.35,1,-1,-1,-1
63,20,569.25,386.95,199.52,144.77,1,-1,-1,-1
65,19,830.82,479.48,254.51,214.09,1,-1,-1,-1
65,20,569.26,386.92,199.53,144.81,1,-1,-1,-1
67,19,830.03,483.12,255.79,215.23,1,-1,-1,-1
67,20,569.20,386.94,199.58,144.81,1,-1,-1,-1
69,19,828.94,487.21,257.18,216.36,1,-1,-1,-1
69,20,569.22,387.72,199.61,144.32,1,-1,-1,-1
71,19,822.13,492.87,262.89,221.69,1,-1,-1,-1
71,20,569.20,388.09,199.62,143.98,1,-1,-1,-1
73,19,816.33,496.58,267.18,224.07,1,-1,-1,-1
73,20,569.21,388.31,199.62,143.72,1,-1,-1,-1
75,19,814.31,498.92,270.40,225.07,1,-1,-1,-1
75,20,569.23,388.40,199.62,143.55,1,-1,-1,-1
77,19,814.18,498.91,270.88,224.62,1,-1,-1,-1
77,20,569.19,387.82,199.63,143.84,1,-1,-1,-1
79,19,814.24,496.89,269.67,224.80,1,-1,-1,-1
79,20,569.20,387.12,199.64,144.30,1,-1,-1,-1
81,19,814.55,491.53,268.74,222.75,1,-1,-1,-1
81,20,569.22,387.08,199.60,144.45,1,-1,-1,-1
83,19,816.86,487.65,265.73,220.31,1,-1,-1,-1
83,20,569.15,386.99,199.64,144.62,1,-1,-1,-1
85,19,820.16,482.25,262.68,219.48,1,-1,-1,-1
85,20,569.13,386.92,199.63,144.76,1,-1,-1,-1
87,19,822.95,478.22,259.42,219.20,1,-1,-1,-1
87,20,569.15,387.35,199.62,144.56,1,-1,-1,-1
89,19,824.26,475.73,256.69,218.88,1,-1,-1,-1
89,20,569.22,388.02,199.57,144.14,1,-1,-1,-1
91,19,824.68,474.85,255.52,218.92,1,-1,-1,-1
91,20,569.31,388.10,199.52,143.97,1,-1,-1,-1
93,19,824.41,475.38,254.48,219.19,1,-1,-1,-1
93,20,569.23,387.91,199.55,144.00,1,-1,-1,-1
95,19,823.79,477.21,253.44,219.17,1,-1,-1,-1
95,20,569.23,387.92,199.50,143.96,1,-1,-1,-1
97,19,822.77,480.56,252.25,218.83,1,-1,-1,-1
97,20,569.12,387.93,199.51,143.94,1,-1,-1,-1
99,19,815.51,485.44,257.11,218.70,1,-1,-1,-1
99,20,569.13,388.26,199.48,143.70,1,-1,-1,-1
101,19,809.44,492.79,260.32,221.86,1,-1,-1,-1
101,20,569.17,388.26,199.51,143.60,1,-1,-1,-1
103,19,805.92,497.20,261.49,224.38,1,-1,-1,-1
103,20,569.23,388.24,199.53,143.56,1,-1,-1,-1
105,19,799.48,504.01,263.69,225.88,1,-1,-1,-1
105,20,569.28,388.43,199.55,143.43,1,-1,-1,-1
107,19,795.07,510.32,266.34,228.22,1,-1,-1,-1
107,20,569.12,389.66,199.71,142.71,1,-1,-1,-1
109,19,790.16,519.19,269.38,231.80,1,-1,-1,-1
109,20,569.15,390.01,199.70,142.25,1,-1,-1,-1
111,19,782.32,525.42,268.17,234.09,1,-1,-1,-1
111,20,569.18,390.38,199.72,141.83,1,-1,-1,-1
113,19,773.19,533.49,272.52,236.85,1,-1,-1,-1
113,20,569.17,390.10,199.76,141.80,1,-1,-1,-1
115,19,766.57,542.25,275.21,240.74,1,-1,-1,-1
115,20,569.09,390.01,199.79,141.72,1,-1,-1,-1
117,19,753.24,557.67,277.97,238.01,1,-1,-1,-1
117,20,569.05,389.71,199.83,141.85,1,-1,-1,-1
119,19,742.68,560.46,281.50,242.31,1,-1,-1,-1
119,20,569.07,389.86,199.81,141.77,1,-1,-1,-1
121,19,725.76,567.07,288.18,248.21,1,-1,-1,-1
121,20,569.04,389.82,199.81,141.76,1,-1,-1,-1
123,19,708.92,574.57,292.25,252.19,1,-1,-1,-1
123,20,569.15,389.90,199.78,141.71,1,-1,-1,-1
125,19,722.68,580.78,274.65,254.13,1,-1,-1,-1
125,20,568.72,390.07,199.65,141.41,1,-1,-1,-1
127,19,701.32,588.27,273.05,257.76,1,-1,-1,-1
127,20,569.02,389.62,199.68,141.72,1,-1,-1,-1
129,19,663.71,594.78,283.09,263.49,1,-1,-1,-1
129,20,569.15,389.71,199.68,141.76,1,-1,-1,-1
131,19,631.92,601.52,290.89,268.25,1,-1,-1,-1
131,20,569.31,388.77,199.66,142.34,1,-1,-1,-1
133,19,576.97,655.03,281.05,245.04,1,-1,-1,-1
133,20,569.33,389.40,199.70,142.09,1,-1,-1,-1
135,19,598.31,626.69,270.72,241.95,1,-1,-1,-1
135,20,569.33,389.68,199.69,141.91,1,-1,-1,-1
139,22,3.64,632.21,159.87,194.58,1,-1,-1,-1
139,23,1476.24,481.00,209.62,220.30,1,-1,-1,-1
139,25,369.90,368.09,101.29,114.75,1,-1,-1,-1
139,26,1640.78,120.46,97.49,79.75,1,-1,-1,-1
139,27,302.95,119.93,95.40,78.45,1,-1,-1,-1
139,28,183.28,121.37,92.01,69.13,1,-1,-1,-1
141,22,-2.59,628.70,165.37,211.00,1,-1,-1,-1
141,23,1469.02,481.76,220.59,218.68,1,-1,-1,-1
141,25,360.02,365.81,111.36,117.50,1,-1,-1,-1
141,26,1641.09,120.35,97.03,79.53,1,-1,-1,-1
141,27,302.88,119.88,95.17,78.57,1,-1,-1,-1
141,28,183.25,121.34,92.00,69.07,1,-1,-1,-1
143,22,2.66,608.67,181.03,219.61,1,-1,-1,-1
143,23,1511.46,488.92,191.80,204.61,1,-1,-1,-1
143,24,1467.37,580.95,112.62,94.79,1,-1,-1,-1
143,25,341.41,364.36,125.12,119.51,1,-1,-1,-1
143,26,1640.33,120.38,97.59,80.07,1,-1,-1,-1
143,27,302.95,119.77,94.77,78.28,1,-1,-1,-1
143,28,183.15,121.35,92.08,69.11,1,-1,-1,-1
145,22,6.92,597.71,206.17,234.88,1,-1,-1,-1
145,23,1526.41,492.03,177.34,198.67,1,-1,-1,-1
145,24,1467.38,581.18,110.87,94.34,1,-1,-1,-1
145,25,318.87,360.33,140.85,123.38,1,-1,-1,-1
145,26,1640.22,120.33,97.66,80.18,1,-1,-1,-1
145,27,303.02,119.67,94.44,77.87,1,-1,-1,-1
145,28,183.10,121.33,92.18,69.14,1,-1,-1,-1
147,22,8.14,588.57,220.34,229.73,1,-1,-1,-1
147,23,1533.22,493.63,168.62,195.95,1,-1,-1,-1
147,24,1467.53,581.18,110.13,94.28,1,-1,-1,-1
147,25,301.89,357.72,154.38,126.42,1,-1,-1,-1
147,26,1640.36,120.34,97.62,80.21,1,-1,-1,-1
147,27,302.97,119.71,94.43,77.73,1,-1,-1,-1
147,28,182.91,121.28,92.38,69.22,1,-1,-1,-1
149,22,7.92,575.51,226.25,217.05,1,-1,-1,-1
149,23,1536.02,494.25,163.61,195.13,1,-1,-1,-1
149,24,1467.68,581.16,109.75,94.43,1,-1,-1,-1
149,25,284.35,360.64,153.32,124.06,1,-1,-1,-1
149,26,1640.12,120.34,97.88,80.43,1,-1,-1,-1
149,27,303.08,119.61,94.00,77.22,1,-1,-1,-1
149,28,182.84,121.25,92.40,69.22,1,-1,-1,-1
151,22,6.15,574.46,234.71,222.46,1,-1,-1,-1
151,23,1537.67,494.32,160.32,195.11,1,-1,-1,-1
151,24,1467.77,581.04,109.69,94.65,1,-1,-1,-1
151,25,269.91,362.80,154.97,121.78,1,-1,-1,-1
151,26,1639.93,120.36,98.07,80.64,1,-1,-1,-1
151,27,303.21,119.63,93.77,76.83,1,-1,-1,-1
151,28,182.74,121.26,92.44,69.23,1,-1,-1,-1
153,22,4.43,570.63,238.63,223.89,1,-1,-1,-1
153,23,1538.56,493.95,158.25,195.58,1,-1,-1,-1
153,24,1467.64,581.04,109.22,94.62,1,-1,-1,-1
153,25,258.85,364.70,153.94,119.49,1,-1,-1,-1
153,26,1639.74,120.33,98.31,80.82,1,-1,-1,-1
153,27,303.24,119.85,93.89,76.97,1,-1,-1,-1
153,28,182.74,121.25,92.44,69.18,1,-1,-1,-1
155,22,2.52,561.92,236.06,216.01,1,-1,-1,-1
155,23,1537.83,493.16,157.81,196.57,1,-1,-1,-1
155,24,1467.62,581.05,108.76,94.68,1,-1,-1,-1
155,25,248.95,366.14,153.08,117.72,1,-1,-1,-1
155,26,1640.43,120.34,97.85,80.80,1,-1,-1,-1
155,27,303.21,119.92,93.98,77.03,1,-1,-1,-1
155,28,182.81,121.28,92.37,69.20,1,-1,-1,-1
157,22,0.84,560.97,237.78,216.69,1,-1,-1,-1
157,23,1505.18,490.07,178.72,202.50,1,-1,-1,-1
157,25,243.72,367.09,151.40,116.17,1,-1,-1,-1
157,26,1640.84,120.34,97.49,80.81,1,-1,-1,-1
157,27,303.25,119.93,94.05,77.06,1,-1,-1,-1
157,28,182.80,121.26,92.38,69.19,1,-1,-1,-1
159,22,2.45,551.40,240.89,212.00,1,-1,-1,-1
159,23,1520.92,481.46,168.76,183.52,1,-1,-1,-1
159,24,1467.59,581.23,107.88,94.61,1,-1,-1,-1
159,25,236.61,369.14,152.12,113.90,1,-1,-1,-1
159,26,1640.67,120.35,97.47,80.98,1,-1,-1,-1
159,27,303.34,119.79,94.09,76.81,1,-1,-1,-1
159,28,182.82,121.24,92.44,69.13,1,-1,-1,-1
161,22,-1.74,544.20,233.61,202.94,1,-1,-1,-1
161,23,1529.03,490.81,165.58,187.53,1,-1,-1,-1
161,24,1467.66,581.23,107.33,94.69,1,-1,-1,-1
161,25,234.42,369.95,152.42,112.83,1,-1,-1,-1
161,26,1640.41,120.26,97.56,81.06,1,-1,-1,-1
161,27,303.28,119.72,94.05,76.51,1,-1,-1,-1
161,28,182.82,121.26,92.53,69.16,1,-1,-1,-1
163,22,4.79,537.94,229.31,195.63,1,-1,-1,-1
163,23,1532.61,493.46,163.30,190.63,1,-1,-1,-1
163,24,1467.80,581.26,107.11,94.83,1,-1,-1,-1
163,25,236.55,370.57,151.54,112.90,1,-1,-1,-1
163,26,1640.10,120.23,97.73,81.13,1,-1,-1,-1
163,27,303.21,119.81,93.98,76.42,1,-1,-1,-1
163,28,182.83,121.26,92.59,69.19,1,-1,-1,-1
165,22,0.67,534.09,227.94,192.79,1,-1,-1,-1
165,23,1535.00,494.21,161.18,192.84,1,-1,-1,-1
165,24,1467.40,581.20,106.21,94.78,1,-1,-1,-1
165,25,241.69,370.97,149.76,112.77,1,-1,-1,-1
165,26,1640.24,120.14,97.66,81.04,1,-1,-1,-1
165,27,303.16,119.73,93.86,76.07,1,-1,-1,-1
165,28,182.76,121.25,92.62,69.17,1,-1,-1,-1
167,22,-2.58,531.80,223.27,189.39,1,-1,-1,-1
167,23,1535.51,493.72,160.08,194.88,1,-1,-1,-1
167,24,1467.32,581.20,105.52,94.86,1,-1,-1,-1
167,25,246.05,371.79,149.22,112.47,1,-1,-1,-1
167,26,1640.33,120.16,97.57,80.99,1,-1,-1,-1
167,27,303.20,119.77,93.81,75.89,1,-1,-1,-1
167,28,182.67,121.33,92.71,69.10,1,-1,-1,-1
169,22,-0.06,526.39,219.55,183.01,1,-1,-1,-1
169,23,1536.46,493.45,158.81,196.22,1,-1,-1,-1
169,24,1467.62,581.17,105.36,94.89,1,-1,-1,-1
169,25,253.04,371.01,147.90,112.56,1,-1,-1,-1
169,26,1639.65,120.14,98.01,81.04,1,-1,-1,-1
169,27,303.26,119.83,93.92,75.82,1,-1,-1,-1
169,28,182.63,121.37,92.83,69.05,1,-1,-1,-1
171,22,3.66,520.31,219.44,182.45,1,-1,-1,-1
171,23,1505.57,491.46,177.41,200.25,1,-1,-1,-1
171,25,257.65,370.51,146.67,112.60,1,-1,-1,-1
171,26,1639.49,120.08,98.21,81.03,1,-1,-1,-1
171,27,303.42,119.38,94.71,74.63,1,-1,-1,-1
171,28,182.59,121.42,92.97,69.01,1,-1,-1,-1
173,22,6.03,515.52,224.64,181.95,1,-1,-1,-1
173,23,1491.11,490.43,190.54,202.46,1,-1,-1,-1
173,25,258.93,370.51,145.83,112.57,1,-1,-1,-1
173,26,1639.39,120.01,98.29,80.94,1,-1,-1,-1
173,27,303.33,119.39,95.40,73.78,1,-1,-1,-1
173,28,182.44,121.43,93.17,69.04,1,-1,-1,-1
175,22,7.28,508.85,225.70,179.82,1,-1,-1,-1
175,23,1484.44,489.73,199.34,203.72,1,-1,-1,-1
175,25,252.34,371.15,145.94,112.31,1,-1,-1,-1
175,26,1639.54,120.07,98.25,80.94,1,-1,-1,-1
175,27,303.23,119.59,95.95,73.29,1,-1,-1,-1
175,28,182.30,121.44,93.33,69.05,1,-1,-1,-1
177,22,18.33,502.58,229.21,175.50,1,-1,-1,-1
177,23,1478.43,489.17,206.96,204.65,1,-1,-1,-1
177,25,241.83,372.26,147.21,111.90,1,-1,-1,-1
177,26,1639.66,120.08,98.19,80.92,1,-1,-1,-1
177,27,303.15,119.71,96.38,72.88,1,-1,-1,-1
177,28,182.24,121.42,93.44,69.00,1,-1,-1,-1
179,22,32.07,496.01,228.13,172.19,1,-1,-1,-1
179,23,1476.55,488.96,211.50,205.14,1,-1,-1,-1
179,25,228.94,372.65,148.28,111.85,1,-1,-1,-1
179,26,1639.65,120.06,98.16,80.87,1,-1,-1,-1
179,27,302.72,120.31,95.97,73.60,1,-1,-1,-1
179,28,182.20,121.40,93.50,68.94,1,-1,-1,-1
181,22,38.89,493.03,231.56,169.68,1,-1,-1,-1
181,23,1502.76,478.79,196.10,189.83,1,-1,-1,-1
181,24,1468.18,581.03,105.76,94.77,1,-1,-1,-1
181,25,219.17,372.35,149.27,112.24,1,-1,-1,-1
181,26,1639.86,120.05,97.99,80.78,1,-1,-1,-1
181,27,302.90,119.92,96.26,73.04,1,-1,-1,-1
181,28,182.19,121.42,93.53,68.93,1,-1,-1,-1
183,22,57.54,486.68,228.60,167.30,1,-1,-1,-1
183,23,1487.63,487.47,203.83,194.57,1,-1,-1,-1
183,25,198.10,371.83,151.43,113.07,1,-1,-1,-1
183,26,1639.98,120.07,97.91,80.75,1,-1,-1,-1
183,27,302.97,119.85,96.40,72.59,1,-1,-1,-1
183,28,182.21,121.43,93.54,68.90,1,-1,-1,-1
185,22,67.96,482.75,227.74,166.41,1,-1,-1,-1
185,23,1480.33,490.07,209.46,197.79,1,-1,-1,-1
185,25,181.72,372.12,152.25,113.16,1,-1,-1,-1
185,26,1640.02,120.11,97.85,80.79,1,-1,-1,-1
185,27,302.71,120.26,95.90,73.15,1,-1,-1,-1
185,28,182.21,121.42,93.46,68.87,1,-1,-1,-1
187,22,96.57,476.51,224.65,161.71,1,-1,-1,-1
187,23,1477.44,490.53,213.04,200.07,1,-1,-1,-1
187,25,159.13,370.92,156.54,114.16,1,-1,-1,-1
187,26,1639.97,120.13,97.87,80.83,1,-1,-1,-1
187,27,302.68,120.18,95.49,73.33,1,-1,-1,-1
187,28,182.26,121.42,93.48,68.81,1,-1,-1,-1
189,22,123.32,473.43,223.78,157.77,1,-1,-1,-1
189,23,1475.07,490.30,216.13,201.71,1,-1,-1,-1
189,25,137.79,373.50,158.03,114.01,1,-1,-1,-1
189,26,1640.00,120.09,97.79,80.79,1,-1,-1,-1
189,27,302.68,120.17,95.10,73.58,1,-1,-1,-1
189,28,182.21,121.41,93.54,68.76,1,-1,-1,-1
191,22,138.89,464.17,222.08,159.70,1,-1,-1,-1
191,23,1474.47,490.06,217.82,202.77,1,-1,-1,-1
191,25,123.02,372.52,155.52,114.29,1,-1,-1,-1
191,26,1640.33,120.06,97.58,80.73,1,-1,-1,-1
191,27,302.70,120.15,94.77,73.79,1,-1,-1,-1
191,28,182.08,121.40,93.63,68.71,1,-1,-1,-1
193,22,154.90,461.59,217.95,158.18,1,-1,-1,-1
193,23,1501.39,480.04,201.20,190.11,1,-1,-1,-1
193,24,1467.25,580.11,105.70,95.22,1,-1,-1,-1
193,25,105.11,368.16,157.57,117.23,1,-1,-1,-1
193,26,1640.47,119.98,97.45,80.55,1,-1,-1,-1
193,27,302.84,120.13,94.47,74.00,1,-1,-1,-1
193,28,182.07,121.38,93.60,68.64,1,-1,-1,-1
195,22,177.18,456.21,212.24,156.75,1,-1,-1,-1
195,23,1514.50,478.19,188.16,179.20,1,-1,-1,-1
195,24,1466.91,580.12,105.43,95.34,1,-1,-1,-1
195,25,79.33,372.70,158.10,115.79,1,-1,-1,-1
195,26,1640.38,119.99,97.45,80.39,1,-1,-1,-1
195,27,302.78,119.75,94.25,73.62,1,-1,-1,-1
195,28,182.10,121.34,93.49,68.52,1,-1,-1,-1
197,22,188.50,453.41,208.08,156.12,1,-1,-1,-1
197,23,1521.80,479.58,178.21,170.69,1,-1,-1,-1
197,24,1466.92,579.99,105.36,95.38,1,-1,-1,-1
197,25,63.60,375.18,158.31,115.37,1,-1,-1,-1
197,26,1640.29,120.02,97.51,80.29,1,-1,-1,-1
197,27,302.79,119.72,94.12,73.43,1,-1,-1,-1
197,28,182.18,121.36,93.41,68.45,1,-1,-1,-1
199,22,197.76,450.18,208.52,155.09,1,-1,-1,-1
199,23,1526.04,481.05,170.20,163.23,1,-1,-1,-1
199,24,1467.05,579.87,105.43,95.33,1,-1,-1,-1
199,25,46.30,375.42,157.73,114.50,1,-1,-1,-1
199,26,1640.20,120.10,97.58,80.30,1,-1,-1,-1
199,27,302.98,119.90,93.99,73.54,1,-1,-1,-1
199,28,182.20,121.37,93.38,68.41,1,-1,-1,-1
201,22,207.31,446.80,206.55,151.85,1,-1,-1,-1
201,23,1500.52,492.60,185.65,176.15,1,-1,-1,-1
201,25,14.41,375.45,160.98,115.07,1,-1,-1,-1
201,26,1639.61,120.10,97.91,80.28,1,-1,-1,-1
201,27,302.96,120.25,94.08,74.07,1,-1,-1,-1
201,28,182.23,121.41,93.36,68.39,1,-1,-1,-1
203,22,212.51,443.17,204.06,148.57,1,-1,-1,-1
203,23,1517.77,489.87,177.93,174.38,1,-1,-1,-1
203,24,1467.47,579.69,106.00,95.54,1,-1,-1,-1
203,25,-2.47,377.04,157.60,114.77,1,-1,-1,-1
203,26,1637.83,120.14,99.06,80.40,1,-1,-1,-1
203,27,302.91,120.23,94.19,74.37,1,-1,-1,-1
203,28,182.28,121.43,93.33,68.40,1,-1,-1,-1
205,22,222.62,441.70,199.01,144.79,1,-1,-1,-1
205,23,1525.73,490.35,172.62,174.74,1,-1,-1,-1
205,24,1467.04,580.10,104.86,95.24,1,-1,-1,-1
205,25,-11.58,377.97,150.03,114.20,1,-1,-1,-1
205,26,1636.85,120.14,99.94,80.52,1,-1,-1,-1
205,27,302.83,120.25,94.31,74.71,1,-1,-1,-1
205,28,182.29,121.43,93.31,68.41,1,-1,-1,-1
205,30,1744.64,791.53,173.71,193.59,1,-1,-1,-1
207,22,235.40,440.58,190.93,140.80,1,-1,-1,-1
207,23,1500.16,494.41,186.81,184.26,1,-1,-1,-1
207,25,-17.30,376.13,138.34,114.13,1,-1,-1,-1
207,26,1635.96,120.11,100.76,80.58,1,-1,-1,-1
207,27,302.86,120.27,94.34,75.08,1,-1,-1,-1
207,28,182.30,121.38,93.22,68.39,1,-1,-1,-1
207,30,1721.65,787.22,190.29,185.62,1,-1,-1,-1
209,22,244.96,440.17,184.09,137.44,1,-1,-1,-1
209,23,1488.75,494.64,196.39,190.55,1,-1,-1,-1
209,25,-18.37,376.65,127.60,113.10,1,-1,-1,-1
209,26,1633.64,120.64,102.48,81.52,1,-1,-1,-1
209,27,302.90,120.17,94.35,75.29,1,-1,-1,-1
209,28,182.34,121.37,93.16,68.35,1,-1,-1,-1
209,30,1709.33,792.87,204.22,193.54,1,-1,-1,-1
209,31,1878.68,946.36,40.60,135.95,1,-1,-1,-1
211,22,255.70,436.85,181.22,134.52,1,-1,-1,-1
211,23,1511.09,487.82,185.75,185.20,1,-1,-1,-1
211,24,1466.66,580.37,103.44,95.09,1,-1,-1,-1
211,25,-18.99,377.54,115.88,111.24,1,-1,-1,-1
211,26,1634.47,120.15,102.50,81.35,1,-1,-1,-1
211,27,302.93,120.20,94.37,75.61,1,-1,-1,-1
211,28,182.29,121.33,93.14,68.33,1,-1,-1,-1
211,30,1698.96,795.30,215.62,197.77,1,-1,-1,-1
213,22,272.88,433.60,176.96,131.36,1,-1,-1,-1
213,23,1492.11,491.94,196.05,191.21,1,-1,-1,-1
213,25,-19.57,381.98,103.07,108.34,1,-1,-1,-1
213,26,1634.72,119.99,102.54,81.24,1,-1,-1,-1
213,27,303.03,120.14,94.36,75.82,1,-1,-1,-1
213,28,182.24,121.33,93.16,68.31,1,-1,-1,-1
215,22,289.70,429.49,171.62,128.48,1,-1,-1,-1
215,23,1512.47,486.72,185.65,185.93,1,-1,-1,-1
215,24,1467.24,580.26,103.32,95.32,1,-1,-1,-1
215,25,-18.76,383.73,91.22,106.63,1,-1,-1,-1
215,26,1632.75,120.53,103.83,82.03,1,-1,-1,-1
215,27,303.08,120.08,94.29,75.98,1,-1,-1,-1
215,28,182.28,121.36,93.20,68.27,1,-1,-1,-1
215,30,1668.20,826.41,250.44,235.90,1,-1,-1,-1
217,22,307.07,425.69,167.15,125.64,1,-1,-1,-1
217,23,1522.08,487.67,178.30,184.30,1,-1,-1,-1
217,24,1467.62,579.74,104.44,95.98,1,-1,-1,-1
217,25,-16.71,385.14,81.50,105.72,1,-1,-1,-1
217,26,1632.08,120.57,104.61,82.54,1,-1,-1,-1
217,27,303.14,120.17,94.23,76.32,1,-1,-1,-1
217,28,182.35,121.43,93.25,68.29,1,-1,-1,-1
217,30,1660.84,835.08,259.01,245.06,1,-1,-1,-1
219,22,321.11,422.66,160.80,123.14,1,-1,-1,-1
219,23,1527.06,487.49,172.68,181.86,1,-1,-1,-1
219,24,1467.42,579.49,104.80,96.11,1,-1,-1,-1
219,25,-13.84,385.94,74.43,104.70,1,-1,-1,-1
219,26,1631.51,120.47,105.28,82.97,1,-1,-1,-1
219,27,303.17,120.12,94.20,76.54,1,-1,-1,-1
219,28,182.39,121.41,93.28,68.32,1,-1,-1,-1
221,22,332.10,420.42,152.28,121.22,1,-1,-1,-1
221,23,1530.09,489.68,169.12,182.57,1,-1,-1,-1
221,24,1467.24,579.40,105.02,96.14,1,-1,-1,-1
221,25,-11.17,386.51,69.34,104.21,1,-1,-1,-1
221,26,1631.49,120.34,105.58,83.22,1,-1,-1,-1
221,27,303.06,120.24,94.24,76.95,1,-1,-1,-1
221,28,182.36,121.40,93.29,68.37,1,-1,-1,-1
223,22,341.19,417.69,144.61,119.22,1,-1,-1,-1
223,23,1531.90,488.27,166.20,179.94,1,-1,-1,-1
223,24,1466.97,579.38,105.10,96.31,1,-1,-1,-1
223,25,-9.00,386.90,65.56,103.63,1,-1,-1,-1
223,26,1633.10,119.81,104.82,82.70,1,-1,-1,-1
223,27,302.96,120.62,94.33,77.85,1,-1,-1,-1
223,28,182.39,121.43,93.30,68.43,1,-1,-1,-1
225,22,352.81,415.70,137.82,117.34,1,-1,-1,-1
225,23,1506.41,492.94,179.88,187.75,1,-1,-1,-1
225,25,-7.24,387.25,62.83,103.45,1,-1,-1,-1
225,26,1633.76,119.70,104.32,82.34,1,-1,-1,-1
225,27,302.95,120.54,94.36,78.42,1,-1,-1,-1
225,28,182.38,121.45,93.33,68.49,1,-1,-1,-1
225,30,1629.25,863.98,273.67,233.58,1,-1,-1,-1
227,22,357.70,414.82,130.19,114.82,1,-1,-1,-1
227,23,1520.88,488.79,173.96,184.48,1,-1,-1,-1
227,24,1466.71,579.39,104.75,96.21,1,-1,-1,-1
227,25,-5.90,387.28,60.79,103.62,1,-1,-1,-1
227,26,1634.17,119.71,103.93,82.04,1,-1,-1,-1
227,27,303.00,120.42,94.47,78.86,1,-1,-1,-1
227,28,182.34,121.47,93.39,68.58,1,-1,-1,-1
227,30,1607.09,879.14,257.88,215.33,1,-1,-1,-1
229,22,373.22,414.39,116.07,112.59,1,-1,-1,-1
229,23,1527.04,490.08,170.12,184.99,1,-1,-1,-1
229,24,1467.23,579.24,105.52,96.08,1,-1,-1,-1
229,25,-4.70,387.14,59.52,104.52,1,-1,-1,-1
229,26,1633.76,119.84,104.15,81.90,1,-1,-1,-1
229,27,303.14,120.17,94.61,78.98,1,-1,-1,-1
229,28,182.45,121.38,93.37,68.54,1,-1,-1,-1
229,30,1682.34,848.56,232.07,224.43,1,-1,-1,-1
231,22,382.80,413.92,105.87,109.71,1,-1,-1,-1
231,23,1529.72,490.10,167.30,185.09,1,-1,-1,-1
231,24,1467.18,579.21,105.96,95.98,1,-1,-1,-1
231,25,-3.83,387.05,58.57,105.06,1,-1,-1,-1
231,26,1633.72,119.92,104.17,81.79,1,-1,-1,-1
231,27,303.14,119.93,94.66,78.90,1,-1,-1,-1
231,28,182.50,121.32,93.33,68.47,1,-1,-1,-1
233,22,398.62,413.41,92.77,106.23,1,-1,-1,-1
233,23,1531.41,488.92,164.92,183.18,1,-1,-1,-1
233,24,1466.96,579.13,105.94,95.93,1,-1,-1,-1
233,25,-3.10,387.37,58.00,105.91,1,-1,-1,-1
233,26,1634.32,119.96,103.82,81.68,1,-1,-1,-1
233,27,303.15,119.95,94.63,78.99,1,-1,-1,-1
233,28,182.49,121.38,93.33,68.50,1,-1,-1,-1
233,30,1677.03,830.33,230.44,217.62,1,-1,-1,-1
235,22,405.39,423.00,82.75,96.22,1,-1,-1,-1
235,23,1532.46,487.94,162.91,180.35,1,-1,-1,-1
235,24,1466.64,579.07,105.54,95.93,1,-1,-1,-1
235,25,-2.42,387.76,57.79,106.57,1,-1,-1,-1
235,26,1634.80,119.97,103.47,81.52,1,-1,-1,-1
235,27,303.16,119.97,94.58,79.12,1,-1,-1,-1
235,28,182.49,121.37,93.24,68.48,1,-1,-1,-1
235,30,1654.41,827.89,226.37,210.14,1,-1,-1,-1
237,22,411.85,431.02,74.53,86.90,1,-1,-1,-1
237,23,1533.20,487.84,161.42,177.99,1,-1,-1,-1
237,24,1466.69,579.00,105.30,95.93,1,-1,-1,-1
237,25,-2.04,387.16,57.54,107.19,1,-1,-1,-1
237,26,1634.98,120.00,103.23,81.41,1,-1,-1,-1
237,27,303.17,119.90,94.52,79.15,1,-1,-1,-1
237,28,182.53,121.37,93.17,68.46,1,-1,-1,-1
237,30,1636.02,829.58,223.45,203.48,1,-1,-1,-1
237,32,1535.70,920.95,176.32,154.81,1,-1,-1,-1
239,23,1534.09,490.20,160.87,179.15,1,-1,-1,-1
239,24,1466.89,578.94,105.49,96.07,1,-1,-1,-1
239,25,-1.67,386.93,57.45,107.76,1,-1,-1,-1
239,26,1635.19,120.04,102.99,81.31,1,-1,-1,-1
239,27,303.22,119.93,94.47,79.27,1,-1,-1,-1
239,28,182.55,121.37,93.18,68.44,1,-1,-1,-1
239,30,1587.23,835.93,219.08,199.75,1,-1,-1,-1
239,32,1477.85,923.87,165.85,137.65,1,-1,-1,-1
241,23,1533.89,489.13,160.29,177.51,1,-1,-1,-1
241,24,1467.69,578.65,106.75,96.46,1,-1,-1,-1
241,25,-1.18,386.94,57.67,107.52,1,-1,-1,-1
241,26,1635.32,120.13,102.80,81.31,1,-1,-1,-1
241,27,303.22,119.88,94.43,79.32,1,-1,-1,-1
241,28,182.51,121.35,93.23,68.35,1,-1,-1,-1
241,30,1545.94,839.84,210.26,194.62,1,-1,-1,-1
241,32,1439.81,929.15,157.07,131.18,1,-1,-1,-1
243,23,1504.68,493.54,177.75,186.55,1,-1,-1,-1
243,25,-0.90,386.24,57.89,107.98,1,-1,-1,-1
243,26,1635.49,120.14,102.65,81.28,1,-1,-1,-1
243,27,303.23,119.71,94.40,79.13,1,-1,-1,-1
243,28,182.35,121.42,93.34,68.35,1,-1,-1,-1
243,30,1498.95,844.98,202.81,192.97,1,-1,-1,-1
243,32,1403.21,933.98,143.90,125.01,1,-1,-1,-1
245,23,1493.79,494.20,188.39,192.17,1,-1,-1,-1
245,25,-0.75,386.04,58.01,107.78,1,-1,-1,-1
245,26,1635.30,120.17,102.70,81.31,1,-1,-1,-1
245,27,303.20,119.53,94.39,78.77,1,-1,-1,-1
245,28,182.16,121.47,93.56,68.38,1,-1,-1,-1
245,30,1450.03,855.03,199.92,202.93,1,-1,-1,-1
245,32,1343.53,936.33,150.81,132.92,1,-1,-1,-1
247,23,1513.42,485.36,179.39,183.65,1,-1,-1,-1
247,24,1466.09,579.65,104.61,95.87,1,-1,-1,-1
247,25,-0.58,386.19,58.19,107.88,1,-1,-1,-1
247,26,1635.48,120.11,102.56,81.27,1,-1,-1,-1
247,27,303.18,119.46,94.37,78.41,1,-1,-1,-1
247,28,182.02,121.48,93.65,68.38,1,-1,-1,-1
247,30,1405.09,857.92,195.33,209.04,1,-1,-1,-1
249,23,1522.97,484.60,172.94,178.61,1,-1,-1,-1
249,24,1465.98,579.94,103.29,95.48,1,-1,-1,-1
249,25,-0.46,386.68,58.34,107.73,1,-1,-1,-1
249,26,1635.38,120.05,102.56,81.16,1,-1,-1,-1
249,27,303.18,119.62,94.37,78.32,1,-1,-1,-1
249,28,181.95,121.48,93.78,68.41,1,-1,-1,-1
249,30,1312.79,860.41,229.45,215.93,1,-1,-1,-1
251,23,1527.64,484.79,167.94,174.08,1,-1,-1,-1
251,24,1466.11,580.19,102.81,95.28,1,-1,-1,-1
251,25,-0.40,387.35,58.39,107.39,1,-1,-1,-1
251,26,1635.47,120.01,102.52,81.03,1,-1,-1,-1
251,27,303.17,119.66,94.32,78.22,1,-1,-1,-1
251,28,181.89,121.47,93.85,68.45,1,-1,-1,-1
251,30,1251.80,862.96,251.33,217.98,1,-1,-1,-1
253,23,1530.95,489.70,165.67,176.36,1,-1,-1,-1
253,24,1466.10,580.44,102.23,95.12,1,-1,-1,-1
253,25,-0.32,387.00,58.44,107.32,1,-1,-1,-1
253,26,1635.58,120.02,102.41,80.93,1,-1,-1,-1
253,27,303.19,119.74,94.32,78.22,1,-1,-1,-1
253,28,181.81,121.47,94.11,68.49,1,-1,-1,-1
253,30,1206.82,868.88,262.03,215.52,1,-1,-1,-1
255,23,1531.45,486.34,161.85,171.04,1,-1,-1,-1
255,24,1466.34,580.52,101.66,94.97,1,-1,-1,-1
255,25,-0.24,386.59,58.48,107.30,1,-1,-1,-1
255,26,1635.96,120.05,102.17,80.86,1,-1,-1,-1
255,27,303.20,119.79,94.36,78.24,1,-1,-1,-1
255,28,181.71,121.48,94.29,68.54,1,-1,-1,-1
255,30,1170.61,874.65,267.76,211.67,1,-1,-1,-1
257,23,1532.17,486.39,158.91,167.45,1,-1,-1,-1
257,24,1466.75,580.45,101.45,94.97,1,-1,-1,-1
257,25,-0.14,386.50,58.55,106.93,1,-1,-1,-1
257,26,1636.21,120.09,101.95,80.82,1,-1,-1,-1
257,27,303.23,119.78,94.39,78.21,1,-1,-1,-1
257,28,181.49,121.44,94.43,68.52,1,-1,-1,-1
257,30,1175.42,882.22,244.71,206.26,1,-1,-1,-1
259,23,1533.66,490.45,158.38,169.87,1,-1,-1,-1
259,24,1466.85,580.29,101.43,95.07,1,-1,-1,-1
259,25,-0.13,386.44,58.50,106.68,1,-1,-1,-1
259,26,1636.25,120.16,101.91,80.88,1,-1,-1,-1
259,27,303.21,119.76,94.39,78.16,1,-1,-1,-1
259,28,181.48,121.41,94.36,68.48,1,-1,-1,-1
259,30,1146.59,888.12,230.80,200.67,1,-1,-1,-1
261,23,1534.56,491.73,158.30,172.11,1,-1,-1,-1
261,24,1466.68,580.25,101.18,95.04,1,-1,-1,-1
261,25,-0.05,386.30,58.54,106.94,1,-1,-1,-1
261,26,1636.37,120.14,101.79,80.85,1,-1,-1,-1
261,27,303.19,119.57,94.34,77.86,1,-1,-1,-1
261,28,181.45,121.42,94.38,68.45,1,-1,-1,-1
261,30,1122.29,924.22,218.82,175.92,1,-1,-1,-1
263,23,1535.26,493.71,158.84,176.44,1,-1,-1,-1
263,24,1466.73,579.95,101.61,95.18,1,-1,-1,-1
263,25,0.04,385.82,58.60,106.89,1,-1,-1,-1
263,26,1636.26,120.17,101.82,80.92,1,-1,-1,-1
263,27,303.19,119.50,94.26,77.54,1,-1,-1,-1
263,28,181.46,121.48,94.59,68.50,1,-1,-1,-1
263,30,1084.49,919.20,207.49,172.11,1,-1,-1,-1
265,23,1535.49,493.72,159.23,179.72,1,-1,-1,-1
265,24,1466.71,580.18,101.29,95.12,1,-1,-1,-1
265,25,0.12,386.34,58.67,106.72,1,-1,-1,-1
265,26,1636.00,120.18,101.96,81.00,1,-1,-1,-1
265,27,303.20,119.47,94.20,77.21,1,-1,-1,-1
265,28,181.56,121.45,94.74,68.47,1,-1,-1,-1
265,30,1040.05,922.34,202.84,166.47,1,-1,-1,-1
265,33,388.40,423.96,140.91,135.04,1,-1,-1,-1
267,23,1535.65,493.00,159.54,182.42,1,-1,-1,-1
267,24,1466.72,580.50,101.00,94.95,1,-1,-1,-1
267,25,0.02,385.64,58.53,106.78,1,-1,-1,-1
267,26,1633.08,120.75,103.67,81.99,1,-1,-1,-1
267,27,302.94,119.62,94.25,76.90,1,-1,-1,-1
267,28,180.97,121.31,94.72,68.55,1,-1,-1,-1
267,33,391.78,422.50,134.92,129.28,1,-1,-1,-1
269,23,1535.44,491.54,159.71,183.50,1,-1,-1,-1
269,24,1467.06,580.29,102.34,95.13,1,-1,-1,-1
269,25,0.11,385.74,58.57,107.42,1,-1,-1,-1
269,26,1631.70,120.76,105.00,82.72,1,-1,-1,-1
269,27,302.85,119.76,94.27,76.72,1,-1,-1,-1
269,28,180.73,121.23,94.69,68.62,1,-1,-1,-1
269,33,396.18,423.42,136.69,127.89,1,-1,-1,-1
271,23,1535.42,490.42,159.65,183.78,1,-1,-1,-1
271,24,1466.78,580.30,103.03,95.18,1,-1,-1,-1
271,25,0.06,385.53,58.43,107.34,1,-1,-1,-1
271,26,1631.07,120.63,105.92,83.22,1,-1,-1,-1
271,27,302.85,119.76,94.24,76.46,1,-1,-1,-1
271,28,180.75,121.21,94.53,68.57,1,-1,-1,-1
271,33,400.74,423.61,138.07,127.28,1,-1,-1,-1
273,23,1534.92,491.70,160.10,186.98,1,-1,-1,-1
273,24,1467.60,580.44,104.19,95.19,1,-1,-1,-1
273,25,0.17,384.82,58.49,108.22,1,-1,-1,-1
273,26,1632.93,120.04,105.32,82.81,1,-1,-1,-1
273,27,303.03,120.08,94.33,76.67,1,-1,-1,-1
273,28,180.78,121.27,94.57,68.60,1,-1,-1,-1
273,33,392.24,434.47,111.02,115.08,1,-1,-1,-1
275,23,1534.93,491.60,160.32,189.33,1,-1,-1,-1
275,24,1467.42,580.30,104.77,95.25,1,-1,-1,-1
275,25,0.24,383.97,58.53,108.30,1,-1,-1,-1
275,26,1633.72,119.87,104.88,82.53,1,-1,-1,-1
275,27,303.09,120.08,94.35,76.73,1,-1,-1,-1
275,28,180.97,121.20,94.35,68.58,1,-1,-1,-1
277,23,1534.86,490.89,160.45,190.44,1,-1,-1,-1
277,24,1467.39,580.43,105.14,95.14,1,-1,-1,-1
277,25,0.30,384.26,58.62,108.63,1,-1,-1,-1
277,26,1634.44,119.87,104.32,82.32,1,-1,-1,-1
277,27,303.33,119.45,95.02,75.43,1,-1,-1,-1
277,28,181.19,121.14,94.23,68.50,1,-1,-1,-1
279,23,1534.59,490.16,160.59,191.16,1,-1,-1,-1
279,24,1467.67,580.50,106.09,95.17,1,-1,-1,-1
279,25,0.40,384.62,58.79,108.71,1,-1,-1,-1
279,26,1632.52,120.31,105.42,82.94,1,-1,-1,-1
279,27,303.27,119.45,95.46,74.50,1,-1,-1,-1
279,28,181.30,121.09,94.10,68.45,1,-1,-1,-1
281,23,1534.42,489.55,160.74,191.62,1,-1,-1,-1
281,24,1467.73,580.49,107.03,95.18,1,-1,-1,-1
281,25,0.36,384.84,58.84,108.83,1,-1,-1,-1
281,26,1631.43,120.40,106.36,83.46,1,-1,-1,-1
281,27,303.21,119.62,95.78,73.86,1,-1,-1,-1
281,28,181.34,121.10,93.93,68.42,1,-1,-1,-1
283,23,1534.50,489.07,160.74,191.19,1,-1,-1,-1
283,24,1466.95,580.11,107.89,95.66,1,-1,-1,-1
283,25,0.28,385.75,58.76,108.62,1,-1,-1,-1
283,26,1632.90,119.93,105.69,83.04,1,-1,-1,-1
283,27,302.79,120.41,95.30,74.60,1,-1,-1,-1
283,28,181.41,121.25,93.77,68.51,1,-1,-1,-1
285,23,1534.40,487.92,160.56,189.12,1,-1,-1,-1
285,24,1465.97,580.02,107.84,95.83,1,-1,-1,-1
285,25,0.23,386.47,58.65,108.46,1,-1,-1,-1
285,26,1633.70,119.80,105.14,82.71,1,-1,-1,-1
285,27,302.90,119.95,95.60,73.80,1,-1,-1,-1
285,28,181.38,121.33,93.82,68.63,1,-1,-1,-1
287,23,1534.33,487.01,160.18,186.26,1,-1,-1,-1
287,24,1465.58,579.87,107.66,95.88,1,-1,-1,-1
287,25,0.34,387.25,58.70,108.27,1,-1,-1,-1
287,26,1633.97,119.84,104.78,82.51,1,-1,-1,-1
287,27,302.80,120.38,95.17,74.31,1,-1,-1,-1
287,28,181.27,121.33,93.80,68.66,1,-1,-1,-1
287,34,516.27,996.13,165.88,84.40,1,-1,-1,-1
289,23,1504.89,490.99,177.48,192.61,1,-1,-1,-1
289,25,0.26,388.30,58.55,107.03,1,-1,-1,-1
289,26,1634.03,119.92,104.54,82.37,1,-1,-1,-1
289,27,302.93,120.52,94.85,74.79,1,-1,-1,-1
289,28,181.11,121.33,93.71,68.72,1,-1,-1,-1
289,34,492.68,993.80,172.67,86.65,1,-1,-1,-1
291,23,1491.17,492.33,189.83,196.21,1,-1,-1,-1
291,25,0.23,388.41,58.39,106.43,1,-1,-1,-1
291,26,1631.98,120.30,105.72,83.00,1,-1,-1,-1
291,27,303.01,120.54,94.59,75.24,1,-1,-1,-1
291,28,181.13,121.24,93.54,68.66,1,-1,-1,-1
291,34,480.32,987.68,181.79,91.91,1,-1,-1,-1
293,23,1512.75,485.92,181.36,190.01,1,-1,-1,-1
293,24,1466.30,579.34,107.95,96.30,1,-1,-1,-1
293,25,0.38,388.30,58.46,105.97,1,-1,-1,-1
293,26,1633.23,119.95,105.20,82.68,1,-1,-1,-1
293,27,303.08,120.47,94.38,75.58,1,-1,-1,-1
293,28,181.28,121.23,93.33,68.64,1,-1,-1,-1
293,34,468.65,980.50,192.75,98.49,1,-1,-1,-1
295,23,1522.34,483.73,174.91,184.02,1,-1,-1,-1
295,24,1466.40,579.19,108.32,96.60,1,-1,-1,-1
295,25,0.28,388.13,58.30,105.91,1,-1,-1,-1
295,26,1633.56,119.88,104.96,82.46,1,-1,-1,-1
295,27,303.24,119.82,94.99,74.54,1,-1,-1,-1
295,28,181.42,121.16,93.17,68.54,1,-1,-1,-1
295,34,457.43,971.78,199.81,105.80,1,-1,-1,-1
297,23,1527.25,484.35,169.93,179.97,1,-1,-1,-1
297,24,1466.01,579.14,107.82,96.66,1,-1,-1,-1
297,25,0.31,387.75,58.23,105.75,1,-1,-1,-1
297,26,1631.01,120.24,106.41,83.11,1,-1,-1,-1
297,27,303.06,120.30,94.72,75.03,1,-1,-1,-1
297,28,181.64,121.16,92.99,68.48,1,-1,-1,-1
297,34,448.88,963.15,206.15,113.51,1,-1,-1,-1
299,23,1529.02,483.58,164.81,174.11,1,-1,-1,-1
299,24,1465.71,579.40,107.38,96.44,1,-1,-1,-1
299,25,0.35,387.57,58.19,105.45,1,-1,-1,-1
299,26,1629.40,120.31,107.70,83.59,1,-1,-1,-1
299,27,303.06,120.47,94.45,75.50,1,-1,-1,-1
299,28,181.69,121.17,92.89,68.42,1,-1,-1,-1
299,34,438.08,954.93,205.66,120.42,1,-1,-1,-1
