2,1,938.90,223.81,166.28,163.73,1,-1,-1,-1
2,2,1142.85,241.47,167.30,166.33,1,-1,-1,-1
2,3,824.46,121.32,111.76,114.73,1,-1,-1,-1
2,4,1531.52,194.78,113.45,94.59,1,-1,-1,-1
3,1,939.83,213.34,163.93,181.26,1,-1,-1,-1
3,2,1141.28,234.94,160.05,186.78,1,-1,-1,-1
3,3,824.51,121.09,111.68,115.09,1,-1,-1,-1
3,4,1532.16,194.26,112.15,96.14,1,-1,-1,-1
3,6,1223.57,210.75,127.90,111.37,1,-1,-1,-1
4,1,939.27,210.66,164.57,181.30,1,-1,-1,-1
4,2,1129.44,247.88,166.09,174.04,1,-1,-1,-1
4,3,824.84,121.49,111.12,114.33,1,-1,-1,-1
4,4,1531.52,194.89,113.40,94.73,1,-1,-1,-1
4,6,1224.61,211.16,128.97,111.26,1,-1,-1,-1
5,1,941.76,206.85,151.42,183.15,1,-1,-1,-1
5,2,1117.77,256.21,173.13,168.50,1,-1,-1,-1
5,3,824.96,120.98,111.21,115.00,1,-1,-1,-1
5,4,1531.53,194.77,113.37,94.76,1,-1,-1,-1
5,6,1230.43,212.66,124.62,109.96,1,-1,-1,-1
6,1,936.71,206.27,165.14,182.73,1,-1,-1,-1
6,2,1111.07,259.17,179.67,172.35,1,-1,-1,-1
6,3,824.78,120.66,111.49,115.23,1,-1,-1,-1
6,4,1531.39,193.49,113.84,96.17,1,-1,-1,-1
6,6,1238.19,213.33,118.95,109.69,1,-1,-1,-1
7,1,938.59,206.33,160.53,181.87,1,-1,-1,-1
7,2,1109.21,255.51,183.45,179.71,1,-1,-1,-1
7,3,824.50,120.57,111.59,115.26,1,-1,-1,-1
7,4,1532.45,193.05,112.11,96.73,1,-1,-1,-1
7,6,1238.98,213.86,121.29,108.68,1,-1,-1,-1
8,1,938.52,206.37,159.83,181.63,1,-1,-1,-1
8,2,1109.37,255.72,186.04,182.54,1,-1,-1,-1
8,3,824.08,120.19,112.00,115.76,1,-1,-1,-1
8,4,1531.59,193.18,113.77,96.00,1,-1,-1,-1
8,6,1238.25,212.74,122.23,109.31,1,-1,-1,-1
9,1,937.85,206.68,161.94,181.61,1,-1,-1,-1
9,2,1114.05,259.75,182.86,175.77,1,-1,-1,-1
9,3,824.40,118.41,111.50,117.91,1,-1,-1,-1
9,4,1532.65,192.82,111.95,96.75,1,-1,-1,-1
9,5,1222.99,0.04,140.54,109.79,1,-1,-1,-1
9,6,1234.50,211.92,126.20,109.89,1,-1,-1,-1
10,1,939.67,205.36,152.60,183.57,1,-1,-1,-1
10,2,1115.78,256.58,184.31,178.94,1,-1,-1,-1
10,3,824.80,118.63,110.95,117.06,1,-1,-1,-1
10,4,1532.72,192.95,111.94,96.67,1,-1,-1,-1
10,5,1222.90,0.01,141.18,109.68,1,-1,-1,-1
10,6,1229.38,210.64,131.10,111.05,1,-1,-1,-1
11,1,935.00,243.54,168.28,136.31,1,-1,-1,-1
11,2,1118.51,255.46,182.80,177.99,1,-1,-1,-1
11,3,824.64,118.58,111.34,117.10,1,-1,-1,-1
11,4,1531.74,194.49,113.40,94.62,1,-1,-1,-1
11,6,1225.62,209.05,133.89,112.52,1,-1,-1,-1
12,1,936.97,252.53,168.31,135.67,1,-1,-1,-1
12,2,1125.04,259.10,176.82,173.96,1,-1,-1,-1
12,3,824.73,118.51,111.29,117.25,1,-1,-1,-1
12,4,1531.64,194.84,113.31,94.55,1,-1,-1,-1
12,5,1223.28,-0.06,140.54,109.86,1,-1,-1,-1
12,6,1223.61,207.36,135.16,114.01,1,-1,-1,-1
13,1,938.01,244.92,168.32,150.62,1,-1,-1,-1
13,2,1128.14,256.96,176.21,177.49,1,-1,-1,-1
13,3,824.37,119.69,111.62,115.81,1,-1,-1,-1
13,4,1531.54,195.00,113.37,94.53,1,-1,-1,-1
13,5,1223.38,0.02,140.33,109.59,1,-1,-1,-1
13,6,1221.37,205.60,137.79,115.68,1,-1,-1,-1
14,1,938.49,246.47,168.34,147.41,1,-1,-1,-1
14,2,1136.68,259.99,169.03,171.49,1,-1,-1,-1
14,3,824.50,118.53,110.88,117.61,1,-1,-1,-1
14,4,1531.55,195.05,113.28,94.60,1,-1,-1,-1
14,5,1223.39,0.19,140.14,108.63,1,-1,-1,-1
14,6,1222.05,203.30,137.49,117.80,1,-1,-1,-1
15,1,938.99,223.52,167.40,175.54,1,-1,-1,-1
15,2,1140.70,259.41,169.69,172.50,1,-1,-1,-1
15,3,823.75,118.03,111.82,117.91,1,-1,-1,-1
15,4,1531.29,195.13,113.82,94.44,1,-1,-1,-1
15,5,1223.45,0.38,139.43,106.93,1,-1,-1,-1
15,6,1219.45,201.60,142.09,118.80,1,-1,-1,-1
16,1,938.92,221.91,167.15,170.77,1,-1,-1,-1
16,2,1149.36,261.79,163.01,165.08,1,-1,-1,-1
16,3,824.79,117.59,110.22,118.18,1,-1,-1,-1
16,4,1531.51,195.12,113.47,94.28,1,-1,-1,-1
16,5,1223.36,-0.03,139.07,107.22,1,-1,-1,-1
16,6,1224.12,202.80,137.21,115.95,1,-1,-1,-1
17,1,939.73,210.14,162.92,181.61,1,-1,-1,-1
17,2,1152.88,266.48,162.33,159.21,1,-1,-1,-1
17,3,825.28,117.01,109.06,119.06,1,-1,-1,-1
17,4,1532.10,194.75,112.12,96.44,1,-1,-1,-1
17,5,1223.15,-0.51,139.56,108.95,1,-1,-1,-1
17,6,1229.99,204.07,133.19,114.51,1,-1,-1,-1
18,1,938.46,211.18,167.84,175.45,1,-1,-1,-1
18,2,1153.98,266.53,167.34,157.47,1,-1,-1,-1
18,3,826.62,118.49,105.25,117.46,1,-1,-1,-1
18,4,1531.57,195.40,113.16,94.54,1,-1,-1,-1
18,5,1223.05,-0.81,140.31,111.67,1,-1,-1,-1
18,6,1231.58,204.25,135.72,112.26,1,-1,-1,-1
19,1,938.01,240.78,168.90,139.35,1,-1,-1,-1
19,2,1153.80,264.20,173.27,161.36,1,-1,-1,-1
19,3,823.88,118.30,107.27,118.20,1,-1,-1,-1
19,5,1223.58,0.26,139.61,109.48,1,-1,-1,-1
19,6,1237.01,202.94,131.68,112.29,1,-1,-1,-1
20,1,937.99,242.74,168.64,146.18,1,-1,-1,-1
20,2,1154.53,264.05,176.48,161.69,1,-1,-1,-1
20,3,822.46,118.22,108.45,118.47,1,-1,-1,-1
20,4,1531.95,194.88,112.28,97.07,1,-1,-1,-1
20,6,1239.18,202.87,132.19,111.27,1,-1,-1,-1
21,1,937.59,253.23,169.05,138.20,1,-1,-1,-1
21,2,1155.57,263.64,179.15,162.46,1,-1,-1,-1
21,3,818.61,121.11,112.84,115.09,1,-1,-1,-1
21,4,1531.42,195.38,113.38,94.97,1,-1,-1,-1
21,5,1223.81,0.15,140.03,109.72,1,-1,-1,-1
21,6,1241.68,203.91,132.61,111.55,1,-1,-1,-1
22,1,939.44,218.74,166.95,181.98,1,-1,-1,-1
22,2,1158.69,256.59,178.32,170.72,1,-1,-1,-1
22,3,818.83,121.95,111.27,114.99,1,-1,-1,-1
22,4,1531.42,194.82,113.31,95.31,1,-1,-1,-1
22,6,1245.08,205.22,131.64,111.44,1,-1,-1,-1
23,1,939.84,210.77,166.96,182.12,1,-1,-1,-1
23,2,1163.64,261.70,173.91,160.69,1,-1,-1,-1
23,3,818.76,122.00,111.18,115.29,1,-1,-1,-1
23,4,1532.15,194.43,111.88,96.87,1,-1,-1,-1
23,6,1255.97,206.57,121.05,110.34,1,-1,-1,-1
24,1,938.41,244.12,168.77,136.63,1,-1,-1,-1
24,2,1157.15,216.55,215.35,220.88,1,-1,-1,-1
24,3,819.06,121.44,110.91,115.73,1,-1,-1,-1
25,1,939.30,213.94,167.96,181.25,1,-1,-1,-1
25,2,1176.43,255.43,173.42,164.94,1,-1,-1,-1
25,3,821.31,120.41,108.32,116.79,1,-1,-1,-1
25,4,1532.23,194.84,111.84,96.62,1,-1,-1,-1
25,6,1257.48,207.11,128.65,111.42,1,-1,-1,-1
26,1,938.85,208.43,167.79,182.39,1,-1,-1,-1
26,2,1172.80,216.51,202.14,224.40,1,-1,-1,-1
26,3,822.44,119.75,107.85,116.23,1,-1,-1,-1
26,4,1532.32,194.62,111.76,97.23,1,-1,-1,-1
27,1,938.32,243.79,168.68,136.14,1,-1,-1,-1
27,2,1192.68,253.26,159.10,172.79,1,-1,-1,-1
27,3,827.29,119.30,102.73,115.78,1,-1,-1,-1
27,4,1532.26,194.92,112.16,96.97,1,-1,-1,-1
27,6,1268.89,207.69,124.07,110.92,1,-1,-1,-1
28,1,938.33,215.48,168.28,181.10,1,-1,-1,-1
28,2,1142.43,244.39,223.20,193.19,1,-1,-1,-1
28,3,827.54,118.27,104.09,117.02,1,-1,-1,-1
28,4,1532.61,195.20,111.54,95.88,1,-1,-1,-1
28,6,1268.39,208.61,129.78,109.51,1,-1,-1,-1
29,1,938.19,211.67,168.43,181.48,1,-1,-1,-1
29,2,1136.19,245.89,220.57,193.20,1,-1,-1,-1
29,3,829.89,119.47,101.48,116.64,1,-1,-1,-1
29,4,1532.39,195.14,111.92,96.51,1,-1,-1,-1
29,6,1273.70,208.42,125.44,109.23,1,-1,-1,-1
30,1,938.43,212.45,168.25,178.48,1,-1,-1,-1
30,2,1140.13,253.28,213.67,186.11,1,-1,-1,-1
30,3,826.17,121.48,108.31,113.85,1,-1,-1,-1
30,4,1532.73,195.33,111.56,95.49,1,-1,-1,-1
30,6,1275.55,207.56,125.85,108.86,1,-1,-1,-1
31,1,938.17,228.79,168.71,157.29,1,-1,-1,-1
31,2,1137.15,259.78,222.46,186.36,1,-1,-1,-1
31,3,827.95,120.66,106.64,115.19,1,-1,-1,-1
31,4,1532.56,194.98,111.91,96.07,1,-1,-1,-1
31,6,1273.30,205.94,130.53,110.38,1,-1,-1,-1
32,1,938.19,243.44,168.73,143.19,1,-1,-1,-1
32,2,1131.87,253.43,235.40,199.92,1,-1,-1,-1
32,3,827.07,119.80,108.33,116.28,1,-1,-1,-1
32,4,1531.82,195.08,113.27,95.18,1,-1,-1,-1
32,6,1276.42,205.64,125.42,110.33,1,-1,-1,-1
33,1,938.27,250.39,168.91,139.71,1,-1,-1,-1
33,2,1135.51,240.27,237.67,218.57,1,-1,-1,-1
33,3,825.40,121.79,109.70,115.04,1,-1,-1,-1
33,4,1532.67,194.75,111.59,95.67,1,-1,-1,-1
34,1,938.93,252.54,167.82,141.12,1,-1,-1,-1
34,2,1134.59,237.34,247.15,221.98,1,-1,-1,-1
34,3,824.03,121.71,112.61,114.37,1,-1,-1,-1
34,4,1532.68,194.69,111.56,95.87,1,-1,-1,-1
35,1,938.43,254.18,168.93,139.51,1,-1,-1,-1
35,2,1151.37,241.31,232.15,215.79,1,-1,-1,-1
35,3,828.61,117.41,110.65,117.87,1,-1,-1,-1
35,4,1531.64,194.87,113.44,95.14,1,-1,-1,-1
36,1,941.32,224.19,165.84,175.84,1,-1,-1,-1
36,2,1156.99,253.25,187.13,154.92,1,-1,-1,-1
36,3,824.27,116.87,120.84,116.62,1,-1,-1,-1
36,4,1532.40,193.59,112.01,96.96,1,-1,-1,-1
36,6,1270.82,206.36,130.82,111.55,1,-1,-1,-1
37,1,939.71,243.53,167.79,144.30,1,-1,-1,-1
37,2,1150.39,241.73,168.09,157.42,1,-1,-1,-1
37,3,827.11,113.78,118.45,119.81,1,-1,-1,-1
37,4,1532.43,193.51,111.90,97.00,1,-1,-1,-1
37,6,1270.24,206.61,130.69,110.95,1,-1,-1,-1
37,7,1226.29,320.84,184.65,148.02,1,-1,-1,-1
38,1,938.66,213.76,169.81,183.04,1,-1,-1,-1
38,3,824.54,111.79,123.92,121.58,1,-1,-1,-1
38,4,1532.35,193.32,112.03,97.26,1,-1,-1,-1
38,7,1179.62,274.39,260.22,225.17,1,-1,-1,-1
39,1,939.22,219.09,167.96,170.54,1,-1,-1,-1
39,2,1144.57,244.96,162.46,145.12,1,-1,-1,-1
39,3,825.27,111.13,123.21,121.66,1,-1,-1,-1
39,4,1532.39,193.41,112.04,97.10,1,-1,-1,-1
39,6,1269.51,206.60,131.14,111.29,1,-1,-1,-1
39,7,1216.90,307.62,190.93,163.41,1,-1,-1,-1
40,1,938.80,242.06,168.51,141.34,1,-1,-1,-1
40,2,1145.47,246.14,162.24,142.42,1,-1,-1,-1
40,3,826.46,110.70,122.23,121.59,1,-1,-1,-1
40,4,1532.38,193.52,112.13,96.85,1,-1,-1,-1
40,6,1269.29,206.53,131.41,112.07,1,-1,-1,-1
40,7,1222.15,303.06,191.39,174.38,1,-1,-1,-1
41,1,939.08,226.51,167.78,167.99,1,-1,-1,-1
41,2,1142.17,245.07,167.01,144.30,1,-1,-1,-1
41,3,826.76,109.97,122.40,122.78,1,-1,-1,-1
41,4,1532.21,194.76,111.97,96.28,1,-1,-1,-1
41,6,1268.24,206.64,132.79,112.41,1,-1,-1,-1
41,7,1228.16,300.70,194.06,183.01,1,-1,-1,-1
42,1,938.63,245.90,168.65,141.27,1,-1,-1,-1
42,2,1147.69,244.86,164.72,145.59,1,-1,-1,-1
42,3,825.74,110.31,123.83,122.92,1,-1,-1,-1
42,4,1532.03,195.18,112.03,96.49,1,-1,-1,-1
42,6,1267.64,206.81,133.42,111.91,1,-1,-1,-1
42,7,1236.49,301.84,189.97,185.58,1,-1,-1,-1
43,1,938.82,226.43,168.33,170.18,1,-1,-1,-1
43,2,1141.21,242.88,185.19,157.27,1,-1,-1,-1
43,3,825.57,110.68,122.12,122.84,1,-1,-1,-1
43,4,1531.91,195.46,112.17,96.56,1,-1,-1,-1
43,6,1269.21,206.78,131.24,111.88,1,-1,-1,-1
43,7,1245.64,311.39,181.68,174.88,1,-1,-1,-1
44,1,938.84,233.18,168.02,157.90,1,-1,-1,-1
44,2,1141.31,241.46,191.86,163.82,1,-1,-1,-1
44,3,824.46,110.35,123.55,123.84,1,-1,-1,-1
44,4,1531.82,195.62,112.33,96.50,1,-1,-1,-1
44,6,1270.85,206.51,129.46,113.16,1,-1,-1,-1
44,7,1252.75,321.27,178.15,171.30,1,-1,-1,-1
45,1,938.74,228.75,168.13,164.16,1,-1,-1,-1
45,2,1138.98,241.46,197.12,164.44,1,-1,-1,-1
45,3,823.93,112.67,124.09,121.19,1,-1,-1,-1
45,4,1532.28,195.76,111.87,95.19,1,-1,-1,-1
45,6,1268.92,206.66,132.59,112.84,1,-1,-1,-1
45,7,1258.87,327.82,177.25,170.76,1,-1,-1,-1
46,1,939.18,211.74,168.66,183.01,1,-1,-1,-1
46,2,1146.91,239.33,172.12,165.79,1,-1,-1,-1
46,3,823.57,113.10,124.28,121.38,1,-1,-1,-1
46,4,1532.36,195.43,111.97,95.17,1,-1,-1,-1
46,6,1268.73,206.60,132.15,112.98,1,-1,-1,-1
46,7,1264.17,331.82,176.87,169.21,1,-1,-1,-1
47,1,938.68,243.32,169.16,139.32,1,-1,-1,-1
47,2,1148.35,244.38,163.75,157.86,1,-1,-1,-1
47,3,823.27,113.02,124.56,121.81,1,-1,-1,-1
47,4,1532.59,195.39,111.78,94.70,1,-1,-1,-1
47,6,1269.48,206.70,130.78,112.46,1,-1,-1,-1
47,7,1270.55,347.96,172.82,147.49,1,-1,-1,-1
48,1,938.62,251.69,168.92,136.46,1,-1,-1,-1
48,2,1155.10,249.08,152.86,151.90,1,-1,-1,-1
48,3,823.23,112.78,124.67,122.27,1,-1,-1,-1
48,4,1532.65,195.18,111.60,94.98,1,-1,-1,-1
48,6,1268.60,206.46,132.15,112.99,1,-1,-1,-1
48,7,1272.45,335.52,175.88,164.06,1,-1,-1,-1
49,1,938.53,248.34,168.85,145.47,1,-1,-1,-1
49,2,1157.16,250.48,151.63,151.23,1,-1,-1,-1
49,3,823.15,111.74,123.96,123.80,1,-1,-1,-1
49,4,1531.58,195.12,113.49,94.76,1,-1,-1,-1
49,6,1267.00,206.45,134.03,112.97,1,-1,-1,-1
49,7,1274.66,315.44,180.51,188.50,1,-1,-1,-1
50,1,939.04,233.04,167.63,165.11,1,-1,-1,-1
50,2,1152.72,252.10,164.81,152.25,1,-1,-1,-1
50,3,823.70,111.44,123.60,123.77,1,-1,-1,-1
50,4,1531.46,194.54,113.54,95.56,1,-1,-1,-1
50,6,1270.04,206.71,129.75,111.72,1,-1,-1,-1
50,7,1275.34,324.32,190.76,173.63,1,-1,-1,-1
51,1,938.99,234.16,167.67,159.29,1,-1,-1,-1
51,2,1156.63,254.36,163.20,151.59,1,-1,-1,-1
51,3,822.43,110.01,128.56,126.36,1,-1,-1,-1
51,6,1269.49,206.55,131.37,111.46,1,-1,-1,-1
51,7,1280.40,316.80,190.78,186.58,1,-1,-1,-1
52,1,939.00,239.57,167.59,151.03,1,-1,-1,-1
52,2,1161.96,256.68,160.78,149.38,1,-1,-1,-1
52,3,822.99,109.84,129.56,127.55,1,-1,-1,-1
52,4,1530.30,194.42,114.39,99.65,1,-1,-1,-1
52,6,1269.32,206.49,131.82,110.98,1,-1,-1,-1
52,7,1277.60,328.94,201.71,174.37,1,-1,-1,-1
53,1,939.02,253.45,167.60,134.59,1,-1,-1,-1
53,2,1163.44,255.65,174.49,159.43,1,-1,-1,-1
53,3,824.98,110.72,127.24,126.72,1,-1,-1,-1
53,4,1531.76,195.84,112.08,95.90,1,-1,-1,-1
53,6,1270.30,206.45,130.34,110.76,1,-1,-1,-1
53,7,1281.45,346.80,200.60,158.40,1,-1,-1,-1
54,1,939.04,254.93,167.61,136.64,1,-1,-1,-1
54,2,1166.29,260.29,186.49,158.79,1,-1,-1,-1
54,3,825.74,110.96,126.64,126.45,1,-1,-1,-1
54,4,1531.77,195.51,112.31,95.93,1,-1,-1,-1
54,6,1273.80,206.36,125.95,111.46,1,-1,-1,-1
54,7,1285.17,351.79,198.59,158.24,1,-1,-1,-1
55,1,939.78,218.11,167.91,183.16,1,-1,-1,-1
55,2,1174.18,261.07,185.66,161.74,1,-1,-1,-1
55,3,827.09,110.62,129.19,128.27,1,-1,-1,-1
55,4,1531.79,195.27,112.27,96.06,1,-1,-1,-1
55,6,1271.50,206.33,129.74,111.89,1,-1,-1,-1
55,7,1290.20,356.30,193.13,158.13,1,-1,-1,-1
56,1,940.85,210.76,167.21,182.12,1,-1,-1,-1
56,2,1180.15,262.20,185.44,165.00,1,-1,-1,-1
56,3,830.87,111.75,126.51,127.17,1,-1,-1,-1
56,4,1531.74,195.29,112.88,94.79,1,-1,-1,-1
56,6,1273.27,206.70,126.96,111.32,1,-1,-1,-1
56,7,1296.48,350.65,186.08,170.79,1,-1,-1,-1
57,1,939.86,236.50,167.89,146.40,1,-1,-1,-1
57,2,1186.85,261.46,170.88,166.56,1,-1,-1,-1
57,3,832.33,112.56,127.66,127.02,1,-1,-1,-1
57,4,1531.98,194.72,112.33,96.26,1,-1,-1,-1
57,6,1272.93,206.61,127.56,111.44,1,-1,-1,-1
57,7,1303.93,349.66,176.08,169.81,1,-1,-1,-1
58,1,939.31,230.82,168.13,160.15,1,-1,-1,-1
58,2,1205.84,300.46,163.90,124.33,1,-1,-1,-1
58,3,839.34,114.71,123.53,126.48,1,-1,-1,-1
58,4,1532.07,194.91,112.26,96.06,1,-1,-1,-1
58,6,1237.53,202.39,172.77,131.56,1,-1,-1,-1
58,7,1310.55,353.13,170.94,164.66,1,-1,-1,-1
59,1,939.01,234.62,168.15,156.36,1,-1,-1,-1
59,2,1207.98,312.16,167.53,122.90,1,-1,-1,-1
59,3,844.07,119.20,122.51,122.47,1,-1,-1,-1
59,4,1532.07,195.00,112.30,96.04,1,-1,-1,-1
59,6,1240.08,201.87,160.23,151.35,1,-1,-1,-1
59,7,1316.88,345.91,169.70,173.33,1,-1,-1,-1
60,1,938.81,245.93,168.24,143.35,1,-1,-1,-1
60,2,1220.39,320.99,148.14,121.09,1,-1,-1,-1
60,3,847.08,120.36,123.07,122.87,1,-1,-1,-1
60,4,1531.89,195.01,112.65,96.21,1,-1,-1,-1
60,6,1239.48,207.49,159.70,148.96,1,-1,-1,-1
60,7,1319.91,341.02,171.01,179.31,1,-1,-1,-1
61,1,938.75,250.49,168.23,140.87,1,-1,-1,-1
61,2,1224.18,324.13,149.55,127.30,1,-1,-1,-1
61,3,850.06,115.62,122.41,130.49,1,-1,-1,-1
61,6,1254.72,217.30,140.02,110.09,1,-1,-1,-1
61,7,1316.47,337.03,181.33,182.77,1,-1,-1,-1
62,1,938.75,252.21,168.23,140.63,1,-1,-1,-1
62,3,851.02,116.06,127.19,129.46,1,-1,-1,-1
62,6,1255.76,210.46,143.08,112.52,1,-1,-1,-1
62,7,1241.26,323.23,281.84,201.02,1,-1,-1,-1
63,1,938.61,242.82,168.44,153.09,1,-1,-1,-1
63,3,852.59,117.59,127.80,128.17,1,-1,-1,-1
63,4,1531.28,194.99,113.71,94.28,1,-1,-1,-1
63,6,1256.15,207.30,144.61,112.07,1,-1,-1,-1
63,7,1225.47,320.37,282.13,196.12,1,-1,-1,-1
64,1,938.58,228.32,168.56,168.56,1,-1,-1,-1
64,2,1212.79,324.80,165.32,118.89,1,-1,-1,-1
64,3,854.63,122.03,127.14,123.19,1,-1,-1,-1
64,4,1531.47,194.74,113.42,94.33,1,-1,-1,-1
64,6,1257.02,205.73,144.04,111.71,1,-1,-1,-1
64,7,1290.69,335.89,199.27,180.45,1,-1,-1,-1
65,1,938.44,215.67,168.83,179.85,1,-1,-1,-1
65,2,1206.49,316.77,178.08,130.14,1,-1,-1,-1
65,3,856.78,121.99,129.54,125.51,1,-1,-1,-1
65,4,1532.24,194.51,111.90,95.68,1,-1,-1,-1
65,6,1255.43,204.78,146.52,113.35,1,-1,-1,-1
65,7,1308.70,362.58,198.34,160.81,1,-1,-1,-1
66,1,938.29,208.84,169.12,183.38,1,-1,-1,-1
66,2,1210.29,297.37,178.34,148.09,1,-1,-1,-1
66,3,860.59,121.97,129.43,126.66,1,-1,-1,-1
66,4,1531.29,194.03,113.81,95.47,1,-1,-1,-1
66,6,1256.95,205.12,144.22,113.23,1,-1,-1,-1
66,7,1319.86,358.77,201.61,180.12,1,-1,-1,-1
67,1,938.41,208.11,168.85,181.76,1,-1,-1,-1
67,2,1204.08,283.64,199.69,158.41,1,-1,-1,-1
67,3,862.42,129.49,133.18,118.08,1,-1,-1,-1
67,4,1532.07,193.62,112.36,96.73,1,-1,-1,-1
67,6,1256.59,205.48,144.88,113.54,1,-1,-1,-1
67,7,1331.59,364.99,193.25,176.95,1,-1,-1,-1
68,1,938.49,212.09,168.69,176.74,1,-1,-1,-1
68,2,1212.90,283.56,191.00,151.36,1,-1,-1,-1
68,3,865.94,125.32,132.43,125.85,1,-1,-1,-1
68,4,1531.60,193.91,113.53,95.17,1,-1,-1,-1
68,6,1255.22,205.95,146.41,113.21,1,-1,-1,-1
69,1,938.48,210.36,168.76,180.34,1,-1,-1,-1
69,2,1221.65,309.58,171.75,117.54,1,-1,-1,-1
69,3,866.69,128.21,134.68,122.01,1,-1,-1,-1
69,4,1532.71,193.41,111.63,95.79,1,-1,-1,-1
69,6,1254.12,206.12,147.30,113.24,1,-1,-1,-1
69,7,1348.84,349.91,184.48,201.49,1,-1,-1,-1
70,1,938.47,209.77,168.78,181.36,1,-1,-1,-1
70,2,1224.36,302.97,168.76,141.70,1,-1,-1,-1
70,3,867.08,125.69,138.12,126.24,1,-1,-1,-1
70,4,1531.63,193.54,113.48,95.54,1,-1,-1,-1
70,6,1254.02,206.24,146.92,113.26,1,-1,-1,-1
70,7,1355.30,382.62,180.74,159.42,1,-1,-1,-1
71,1,938.43,210.92,168.92,180.10,1,-1,-1,-1
71,2,1227.76,304.76,167.46,139.34,1,-1,-1,-1
71,3,869.71,125.89,137.02,124.48,1,-1,-1,-1
71,4,1531.51,194.70,113.30,94.20,1,-1,-1,-1
71,6,1253.90,206.39,146.93,113.03,1,-1,-1,-1
71,7,1360.42,383.31,180.19,165.53,1,-1,-1,-1
72,1,938.24,211.27,169.21,179.98,1,-1,-1,-1
72,2,1220.70,309.87,179.37,136.44,1,-1,-1,-1
72,3,871.17,125.15,136.19,124.97,1,-1,-1,-1
72,4,1531.50,194.76,113.10,94.62,1,-1,-1,-1
72,6,1254.37,206.20,146.37,113.95,1,-1,-1,-1
72,7,1362.90,368.77,187.73,189.86,1,-1,-1,-1
73,1,938.18,211.22,169.22,180.33,1,-1,-1,-1
73,2,1235.35,318.34,144.07,114.47,1,-1,-1,-1
73,3,870.81,124.27,137.82,126.67,1,-1,-1,-1
73,4,1532.47,194.79,111.31,95.21,1,-1,-1,-1
73,6,1254.36,206.32,146.60,114.15,1,-1,-1,-1
73,7,1369.97,364.20,185.90,194.62,1,-1,-1,-1
74,1,938.10,210.97,169.36,180.70,1,-1,-1,-1
74,2,1224.08,311.56,189.66,136.31,1,-1,-1,-1
74,3,871.53,124.73,135.52,125.75,1,-1,-1,-1
74,4,1532.28,194.93,111.80,95.35,1,-1,-1,-1
74,6,1254.42,206.54,146.59,113.81,1,-1,-1,-1
74,7,1371.96,379.01,194.12,178.46,1,-1,-1,-1
75,1,938.19,210.49,169.24,181.49,1,-1,-1,-1
75,2,1223.46,299.81,190.52,151.99,1,-1,-1,-1
75,3,871.86,124.27,134.75,126.69,1,-1,-1,-1
75,4,1532.59,195.13,111.48,94.83,1,-1,-1,-1
75,6,1256.36,206.39,144.22,113.68,1,-1,-1,-1
75,7,1378.27,377.33,197.09,188.08,1,-1,-1,-1
76,1,938.25,210.89,169.13,180.84,1,-1,-1,-1
76,2,1219.60,292.06,191.98,157.16,1,-1,-1,-1
76,3,871.43,124.40,134.28,126.77,1,-1,-1,-1
76,4,1532.70,195.11,111.42,94.78,1,-1,-1,-1
76,6,1256.41,206.33,144.67,113.38,1,-1,-1,-1
76,7,1383.25,382.48,200.73,186.21,1,-1,-1,-1
77,1,938.25,210.74,169.16,181.26,1,-1,-1,-1
77,3,869.87,126.66,135.34,124.13,1,-1,-1,-1
77,4,1532.49,195.00,111.81,94.98,1,-1,-1,-1
77,6,1256.65,206.16,144.52,113.51,1,-1,-1,-1
77,7,1387.10,392.86,207.27,185.23,1,-1,-1,-1
78,1,938.28,211.19,169.12,180.80,1,-1,-1,-1
78,2,1221.18,301.27,193.92,145.27,1,-1,-1,-1
78,3,868.20,126.81,136.85,124.58,1,-1,-1,-1
78,4,1532.44,195.20,111.83,94.37,1,-1,-1,-1
78,6,1256.72,206.01,144.58,113.92,1,-1,-1,-1
78,7,1390.04,411.30,213.11,172.88,1,-1,-1,-1
78,8,1224.36,0.08,143.80,110.72,1,-1,-1,-1
79,1,938.15,209.74,169.31,182.34,1,-1,-1,-1
79,2,1227.26,299.80,187.60,159.89,1,-1,-1,-1
79,3,867.17,127.02,137.39,124.77,1,-1,-1,-1
79,4,1532.18,195.01,111.89,94.98,1,-1,-1,-1
79,6,1256.74,206.18,144.52,113.36,1,-1,-1,-1
79,7,1394.82,410.36,213.76,185.84,1,-1,-1,-1
79,8,1224.32,-0.04,144.18,110.99,1,-1,-1,-1
80,1,938.05,208.37,169.51,183.16,1,-1,-1,-1
80,2,1225.93,288.63,183.82,179.40,1,-1,-1,-1
80,3,866.59,127.32,137.59,124.65,1,-1,-1,-1
80,4,1531.86,195.09,112.40,94.81,1,-1,-1,-1
80,6,1255.83,206.17,145.26,113.41,1,-1,-1,-1
80,7,1398.55,389.80,213.33,217.84,1,-1,-1,-1
80,8,1225.32,0.06,143.01,110.73,1,-1,-1,-1
81,1,938.06,207.73,169.50,183.34,1,-1,-1,-1
81,3,866.40,127.30,137.57,124.77,1,-1,-1,-1
81,4,1532.01,195.14,112.12,94.95,1,-1,-1,-1
81,6,1254.89,206.09,145.83,114.16,1,-1,-1,-1
81,7,1404.32,390.72,210.34,215.25,1,-1,-1,-1
81,8,1225.72,-0.00,143.26,110.82,1,-1,-1,-1
82,1,938.06,207.54,169.45,183.23,1,-1,-1,-1
82,2,1206.82,294.45,215.21,159.50,1,-1,-1,-1
82,3,866.27,127.14,137.82,124.93,1,-1,-1,-1
82,4,1532.11,195.34,112.13,94.44,1,-1,-1,-1
82,6,1254.91,206.26,145.39,114.26,1,-1,-1,-1
82,7,1413.60,403.68,199.13,198.46,1,-1,-1,-1
82,8,1226.08,0.04,143.25,110.62,1,-1,-1,-1
83,1,938.07,207.11,169.43,183.84,1,-1,-1,-1
83,3,866.89,127.21,136.48,124.50,1,-1,-1,-1
83,4,1531.98,195.22,112.39,94.92,1,-1,-1,-1
83,6,1255.34,206.44,144.85,114.11,1,-1,-1,-1
83,7,1420.57,430.40,194.95,168.27,1,-1,-1,-1
83,8,1226.29,-0.10,143.61,111.12,1,-1,-1,-1
84,1,938.10,207.66,169.41,183.14,1,-1,-1,-1
84,3,866.80,127.11,135.34,124.08,1,-1,-1,-1
84,4,1531.91,195.36,112.49,94.61,1,-1,-1,-1
84,6,1255.50,206.47,144.77,114.16,1,-1,-1,-1
84,7,1429.71,436.76,187.50,175.63,1,-1,-1,-1
84,8,1226.52,0.07,143.52,110.62,1,-1,-1,-1
85,1,938.14,207.41,169.38,183.83,1,-1,-1,-1
85,2,1212.62,286.02,212.57,167.39,1,-1,-1,-1
85,3,865.30,126.28,137.31,124.76,1,-1,-1,-1
85,4,1531.89,195.32,112.47,94.85,1,-1,-1,-1
85,6,1254.41,206.37,146.27,114.29,1,-1,-1,-1
85,7,1437.57,421.40,183.98,203.80,1,-1,-1,-1
85,8,1226.49,0.02,143.71,110.64,1,-1,-1,-1
86,1,938.13,207.74,169.46,183.62,1,-1,-1,-1
86,2,1216.26,284.82,204.68,173.34,1,-1,-1,-1
86,3,864.97,125.40,137.02,125.05,1,-1,-1,-1
86,4,1531.88,195.26,112.49,95.11,1,-1,-1,-1
86,6,1254.42,206.33,146.07,114.23,1,-1,-1,-1
86,7,1442.95,432.18,183.57,189.09,1,-1,-1,-1
86,8,1226.54,0.02,143.55,110.53,1,-1,-1,-1
87,1,938.12,207.04,169.46,184.58,1,-1,-1,-1
87,2,1222.14,289.63,193.19,167.15,1,-1,-1,-1
87,3,865.31,124.55,135.70,124.69,1,-1,-1,-1
87,4,1531.97,195.29,112.19,95.25,1,-1,-1,-1
87,6,1255.06,206.25,145.15,114.42,1,-1,-1,-1
87,7,1447.15,434.48,181.73,188.07,1,-1,-1,-1
87,8,1226.62,-0.08,143.10,110.90,1,-1,-1,-1
88,1,938.09,206.32,169.49,185.18,1,-1,-1,-1
88,2,1229.51,291.21,176.71,165.41,1,-1,-1,-1
88,3,864.87,121.76,134.97,127.07,1,-1,-1,-1
88,4,1531.98,195.39,112.19,95.06,1,-1,-1,-1
88,6,1255.87,206.31,144.25,114.21,1,-1,-1,-1
88,7,1447.62,435.47,185.91,188.87,1,-1,-1,-1
88,8,1226.52,0.04,143.25,110.57,1,-1,-1,-1
89,1,939.07,206.02,168.04,184.56,1,-1,-1,-1
89,2,1220.97,289.92,187.02,169.91,1,-1,-1,-1
89,3,865.28,120.86,132.67,126.13,1,-1,-1,-1
89,4,1532.05,195.38,112.09,95.13,1,-1,-1,-1
89,6,1256.86,206.46,143.21,113.69,1,-1,-1,-1
89,7,1447.61,420.35,192.06,210.00,1,-1,-1,-1
89,8,1226.53,0.06,142.97,110.35,1,-1,-1,-1
90,1,939.15,205.61,168.09,184.52,1,-1,-1,-1
90,2,1214.63,297.96,197.00,156.99,1,-1,-1,-1
90,3,865.91,117.92,128.27,128.73,1,-1,-1,-1
90,4,1531.90,195.32,112.37,95.47,1,-1,-1,-1
90,6,1256.73,206.48,143.70,113.55,1,-1,-1,-1
90,7,1439.53,422.50,206.64,202.85,1,-1,-1,-1
90,8,1226.67,0.11,142.41,109.85,1,-1,-1,-1
91,1,939.10,205.61,168.40,184.34,1,-1,-1,-1
91,2,1211.55,303.20,207.16,149.78,1,-1,-1,-1
91,3,865.60,117.48,125.23,127.90,1,-1,-1,-1
91,4,1532.02,195.34,112.12,95.33,1,-1,-1,-1
91,6,1261.45,206.59,137.79,112.98,1,-1,-1,-1
91,7,1446.29,436.58,199.64,190.36,1,-1,-1,-1
91,8,1226.59,0.02,142.71,109.78,1,-1,-1,-1
92,1,939.15,206.00,168.33,183.85,1,-1,-1,-1
92,2,1203.81,265.01,219.37,197.30,1,-1,-1,-1
92,3,863.95,117.12,125.65,127.42,1,-1,-1,-1
92,7,1436.47,417.39,214.83,221.19,1,-1,-1,-1
92,8,1226.92,0.17,141.84,108.82,1,-1,-1,-1
93,1,939.17,206.50,168.27,183.38,1,-1,-1,-1
93,2,1205.91,219.35,208.61,244.71,1,-1,-1,-1
93,3,862.73,117.13,126.25,126.26,1,-1,-1,-1
93,7,1435.44,453.34,215.04,173.90,1,-1,-1,-1
93,8,1226.98,0.07,141.68,108.44,1,-1,-1,-1
94,1,938.43,208.01,169.33,182.42,1,-1,-1,-1
94,2,1208.96,258.71,200.67,179.52,1,-1,-1,-1
94,3,861.26,115.90,128.50,127.53,1,-1,-1,-1
94,4,1532.11,195.44,111.90,94.72,1,-1,-1,-1
94,6,1269.18,206.41,130.61,113.16,1,-1,-1,-1
94,7,1435.39,453.32,215.85,186.49,1,-1,-1,-1
94,8,1227.00,-0.22,141.85,109.17,1,-1,-1,-1
95,1,938.35,208.77,169.28,182.13,1,-1,-1,-1
95,2,1208.44,214.50,195.26,236.93,1,-1,-1,-1
95,3,861.80,116.08,127.44,126.60,1,-1,-1,-1
95,4,1532.17,195.39,111.78,94.55,1,-1,-1,-1
95,7,1439.52,424.80,208.00,226.94,1,-1,-1,-1
95,8,1226.71,-0.14,142.51,109.19,1,-1,-1,-1
96,1,938.39,210.02,169.07,181.04,1,-1,-1,-1
96,2,1209.98,272.81,180.32,155.49,1,-1,-1,-1
96,3,860.24,117.39,129.24,124.46,1,-1,-1,-1
96,4,1532.00,194.33,112.21,95.40,1,-1,-1,-1
96,6,1269.50,206.60,131.32,112.42,1,-1,-1,-1
96,7,1445.02,423.25,192.74,214.50,1,-1,-1,-1
96,8,1226.81,-0.22,142.02,109.84,1,-1,-1,-1
97,1,938.39,210.65,169.05,180.66,1,-1,-1,-1
97,2,1198.04,271.18,185.64,164.09,1,-1,-1,-1
97,3,860.91,120.49,127.43,120.70,1,-1,-1,-1
97,4,1532.01,193.97,112.33,95.36,1,-1,-1,-1
97,6,1272.36,206.49,127.54,112.46,1,-1,-1,-1
97,7,1444.79,417.00,197.45,225.20,1,-1,-1,-1
97,8,1226.83,-0.13,141.71,110.13,1,-1,-1,-1
98,1,938.43,210.02,169.05,181.79,1,-1,-1,-1
98,2,1183.81,303.86,200.94,126.06,1,-1,-1,-1
98,3,859.80,119.21,130.07,123.25,1,-1,-1,-1
98,4,1531.97,193.62,112.46,95.60,1,-1,-1,-1
98,6,1266.98,206.42,135.02,112.15,1,-1,-1,-1
98,8,1226.76,0.10,141.49,109.64,1,-1,-1,-1
99,1,939.71,208.35,167.80,182.26,1,-1,-1,-1
99,2,1170.61,276.46,214.61,168.27,1,-1,-1,-1
99,3,861.21,118.19,129.37,124.19,1,-1,-1,-1
99,4,1532.34,193.60,111.79,95.61,1,-1,-1,-1
99,6,1269.52,206.11,130.45,112.63,1,-1,-1,-1
99,8,1226.20,-0.14,141.61,110.65,1,-1,-1,-1
100,1,943.56,210.54,163.35,178.11,1,-1,-1,-1
100,2,1163.50,267.72,218.62,175.17,1,-1,-1,-1
100,3,863.23,117.93,124.50,123.06,1,-1,-1,-1
100,4,1532.40,193.67,111.74,95.61,1,-1,-1,-1
100,6,1272.16,206.16,127.29,112.41,1,-1,-1,-1
101,1,942.49,208.69,165.79,180.74,1,-1,-1,-1
101,2,1155.85,267.09,218.12,171.46,1,-1,-1,-1
101,3,863.20,116.58,124.78,123.33,1,-1,-1,-1
101,4,1532.52,194.73,111.32,94.61,1,-1,-1,-1
101,6,1272.34,206.22,127.91,112.07,1,-1,-1,-1
101,7,1448.52,421.67,207.59,211.62,1,-1,-1,-1
102,1,945.52,211.91,161.84,176.32,1,-1,-1,-1
102,2,1149.70,267.55,212.33,158.00,1,-1,-1,-1
102,3,863.90,116.73,122.68,122.91,1,-1,-1,-1
102,4,1532.48,194.80,111.29,94.91,1,-1,-1,-1
102,6,1270.61,206.15,130.37,111.90,1,-1,-1,-1
102,7,1447.53,417.90,219.29,220.01,1,-1,-1,-1
103,1,946.89,213.31,160.84,175.30,1,-1,-1,-1
103,2,1138.55,260.89,214.00,171.32,1,-1,-1,-1
103,3,864.49,116.39,120.05,123.40,1,-1,-1,-1
103,4,1532.54,194.91,111.12,95.15,1,-1,-1,-1
103,6,1272.21,206.31,127.89,111.19,1,-1,-1,-1
103,7,1448.26,429.08,218.38,209.95,1,-1,-1,-1
104,1,948.92,214.18,158.76,174.80,1,-1,-1,-1
104,2,1131.68,264.04,201.76,160.16,1,-1,-1,-1
104,3,864.57,116.65,118.82,122.87,1,-1,-1,-1
104,4,1532.54,195.00,111.13,95.16,1,-1,-1,-1
104,6,1266.87,205.90,135.05,112.43,1,-1,-1,-1
104,7,1447.18,419.38,218.41,226.90,1,-1,-1,-1
105,1,948.62,213.04,159.66,176.57,1,-1,-1,-1
105,2,1123.64,259.96,195.60,163.21,1,-1,-1,-1
105,3,864.90,116.42,117.35,123.35,1,-1,-1,-1
105,4,1532.52,195.02,111.18,95.24,1,-1,-1,-1
105,6,1262.33,205.76,139.50,112.85,1,-1,-1,-1
105,7,1446.02,426.70,220.55,219.85,1,-1,-1,-1
106,1,946.83,211.45,161.51,178.41,1,-1,-1,-1
106,2,1118.31,258.50,185.37,155.85,1,-1,-1,-1
106,3,864.62,117.01,117.37,122.43,1,-1,-1,-1
106,4,1532.49,195.13,111.27,95.19,1,-1,-1,-1
106,6,1257.77,205.79,143.76,112.60,1,-1,-1,-1
106,7,1448.63,428.80,218.92,212.41,1,-1,-1,-1
107,1,946.61,212.00,160.44,177.40,1,-1,-1,-1
107,2,1114.80,254.42,172.58,161.58,1,-1,-1,-1
107,3,864.52,117.43,117.25,122.16,1,-1,-1,-1
107,4,1532.47,195.22,111.31,94.97,1,-1,-1,-1
107,6,1258.27,205.65,141.60,112.86,1,-1,-1,-1
107,7,1453.34,420.39,210.33,222.70,1,-1,-1,-1
108,1,947.77,222.28,159.78,165.05,1,-1,-1,-1
108,2,1106.54,253.24,169.71,160.82,1,-1,-1,-1
108,3,864.18,118.08,118.45,121.69,1,-1,-1,-1
108,4,1532.58,195.17,111.22,94.80,1,-1,-1,-1
108,6,1258.22,205.55,141.53,113.01,1,-1,-1,-1
108,7,1457.36,417.95,205.45,232.12,1,-1,-1,-1
109,1,945.33,219.60,147.63,171.32,1,-1,-1,-1
109,2,1093.98,251.42,180.50,165.48,1,-1,-1,-1
109,3,864.67,118.18,117.24,122.13,1,-1,-1,-1
109,4,1532.70,195.13,111.05,94.72,1,-1,-1,-1
109,6,1258.70,205.60,141.02,112.97,1,-1,-1,-1
109,7,1467.02,464.55,190.25,168.08,1,-1,-1,-1
110,1,940.87,216.46,146.23,175.04,1,-1,-1,-1
110,2,1087.17,251.02,185.36,163.45,1,-1,-1,-1
110,3,864.42,119.27,118.27,120.91,1,-1,-1,-1
110,4,1532.72,195.04,111.06,95.03,1,-1,-1,-1
110,6,1259.18,205.75,140.75,112.93,1,-1,-1,-1
110,7,1470.99,429.04,190.12,224.58,1,-1,-1,-1
111,1,938.89,213.44,143.54,177.94,1,-1,-1,-1
111,2,1092.42,250.18,177.60,162.88,1,-1,-1,-1
111,3,864.60,118.78,117.97,121.75,1,-1,-1,-1
111,4,1532.70,195.00,111.14,95.22,1,-1,-1,-1
111,6,1259.20,205.81,141.06,112.88,1,-1,-1,-1
111,7,1471.04,426.00,195.05,220.20,1,-1,-1,-1
112,1,934.85,266.27,144.94,111.76,1,-1,-1,-1
112,2,1094.62,249.98,176.24,163.63,1,-1,-1,-1
112,3,864.70,120.24,117.72,119.87,1,-1,-1,-1
112,4,1532.69,194.89,111.16,95.41,1,-1,-1,-1
112,6,1259.37,205.84,141.03,112.78,1,-1,-1,-1
112,7,1467.77,420.46,199.86,221.57,1,-1,-1,-1
113,1,932.95,221.30,141.05,172.17,1,-1,-1,-1
113,2,1095.74,248.30,178.69,163.54,1,-1,-1,-1
113,3,864.84,119.03,116.71,121.04,1,-1,-1,-1
113,4,1532.63,194.92,111.22,95.35,1,-1,-1,-1
113,6,1259.37,205.80,141.14,112.84,1,-1,-1,-1
113,7,1460.06,419.89,211.00,209.07,1,-1,-1,-1
114,2,1098.68,251.70,176.94,157.06,1,-1,-1,-1
114,3,864.81,118.04,116.41,121.80,1,-1,-1,-1
114,4,1532.67,194.90,111.16,95.26,1,-1,-1,-1
114,6,1259.24,205.81,141.34,112.77,1,-1,-1,-1
114,7,1455.77,421.82,210.62,181.51,1,-1,-1,-1
115,2,1094.70,249.19,184.93,162.92,1,-1,-1,-1
115,3,864.87,117.51,116.06,121.93,1,-1,-1,-1
115,4,1532.65,194.81,111.24,95.33,1,-1,-1,-1
115,6,1258.77,205.72,142.03,112.94,1,-1,-1,-1
115,7,1478.62,419.18,163.17,174.99,1,-1,-1,-1
116,1,923.08,222.97,158.67,163.68,1,-1,-1,-1
116,2,1087.78,247.99,195.35,163.17,1,-1,-1,-1
116,3,865.04,116.94,115.19,122.37,1,-1,-1,-1
116,4,1532.73,194.80,111.12,95.33,1,-1,-1,-1
116,6,1258.63,205.76,142.08,112.83,1,-1,-1,-1
116,7,1447.93,407.34,216.69,208.64,1,-1,-1,-1
117,1,923.85,203.48,146.94,184.49,1,-1,-1,-1
117,2,1085.18,245.93,197.99,163.43,1,-1,-1,-1
117,3,864.97,117.98,115.12,121.67,1,-1,-1,-1
117,4,1532.70,194.77,111.14,95.39,1,-1,-1,-1
117,6,1258.62,205.73,142.04,112.92,1,-1,-1,-1
117,7,1445.80,407.30,219.56,226.35,1,-1,-1,-1
118,1,915.53,260.17,164.28,110.20,1,-1,-1,-1
118,2,1082.76,245.90,200.36,164.96,1,-1,-1,-1
118,3,864.16,117.12,118.23,122.49,1,-1,-1,-1
118,4,1532.67,194.79,111.16,95.53,1,-1,-1,-1
118,6,1258.82,205.77,141.77,112.75,1,-1,-1,-1
118,7,1444.35,409.50,216.21,230.91,1,-1,-1,-1
119,1,912.72,210.80,169.41,185.95,1,-1,-1,-1
119,2,1087.84,247.34,188.97,159.86,1,-1,-1,-1
119,3,864.17,117.47,120.13,121.54,1,-1,-1,-1
119,4,1532.67,194.85,111.11,95.44,1,-1,-1,-1
119,6,1259.17,205.81,141.35,112.73,1,-1,-1,-1
119,7,1445.34,412.57,199.47,228.40,1,-1,-1,-1
120,1,913.85,270.24,164.10,99.43,1,-1,-1,-1
120,2,1087.85,246.06,183.54,161.99,1,-1,-1,-1
120,3,865.02,117.98,118.81,120.62,1,-1,-1,-1
120,4,1532.72,194.81,111.02,95.63,1,-1,-1,-1
120,6,1259.66,205.80,140.85,112.88,1,-1,-1,-1
120,7,1444.42,419.18,181.26,204.06,1,-1,-1,-1
121,1,913.06,278.84,162.51,99.96,1,-1,-1,-1
121,2,1089.84,247.23,176.70,158.90,1,-1,-1,-1
121,3,865.36,117.29,117.05,121.17,1,-1,-1,-1
121,4,1532.65,194.78,111.10,95.93,1,-1,-1,-1
121,6,1259.98,205.80,140.60,112.97,1,-1,-1,-1
121,7,1433.41,407.37,195.51,227.81,1,-1,-1,-1
122,1,916.96,229.93,153.75,165.61,1,-1,-1,-1
122,2,1087.63,245.67,173.62,161.35,1,-1,-1,-1
122,3,865.81,117.06,113.90,121.18,1,-1,-1,-1
122,4,1532.63,194.82,111.16,95.96,1,-1,-1,-1
122,6,1259.56,205.73,141.27,113.20,1,-1,-1,-1
122,7,1432.58,412.92,178.21,198.88,1,-1,-1,-1
123,1,911.72,202.91,158.28,186.55,1,-1,-1,-1
123,2,1086.21,245.22,180.89,163.22,1,-1,-1,-1
123,3,865.44,116.69,112.82,121.41,1,-1,-1,-1
123,4,1532.54,194.73,111.29,96.21,1,-1,-1,-1
123,6,1259.74,205.82,140.95,112.87,1,-1,-1,-1
123,7,1422.11,426.39,193.24,193.74,1,-1,-1,-1
124,1,906.70,202.26,160.59,175.66,1,-1,-1,-1
124,2,1086.38,245.66,188.64,161.62,1,-1,-1,-1
124,3,864.91,115.29,114.05,123.36,1,-1,-1,-1
124,4,1532.34,194.92,111.68,95.70,1,-1,-1,-1
124,6,1259.37,205.74,141.44,113.01,1,-1,-1,-1
124,7,1420.82,425.69,186.03,182.38,1,-1,-1,-1
125,1,901.54,208.75,162.16,164.97,1,-1,-1,-1
125,2,1082.77,244.70,199.68,164.64,1,-1,-1,-1
125,3,864.38,116.18,115.84,121.20,1,-1,-1,-1
125,4,1532.41,195.07,111.83,95.60,1,-1,-1,-1
125,6,1259.23,205.74,141.42,113.11,1,-1,-1,-1
125,7,1413.70,409.08,193.96,213.48,1,-1,-1,-1
126,1,898.06,241.60,162.63,125.35,1,-1,-1,-1
126,2,1082.07,245.08,205.10,164.24,1,-1,-1,-1
126,3,864.80,116.22,115.26,120.84,1,-1,-1,-1
126,4,1532.18,193.97,112.45,96.86,1,-1,-1,-1
126,6,1258.03,205.53,142.85,114.01,1,-1,-1,-1
126,7,1412.27,421.94,186.40,180.36,1,-1,-1,-1
127,1,896.26,254.05,162.43,119.24,1,-1,-1,-1
127,2,1076.19,245.85,212.79,165.19,1,-1,-1,-1
127,3,865.01,116.18,114.70,120.84,1,-1,-1,-1
127,4,1532.37,193.63,112.32,96.71,1,-1,-1,-1
127,6,1258.69,206.09,141.68,112.65,1,-1,-1,-1
127,7,1403.61,439.72,191.60,154.23,1,-1,-1,-1
128,1,894.98,255.09,162.15,124.13,1,-1,-1,-1
128,2,1079.06,246.65,204.76,162.84,1,-1,-1,-1
128,3,865.04,116.17,114.44,120.86,1,-1,-1,-1
128,4,1532.37,193.66,112.46,96.29,1,-1,-1,-1
128,6,1257.48,205.91,143.38,112.72,1,-1,-1,-1
128,7,1393.15,407.96,204.92,199.08,1,-1,-1,-1
129,1,892.93,213.53,163.29,177.63,1,-1,-1,-1
129,2,1085.27,247.25,190.24,159.62,1,-1,-1,-1
129,3,865.48,115.97,113.45,121.23,1,-1,-1,-1
129,4,1532.25,193.35,112.64,96.56,1,-1,-1,-1
129,6,1258.53,205.79,141.77,112.87,1,-1,-1,-1
129,7,1386.72,395.95,208.21,207.54,1,-1,-1,-1
130,1,893.02,200.33,161.48,182.34,1,-1,-1,-1
130,2,1092.23,246.93,174.57,158.11,1,-1,-1,-1
130,3,864.61,115.64,115.59,121.88,1,-1,-1,-1
130,4,1532.26,193.37,112.43,96.51,1,-1,-1,-1
130,6,1258.54,205.70,141.95,113.10,1,-1,-1,-1
130,7,1381.04,391.11,212.69,208.84,1,-1,-1,-1
131,1,891.20,194.17,161.93,181.79,1,-1,-1,-1
131,2,1088.69,245.83,173.82,160.07,1,-1,-1,-1
131,3,864.65,116.29,116.41,121.28,1,-1,-1,-1
131,4,1532.35,194.61,112.21,95.06,1,-1,-1,-1
131,6,1258.54,205.81,141.98,112.74,1,-1,-1,-1
131,7,1377.53,386.65,211.38,213.33,1,-1,-1,-1
132,1,890.42,191.16,162.26,182.08,1,-1,-1,-1
132,2,1084.33,243.88,184.06,165.70,1,-1,-1,-1
132,3,865.26,117.20,116.82,120.12,1,-1,-1,-1
132,4,1532.32,194.80,112.32,95.45,1,-1,-1,-1
132,6,1258.99,205.73,141.50,112.78,1,-1,-1,-1
132,7,1369.17,389.19,217.95,209.23,1,-1,-1,-1
133,1,888.50,192.54,162.95,178.87,1,-1,-1,-1
133,2,1085.80,245.10,190.02,165.23,1,-1,-1,-1
133,3,865.17,117.63,118.30,121.95,1,-1,-1,-1
133,4,1532.36,195.36,112.59,94.86,1,-1,-1,-1
133,6,1259.13,205.40,141.54,113.82,1,-1,-1,-1
133,7,1363.19,384.77,217.89,214.65,1,-1,-1,-1
134,1,887.52,190.59,163.45,182.12,1,-1,-1,-1
134,2,1079.98,244.82,205.09,166.23,1,-1,-1,-1
134,3,865.77,119.70,118.17,118.17,1,-1,-1,-1
134,4,1532.34,195.29,112.61,94.98,1,-1,-1,-1
134,6,1257.58,205.82,143.45,113.19,1,-1,-1,-1
134,7,1356.82,382.80,218.72,213.99,1,-1,-1,-1
135,1,889.20,190.66,161.56,182.15,1,-1,-1,-1
135,2,1082.23,246.00,204.06,164.60,1,-1,-1,-1
135,3,865.94,119.29,118.57,118.29,1,-1,-1,-1
135,4,1532.20,195.17,112.72,95.39,1,-1,-1,-1
135,6,1258.41,205.70,141.95,113.34,1,-1,-1,-1
135,7,1352.15,390.44,215.42,201.72,1,-1,-1,-1
136,1,888.68,191.49,161.39,180.89,1,-1,-1,-1
136,2,1081.73,246.91,204.98,162.64,1,-1,-1,-1
136,3,866.27,119.33,116.80,118.23,1,-1,-1,-1
136,4,1532.66,195.21,111.60,94.97,1,-1,-1,-1
136,6,1259.28,205.86,140.43,112.74,1,-1,-1,-1
136,7,1346.76,388.89,213.88,203.35,1,-1,-1,-1
137,1,888.01,191.94,162.16,180.73,1,-1,-1,-1
137,2,1082.16,246.38,197.41,162.64,1,-1,-1,-1
137,3,865.69,119.21,117.34,118.17,1,-1,-1,-1
137,4,1532.72,195.12,111.48,94.87,1,-1,-1,-1
137,6,1259.14,205.66,140.82,113.08,1,-1,-1,-1
137,7,1339.21,395.67,214.62,191.40,1,-1,-1,-1
138,1,887.89,192.30,162.36,180.86,1,-1,-1,-1
138,2,1086.94,246.10,185.86,161.84,1,-1,-1,-1
138,3,865.21,119.18,118.28,118.16,1,-1,-1,-1
138,4,1532.62,194.95,111.74,94.94,1,-1,-1,-1
138,6,1258.72,205.64,141.49,113.12,1,-1,-1,-1
138,7,1335.63,406.15,208.49,175.34,1,-1,-1,-1
139,1,888.25,192.96,162.22,180.26,1,-1,-1,-1
139,2,1091.41,244.97,174.41,164.32,1,-1,-1,-1
139,3,865.43,119.24,117.90,118.20,1,-1,-1,-1
139,4,1532.74,195.20,111.67,94.44,1,-1,-1,-1
139,6,1259.00,205.55,141.14,113.28,1,-1,-1,-1
139,7,1330.88,420.42,203.80,158.33,1,-1,-1,-1
140,1,888.01,193.36,162.33,180.06,1,-1,-1,-1
140,2,1084.18,246.43,182.50,159.90,1,-1,-1,-1
140,3,865.40,119.01,117.86,118.66,1,-1,-1,-1
140,4,1531.95,195.63,113.46,93.75,1,-1,-1,-1
140,6,1259.39,205.64,140.53,113.34,1,-1,-1,-1
140,7,1328.40,423.83,195.40,153.63,1,-1,-1,-1
141,1,887.76,193.43,162.42,180.14,1,-1,-1,-1
141,2,1079.72,245.50,191.80,161.75,1,-1,-1,-1
141,3,865.35,118.92,117.93,118.79,1,-1,-1,-1
141,4,1532.88,195.60,111.69,93.89,1,-1,-1,-1
141,6,1259.19,205.79,140.78,113.17,1,-1,-1,-1
141,7,1326.85,422.64,187.87,149.72,1,-1,-1,-1
142,1,887.76,193.45,162.37,180.17,1,-1,-1,-1
142,2,1074.82,245.44,207.29,161.97,1,-1,-1,-1
142,3,865.41,118.86,117.73,118.80,1,-1,-1,-1
142,4,1531.91,195.66,113.65,93.98,1,-1,-1,-1
142,6,1258.95,205.81,141.04,113.21,1,-1,-1,-1
142,7,1325.79,393.08,182.32,181.91,1,-1,-1,-1
143,1,887.89,193.48,162.32,180.21,1,-1,-1,-1
143,2,1078.25,245.39,206.80,163.33,1,-1,-1,-1
143,3,865.37,118.96,117.70,118.69,1,-1,-1,-1
143,4,1531.84,195.32,113.31,94.64,1,-1,-1,-1
143,6,1258.85,205.84,141.06,113.08,1,-1,-1,-1
143,7,1325.43,369.83,179.02,200.86,1,-1,-1,-1
144,1,887.87,192.88,162.38,181.06,1,-1,-1,-1
144,2,1075.00,244.54,208.71,166.16,1,-1,-1,-1
144,3,865.26,119.12,117.90,118.55,1,-1,-1,-1
144,4,1531.73,195.37,113.25,94.48,1,-1,-1,-1
144,6,1258.68,205.86,141.17,112.93,1,-1,-1,-1
144,7,1323.03,373.47,178.01,184.91,1,-1,-1,-1
145,1,888.04,192.66,162.01,181.41,1,-1,-1,-1
145,2,1084.17,246.21,191.41,161.84,1,-1,-1,-1
145,3,865.34,119.22,117.64,118.55,1,-1,-1,-1
145,4,1531.75,195.38,113.12,94.32,1,-1,-1,-1
145,6,1258.85,205.82,140.86,112.91,1,-1,-1,-1
145,7,1318.31,377.64,183.08,178.16,1,-1,-1,-1
146,1,888.06,192.74,162.06,181.21,1,-1,-1,-1
146,2,1080.99,246.77,195.91,160.83,1,-1,-1,-1
146,3,865.28,119.24,117.81,118.58,1,-1,-1,-1
146,4,1531.75,195.32,113.12,94.31,1,-1,-1,-1
146,6,1258.91,205.80,140.81,112.96,1,-1,-1,-1
146,7,1307.87,366.39,193.87,162.71,1,-1,-1,-1
147,1,888.12,192.75,162.00,181.15,1,-1,-1,-1
147,2,1089.39,247.20,175.09,158.48,1,-1,-1,-1
147,3,865.32,119.35,117.79,118.44,1,-1,-1,-1
147,4,1531.83,195.26,113.05,94.38,1,-1,-1,-1
147,6,1259.12,205.83,140.60,112.98,1,-1,-1,-1
147,7,1324.61,346.71,169.73,203.39,1,-1,-1,-1
148,1,887.93,192.79,162.35,181.09,1,-1,-1,-1
148,2,1088.35,245.74,173.96,161.10,1,-1,-1,-1
148,3,865.34,119.42,117.75,118.38,1,-1,-1,-1
148,4,1531.89,195.33,113.07,94.04,1,-1,-1,-1
148,6,1259.19,205.85,140.58,112.97,1,-1,-1,-1
148,7,1302.47,359.87,182.49,158.18,1,-1,-1,-1
149,1,888.02,192.90,162.08,180.96,1,-1,-1,-1
149,2,1082.73,244.16,184.14,165.60,1,-1,-1,-1
149,3,865.32,119.34,117.84,118.50,1,-1,-1,-1
149,4,1532.00,195.34,112.99,93.84,1,-1,-1,-1
149,6,1259.07,205.90,140.78,112.91,1,-1,-1,-1
149,7,1287.39,352.82,203.60,160.23,1,-1,-1,-1
150,1,887.81,192.92,162.22,180.98,1,-1,-1,-1
150,2,1080.75,244.65,194.96,165.96,1,-1,-1,-1
150,3,865.27,118.55,118.07,119.49,1,-1,-1,-1
150,4,1532.05,195.31,112.96,93.84,1,-1,-1,-1
150,6,1258.81,205.91,141.10,112.88,1,-1,-1,-1
150,7,1282.27,346.78,207.47,177.50,1,-1,-1,-1
151,1,887.57,192.72,162.60,181.19,1,-1,-1,-1
151,2,1078.57,247.22,205.68,164.56,1,-1,-1,-1
151,3,865.14,117.54,119.14,120.10,1,-1,-1,-1
151,4,1532.10,194.51,112.68,95.25,1,-1,-1,-1
151,6,1258.55,205.78,141.63,112.86,1,-1,-1,-1
151,7,1278.66,345.85,209.66,192.84,1,-1,-1,-1
152,1,887.45,192.68,162.68,181.17,1,-1,-1,-1
152,2,1077.13,248.43,210.98,163.83,1,-1,-1,-1
152,3,865.52,117.16,118.43,120.33,1,-1,-1,-1
152,4,1532.02,194.49,112.72,95.29,1,-1,-1,-1
152,6,1258.62,205.70,141.64,112.88,1,-1,-1,-1
152,7,1275.73,348.58,210.23,201.50,1,-1,-1,-1
153,1,887.16,192.93,162.26,180.94,1,-1,-1,-1
153,2,1083.39,248.92,202.13,161.52,1,-1,-1,-1
153,3,865.81,116.70,117.84,120.92,1,-1,-1,-1
153,4,1532.12,194.89,112.62,94.50,1,-1,-1,-1
153,6,1258.87,205.70,141.27,112.73,1,-1,-1,-1
153,7,1273.68,349.89,208.53,208.60,1,-1,-1,-1
154,1,886.02,193.21,163.51,180.74,1,-1,-1,-1
154,2,1083.52,247.27,199.72,159.66,1,-1,-1,-1
154,3,865.80,116.24,117.61,121.78,1,-1,-1,-1
154,4,1532.10,194.86,112.52,95.49,1,-1,-1,-1
154,6,1259.39,206.09,140.13,112.17,1,-1,-1,-1
154,7,1270.42,349.70,209.70,213.06,1,-1,-1,-1
155,1,885.81,192.93,163.92,181.71,1,-1,-1,-1
155,2,1089.16,245.47,183.56,163.06,1,-1,-1,-1
155,3,865.84,116.14,117.93,121.85,1,-1,-1,-1
155,4,1532.20,195.37,112.50,95.10,1,-1,-1,-1
155,6,1259.61,205.97,139.83,112.77,1,-1,-1,-1
155,7,1271.41,348.49,203.49,215.96,1,-1,-1,-1
156,1,882.27,192.49,168.19,183.63,1,-1,-1,-1
156,2,1091.67,246.84,172.29,160.06,1,-1,-1,-1
156,3,866.53,116.58,115.87,121.98,1,-1,-1,-1
156,4,1531.68,195.75,113.21,95.52,1,-1,-1,-1
156,6,1258.88,206.56,140.62,113.19,1,-1,-1,-1
156,7,1272.30,350.96,197.66,213.44,1,-1,-1,-1
157,1,889.41,195.98,158.33,178.76,1,-1,-1,-1
157,2,1083.48,245.38,180.95,165.09,1,-1,-1,-1
157,3,865.90,117.86,116.43,121.44,1,-1,-1,-1
157,4,1531.77,196.24,112.60,95.08,1,-1,-1,-1
157,6,1256.95,207.84,142.65,112.37,1,-1,-1,-1
157,7,1272.25,351.97,194.03,212.10,1,-1,-1,-1
158,1,887.13,194.84,162.51,180.61,1,-1,-1,-1
158,2,1079.43,247.61,191.11,158.60,1,-1,-1,-1
158,3,865.42,116.84,116.97,124.55,1,-1,-1,-1
158,4,1531.76,196.11,112.64,95.42,1,-1,-1,-1
158,6,1256.66,208.35,142.55,112.40,1,-1,-1,-1
158,7,1271.95,351.41,193.05,211.94,1,-1,-1,-1
158,9,1221.02,0.20,144.11,110.28,1,-1,-1,-1
159,1,884.25,193.12,166.23,183.70,1,-1,-1,-1
159,2,1072.93,247.56,205.92,159.89,1,-1,-1,-1
159,3,865.19,116.99,118.20,124.30,1,-1,-1,-1
159,4,1531.54,195.76,112.94,95.65,1,-1,-1,-1
159,6,1258.28,208.29,140.40,111.90,1,-1,-1,-1
159,7,1270.58,349.12,191.71,204.41,1,-1,-1,-1
160,1,883.00,192.56,167.20,184.17,1,-1,-1,-1
160,2,1075.55,247.04,206.34,163.38,1,-1,-1,-1
160,3,865.24,117.21,118.43,123.92,1,-1,-1,-1
160,4,1531.10,195.23,113.78,96.07,1,-1,-1,-1
160,6,1258.55,207.85,140.59,112.03,1,-1,-1,-1
160,7,1263.26,344.86,203.33,207.13,1,-1,-1,-1
161,1,881.94,192.58,167.80,183.85,1,-1,-1,-1
161,2,1071.36,245.85,215.01,168.27,1,-1,-1,-1
161,3,865.33,117.16,118.22,123.93,1,-1,-1,-1
161,4,1531.66,195.94,113.09,94.66,1,-1,-1,-1
161,6,1259.22,207.71,139.99,111.75,1,-1,-1,-1
161,7,1259.96,346.78,210.29,205.44,1,-1,-1,-1
162,1,883.57,193.23,165.19,182.05,1,-1,-1,-1
162,2,1074.73,247.22,206.39,164.25,1,-1,-1,-1
162,3,866.17,118.10,117.33,121.43,1,-1,-1,-1
162,4,1531.75,195.72,112.97,95.26,1,-1,-1,-1
162,6,1258.22,207.42,141.61,111.84,1,-1,-1,-1
162,7,1257.82,349.74,214.37,203.78,1,-1,-1,-1
163,1,883.80,193.24,165.37,181.80,1,-1,-1,-1
163,2,1078.78,248.07,196.87,161.65,1,-1,-1,-1
163,3,865.65,116.70,118.68,124.00,1,-1,-1,-1
163,4,1531.81,195.86,112.73,94.84,1,-1,-1,-1
163,6,1259.01,207.40,140.47,111.88,1,-1,-1,-1
163,7,1256.15,368.96,215.89,185.03,1,-1,-1,-1
164,1,887.53,195.06,161.73,179.68,1,-1,-1,-1
164,2,1089.46,247.88,171.58,159.50,1,-1,-1,-1
164,3,866.61,116.98,117.35,122.57,1,-1,-1,-1
164,4,1531.75,195.91,112.61,94.66,1,-1,-1,-1
164,6,1259.52,207.27,140.12,112.11,1,-1,-1,-1
164,7,1253.70,370.15,216.04,189.62,1,-1,-1,-1
165,1,884.15,193.48,166.91,182.06,1,-1,-1,-1
165,2,1088.11,246.84,170.24,160.76,1,-1,-1,-1
165,3,866.09,115.65,118.37,124.86,1,-1,-1,-1
165,4,1531.65,195.88,112.68,94.85,1,-1,-1,-1
165,6,1259.65,206.94,140.18,112.57,1,-1,-1,-1
165,7,1254.39,368.63,211.55,191.83,1,-1,-1,-1
166,1,887.66,195.24,162.35,179.76,1,-1,-1,-1
166,2,1080.29,247.10,180.33,158.89,1,-1,-1,-1
166,3,866.99,117.98,117.00,121.46,1,-1,-1,-1
166,4,1532.01,196.01,112.22,94.39,1,-1,-1,-1
166,6,1259.95,206.91,139.98,112.36,1,-1,-1,-1
166,7,1256.00,350.17,202.44,218.21,1,-1,-1,-1
167,1,888.64,195.77,161.97,179.59,1,-1,-1,-1
167,2,1078.02,246.69,182.74,159.44,1,-1,-1,-1
167,3,867.03,118.53,117.27,121.12,1,-1,-1,-1
167,4,1532.12,196.02,112.19,94.30,1,-1,-1,-1
167,6,1259.99,206.85,140.05,112.39,1,-1,-1,-1
167,7,1254.39,347.21,202.62,217.88,1,-1,-1,-1
168,1,884.13,193.33,167.74,182.73,1,-1,-1,-1
168,2,1076.28,245.45,201.16,162.98,1,-1,-1,-1
168,3,868.55,117.89,117.03,119.74,1,-1,-1,-1
168,4,1532.17,195.83,112.24,94.29,1,-1,-1,-1
168,6,1259.70,206.75,140.43,112.50,1,-1,-1,-1
168,7,1263.75,393.79,184.63,157.31,1,-1,-1,-1
169,1,880.81,191.95,170.34,184.47,1,-1,-1,-1
169,2,1075.56,244.79,209.38,165.87,1,-1,-1,-1
169,3,868.40,118.11,120.65,119.53,1,-1,-1,-1
169,4,1532.23,195.89,112.19,94.10,1,-1,-1,-1
169,6,1259.61,206.68,140.46,112.49,1,-1,-1,-1
169,7,1267.80,382.03,181.23,183.28,1,-1,-1,-1
170,1,881.90,191.86,167.33,183.26,1,-1,-1,-1
170,2,1078.21,245.34,208.00,166.15,1,-1,-1,-1
170,3,870.25,119.70,120.55,116.78,1,-1,-1,-1
170,4,1532.50,195.67,111.47,94.20,1,-1,-1,-1
170,6,1259.87,206.81,139.97,112.09,1,-1,-1,-1
170,7,1267.42,360.04,184.62,209.68,1,-1,-1,-1
171,1,881.31,191.31,167.79,183.50,1,-1,-1,-1
171,2,1082.24,247.19,200.91,161.43,1,-1,-1,-1
171,3,870.98,119.72,125.32,117.48,1,-1,-1,-1
171,4,1532.28,195.52,111.72,94.35,1,-1,-1,-1
171,6,1260.20,206.77,139.54,112.22,1,-1,-1,-1
171,7,1261.00,354.15,199.67,211.73,1,-1,-1,-1
172,1,881.20,190.50,167.91,184.25,1,-1,-1,-1
172,2,1088.31,246.54,185.94,161.38,1,-1,-1,-1
172,3,874.76,118.29,127.32,119.23,1,-1,-1,-1
172,4,1532.20,195.51,111.72,94.43,1,-1,-1,-1
172,6,1260.45,206.82,139.31,112.30,1,-1,-1,-1
172,7,1271.04,368.33,128.62,156.88,1,-1,-1,-1
173,1,878.60,132.90,171.68,256.88,1,-1,-1,-1
173,2,1092.66,246.35,172.63,160.42,1,-1,-1,-1
173,4,1532.18,195.54,111.72,94.33,1,-1,-1,-1
173,6,1260.57,206.86,139.25,112.40,1,-1,-1,-1
173,7,1235.17,351.88,217.11,202.95,1,-1,-1,-1
174,1,881.51,178.42,167.57,183.90,1,-1,-1,-1
174,2,1083.77,244.59,181.66,164.82,1,-1,-1,-1
174,3,880.80,119.91,132.08,116.09,1,-1,-1,-1
174,4,1532.21,195.53,111.67,94.42,1,-1,-1,-1
174,6,1260.57,206.83,139.29,112.56,1,-1,-1,-1
174,7,1240.47,345.60,217.11,218.29,1,-1,-1,-1
175,1,882.55,186.74,166.81,181.31,1,-1,-1,-1
175,2,1080.26,245.82,190.54,160.56,1,-1,-1,-1
175,3,883.53,116.08,132.00,120.43,1,-1,-1,-1
175,4,1532.19,195.57,111.74,94.42,1,-1,-1,-1
175,6,1260.40,206.83,139.53,112.60,1,-1,-1,-1
175,7,1244.23,332.78,214.34,235.66,1,-1,-1,-1
176,1,881.89,191.53,168.43,180.88,1,-1,-1,-1
176,2,1082.76,244.01,192.09,166.76,1,-1,-1,-1
176,3,884.23,114.12,132.61,122.10,1,-1,-1,-1
176,4,1532.24,195.62,111.68,94.34,1,-1,-1,-1
176,6,1260.29,206.89,139.65,112.45,1,-1,-1,-1
176,7,1247.58,339.78,207.48,224.36,1,-1,-1,-1
177,1,882.16,193.90,168.16,180.80,1,-1,-1,-1
177,2,1078.07,245.51,203.80,164.09,1,-1,-1,-1
177,3,884.93,113.99,132.04,120.80,1,-1,-1,-1
177,4,1532.28,195.62,111.67,94.33,1,-1,-1,-1
177,6,1260.14,206.85,139.80,112.50,1,-1,-1,-1
177,7,1253.03,341.82,197.64,223.09,1,-1,-1,-1
178,1,882.62,196.08,167.34,179.32,1,-1,-1,-1
178,2,1074.49,245.15,211.37,165.98,1,-1,-1,-1
178,3,884.65,113.78,132.44,119.97,1,-1,-1,-1
178,4,1532.48,195.65,111.34,94.25,1,-1,-1,-1
178,6,1259.95,206.87,139.97,112.30,1,-1,-1,-1
178,7,1256.72,349.20,187.59,210.34,1,-1,-1,-1
179,1,882.87,195.83,166.81,180.11,1,-1,-1,-1
179,2,1075.50,247.29,205.57,160.64,1,-1,-1,-1
179,3,884.57,113.56,131.31,119.67,1,-1,-1,-1
179,4,1532.50,195.61,111.36,94.34,1,-1,-1,-1
179,6,1259.94,206.82,139.89,112.26,1,-1,-1,-1
179,7,1254.95,344.24,191.37,217.08,1,-1,-1,-1
180,1,883.57,195.34,165.89,180.58,1,-1,-1,-1
180,2,1078.73,247.24,196.63,159.96,1,-1,-1,-1
180,3,884.91,113.91,129.72,118.52,1,-1,-1,-1
180,4,1532.47,195.62,111.41,94.29,1,-1,-1,-1
180,6,1260.03,206.76,139.75,112.39,1,-1,-1,-1
180,7,1252.85,349.92,199.35,205.32,1,-1,-1,-1
181,1,887.28,197.60,162.16,177.30,1,-1,-1,-1
181,2,1086.36,247.33,173.74,158.79,1,-1,-1,-1
181,3,884.51,114.11,129.03,118.16,1,-1,-1,-1
181,4,1532.31,195.57,111.76,94.39,1,-1,-1,-1
181,6,1260.09,206.72,139.68,112.34,1,-1,-1,-1
181,7,1251.09,346.63,205.54,212.61,1,-1,-1,-1
182,1,884.73,195.74,166.24,179.65,1,-1,-1,-1
182,2,1084.46,247.08,173.15,158.66,1,-1,-1,-1
182,3,882.97,115.81,129.77,115.45,1,-1,-1,-1
182,4,1532.60,195.67,111.44,94.08,1,-1,-1,-1
182,6,1260.21,206.71,139.65,112.41,1,-1,-1,-1
182,7,1248.48,346.69,213.21,214.33,1,-1,-1,-1
183,1,884.60,195.94,165.68,178.89,1,-1,-1,-1
183,2,1081.49,246.71,179.14,163.00,1,-1,-1,-1
183,3,882.74,116.48,125.30,114.60,1,-1,-1,-1
183,4,1532.61,195.59,111.58,94.19,1,-1,-1,-1
183,6,1260.23,206.58,139.77,112.60,1,-1,-1,-1
183,7,1244.95,346.29,220.06,217.44,1,-1,-1,-1
184,1,884.35,195.51,165.82,179.28,1,-1,-1,-1
184,2,1078.23,246.98,189.33,164.84,1,-1,-1,-1
184,3,880.21,115.48,126.55,116.00,1,-1,-1,-1
184,4,1532.67,195.50,111.61,94.28,1,-1,-1,-1
184,6,1260.40,206.63,139.51,112.60,1,-1,-1,-1
184,7,1243.46,346.39,222.37,218.13,1,-1,-1,-1
185,1,884.66,194.91,164.86,179.78,1,-1,-1,-1
185,2,1069.92,248.44,203.58,161.68,1,-1,-1,-1
185,3,879.03,113.93,122.97,117.56,1,-1,-1,-1
185,4,1533.32,195.72,110.44,94.28,1,-1,-1,-1
185,6,1260.02,206.63,140.03,112.61,1,-1,-1,-1
185,7,1244.74,346.85,218.63,219.07,1,-1,-1,-1
186,1,883.19,192.24,166.87,183.52,1,-1,-1,-1
186,2,1063.18,247.70,213.21,161.77,1,-1,-1,-1
186,3,875.90,113.08,121.98,117.99,1,-1,-1,-1
186,4,1533.36,194.71,110.61,95.50,1,-1,-1,-1
186,6,1260.01,206.70,139.94,112.50,1,-1,-1,-1
186,7,1250.40,347.44,206.07,219.46,1,-1,-1,-1
187,1,885.19,193.44,163.65,180.74,1,-1,-1,-1
187,2,1068.51,248.52,205.16,156.99,1,-1,-1,-1
187,3,872.31,113.05,119.77,118.24,1,-1,-1,-1
187,4,1533.33,194.29,110.75,95.75,1,-1,-1,-1
187,6,1260.02,206.77,139.98,112.35,1,-1,-1,-1
187,7,1253.95,349.72,199.34,217.30,1,-1,-1,-1
188,1,885.37,193.59,164.37,180.62,1,-1,-1,-1
188,2,1069.75,246.38,198.68,160.60,1,-1,-1,-1
188,3,869.53,113.18,117.45,118.29,1,-1,-1,-1
188,4,1532.50,194.51,112.04,95.19,1,-1,-1,-1
188,6,1260.11,206.69,139.85,112.53,1,-1,-1,-1
188,7,1258.97,392.44,190.56,161.69,1,-1,-1,-1
189,1,885.78,194.20,164.16,180.01,1,-1,-1,-1
189,2,1069.60,246.17,192.42,161.81,1,-1,-1,-1
189,3,866.27,116.41,117.71,114.06,1,-1,-1,-1
189,4,1532.48,194.03,112.02,95.78,1,-1,-1,-1
189,6,1260.17,206.75,139.77,112.47,1,-1,-1,-1
189,7,1262.88,368.49,188.05,204.00,1,-1,-1,-1
190,1,885.83,193.81,164.23,180.73,1,-1,-1,-1
190,2,1075.47,246.87,175.84,160.86,1,-1,-1,-1
190,3,864.60,116.54,115.40,114.61,1,-1,-1,-1
190,4,1532.41,194.06,112.11,95.72,1,-1,-1,-1
190,6,1260.11,206.77,139.85,112.52,1,-1,-1,-1
190,7,1268.72,375.10,184.33,193.15,1,-1,-1,-1
191,1,885.54,194.32,165.16,179.98,1,-1,-1,-1
191,2,1067.61,246.66,181.19,162.66,1,-1,-1,-1
191,3,863.82,118.04,111.45,113.20,1,-1,-1,-1
191,4,1532.45,195.07,111.83,94.48,1,-1,-1,-1
191,6,1260.13,206.80,139.80,112.49,1,-1,-1,-1
191,7,1268.34,367.86,190.69,202.59,1,-1,-1,-1
192,1,885.93,193.48,164.92,181.02,1,-1,-1,-1
192,2,1068.22,246.73,183.14,160.41,1,-1,-1,-1
192,3,857.07,124.63,116.59,106.15,1,-1,-1,-1
192,4,1532.45,195.46,111.84,94.26,1,-1,-1,-1
192,6,1260.04,206.83,139.96,112.41,1,-1,-1,-1
192,7,1265.25,363.68,200.88,207.85,1,-1,-1,-1
193,1,884.38,192.90,165.48,182.28,1,-1,-1,-1
193,2,1062.42,245.40,194.82,161.06,1,-1,-1,-1
193,3,855.20,128.73,114.77,103.01,1,-1,-1,-1
193,4,1532.32,195.41,112.11,96.31,1,-1,-1,-1
193,6,1259.21,207.02,140.35,112.07,1,-1,-1,-1
193,7,1265.13,377.24,205.76,191.05,1,-1,-1,-1
194,1,886.52,192.83,164.00,182.06,1,-1,-1,-1
194,2,1057.50,246.06,203.52,162.24,1,-1,-1,-1
194,3,852.14,122.84,115.57,113.80,1,-1,-1,-1
194,4,1531.71,196.77,112.50,96.24,1,-1,-1,-1
194,6,1258.27,207.90,141.89,112.53,1,-1,-1,-1
194,7,1257.14,404.43,221.31,164.41,1,-1,-1,-1
195,1,886.70,193.54,164.83,181.12,1,-1,-1,-1
195,2,1054.06,245.70,205.80,164.27,1,-1,-1,-1
195,3,849.69,120.70,113.15,114.14,1,-1,-1,-1
195,4,1532.54,196.78,111.51,95.01,1,-1,-1,-1
195,6,1259.18,207.79,140.44,112.32,1,-1,-1,-1
195,7,1256.81,370.94,223.50,214.74,1,-1,-1,-1
196,1,887.51,195.26,162.19,178.83,1,-1,-1,-1
196,2,1050.82,246.84,205.44,165.73,1,-1,-1,-1
196,3,845.50,117.92,113.17,117.74,1,-1,-1,-1
196,4,1532.42,196.29,111.96,95.34,1,-1,-1,-1
196,6,1259.15,207.68,140.47,112.40,1,-1,-1,-1
196,7,1257.73,363.99,219.39,219.47,1,-1,-1,-1
197,1,886.50,193.28,163.01,181.94,1,-1,-1,-1
197,2,1052.19,246.98,195.37,167.86,1,-1,-1,-1
197,3,840.54,123.00,115.83,109.93,1,-1,-1,-1
197,4,1531.76,196.02,113.11,95.20,1,-1,-1,-1
197,6,1258.94,207.58,140.82,112.26,1,-1,-1,-1
197,7,1256.56,363.41,217.60,218.24,1,-1,-1,-1
198,1,886.00,192.93,162.13,182.17,1,-1,-1,-1
198,2,1054.76,249.21,176.50,160.74,1,-1,-1,-1
198,3,831.28,117.46,122.70,118.18,1,-1,-1,-1
198,4,1532.02,195.90,112.30,95.04,1,-1,-1,-1
198,6,1258.44,207.18,141.41,112.71,1,-1,-1,-1
198,7,1256.14,371.47,214.13,200.96,1,-1,-1,-1
199,1,885.65,194.20,161.40,180.55,1,-1,-1,-1
199,2,1046.46,248.65,173.93,160.06,1,-1,-1,-1
199,3,830.94,115.50,116.80,119.63,1,-1,-1,-1
199,4,1532.15,195.70,112.23,94.92,1,-1,-1,-1
199,6,1258.86,207.18,140.75,112.59,1,-1,-1,-1
199,7,1255.74,364.16,209.40,214.97,1,-1,-1,-1
200,1,885.14,195.32,163.58,179.48,1,-1,-1,-1
200,2,1038.76,247.12,176.67,162.15,1,-1,-1,-1
200,3,830.90,114.68,111.32,120.19,1,-1,-1,-1
200,4,1532.48,195.73,111.71,95.21,1,-1,-1,-1
200,6,1258.40,207.35,141.35,112.07,1,-1,-1,-1
200,7,1257.90,364.15,203.57,217.05,1,-1,-1,-1
201,1,883.91,194.46,166.31,181.52,1,-1,-1,-1
201,2,1034.46,249.59,160.71,156.33,1,-1,-1,-1
201,3,831.93,120.94,109.14,111.99,1,-1,-1,-1
201,4,1532.14,195.99,112.15,95.21,1,-1,-1,-1
201,6,1258.32,207.26,141.38,112.24,1,-1,-1,-1
201,7,1258.86,364.45,199.71,214.56,1,-1,-1,-1
202,1,888.20,196.19,152.57,178.85,1,-1,-1,-1
202,2,1020.59,247.10,188.23,161.55,1,-1,-1,-1
202,3,834.15,118.73,105.14,117.55,1,-1,-1,-1
202,4,1532.22,196.13,111.92,95.09,1,-1,-1,-1
202,6,1258.13,207.24,141.58,112.25,1,-1,-1,-1
203,1,887.12,194.32,145.65,181.75,1,-1,-1,-1
203,2,1016.37,248.69,193.32,159.65,1,-1,-1,-1
203,3,836.32,124.06,96.60,111.38,1,-1,-1,-1
203,4,1532.49,196.14,111.45,95.12,1,-1,-1,-1
203,6,1257.78,207.25,141.96,112.23,1,-1,-1,-1
204,1,885.02,194.94,143.53,181.79,1,-1,-1,-1
204,2,1002.62,246.40,200.12,161.93,1,-1,-1,-1
204,3,824.60,124.33,106.18,112.10,1,-1,-1,-1
204,4,1532.67,196.13,111.24,94.97,1,-1,-1,-1
204,6,1257.04,207.48,142.78,111.79,1,-1,-1,-1
204,7,1254.13,365.32,213.32,208.24,1,-1,-1,-1
205,1,884.65,192.56,138.49,190.31,1,-1,-1,-1
205,2,994.25,244.81,203.98,167.53,1,-1,-1,-1
205,3,832.28,138.05,87.67,96.95,1,-1,-1,-1
205,4,1532.33,196.07,111.76,95.19,1,-1,-1,-1
205,6,1257.41,207.33,142.13,112.12,1,-1,-1,-1
205,7,1251.75,370.05,220.57,203.59,1,-1,-1,-1
206,1,885.24,195.52,132.08,184.24,1,-1,-1,-1
206,2,987.27,245.48,204.54,169.80,1,-1,-1,-1
206,4,1532.24,196.21,111.88,94.90,1,-1,-1,-1
206,6,1257.23,207.21,142.42,112.28,1,-1,-1,-1
206,7,1251.27,380.62,222.81,193.73,1,-1,-1,-1
207,1,883.94,194.86,133.38,182.47,1,-1,-1,-1
207,2,979.81,246.21,199.55,166.51,1,-1,-1,-1
207,3,810.72,126.21,109.07,114.45,1,-1,-1,-1
207,4,1532.18,196.12,111.93,95.02,1,-1,-1,-1
207,6,1257.17,207.20,142.48,112.23,1,-1,-1,-1
207,7,1252.26,385.95,223.18,191.80,1,-1,-1,-1
208,1,885.48,198.95,130.40,181.13,1,-1,-1,-1
208,2,972.00,244.98,191.59,167.81,1,-1,-1,-1
208,4,1532.11,196.06,112.02,95.07,1,-1,-1,-1
208,6,1257.17,207.21,142.50,112.24,1,-1,-1,-1
208,7,1253.67,380.98,220.89,197.06,1,-1,-1,-1
209,1,887.85,194.57,126.15,186.89,1,-1,-1,-1
209,2,901.65,247.37,267.09,162.83,1,-1,-1,-1
209,3,805.99,129.46,104.06,107.32,1,-1,-1,-1
209,4,1532.10,196.05,111.99,95.01,1,-1,-1,-1
209,6,1257.30,207.16,142.38,112.38,1,-1,-1,-1
209,7,1254.44,365.99,217.57,214.36,1,-1,-1,-1
210,2,889.20,221.07,251.65,197.26,1,-1,-1,-1
210,4,1531.97,196.03,112.14,95.15,1,-1,-1,-1
210,6,1257.36,207.14,142.36,112.46,1,-1,-1,-1
210,7,1258.74,368.87,206.08,203.99,1,-1,-1,-1
210,11,1221.31,-0.02,146.24,109.31,1,-1,-1,-1
211,2,879.12,241.18,249.20,162.94,1,-1,-1,-1
211,4,1532.01,196.12,112.05,95.05,1,-1,-1,-1
211,6,1257.39,207.22,142.34,112.37,1,-1,-1,-1
211,7,1263.84,382.71,197.99,190.38,1,-1,-1,-1
211,11,1221.74,0.01,145.28,109.23,1,-1,-1,-1
212,2,923.69,244.34,181.81,164.10,1,-1,-1,-1
212,3,800.18,128.25,100.45,110.05,1,-1,-1,-1
212,4,1531.95,196.15,112.14,95.04,1,-1,-1,-1
212,6,1257.37,207.25,142.39,112.33,1,-1,-1,-1
212,7,1270.01,408.04,191.87,166.74,1,-1,-1,-1
212,11,1221.61,-0.13,145.72,109.70,1,-1,-1,-1
213,2,888.36,210.69,238.88,212.99,1,-1,-1,-1
213,3,796.32,128.60,104.79,109.96,1,-1,-1,-1
213,4,1531.95,196.15,112.12,95.14,1,-1,-1,-1
213,6,1257.49,207.28,142.21,112.28,1,-1,-1,-1
213,7,1275.10,396.13,189.17,188.43,1,-1,-1,-1
213,11,1222.04,0.02,144.95,109.42,1,-1,-1,-1
214,2,916.97,239.94,201.21,168.70,1,-1,-1,-1
214,3,792.86,128.41,109.41,112.32,1,-1,-1,-1
214,4,1532.06,196.21,111.98,95.01,1,-1,-1,-1
214,6,1257.60,207.31,142.10,112.26,1,-1,-1,-1
214,7,1276.27,372.61,190.71,213.05,1,-1,-1,-1
214,11,1222.29,-0.11,144.69,110.01,1,-1,-1,-1
215,2,911.29,242.39,216.58,177.48,1,-1,-1,-1
215,4,1532.14,196.06,111.83,95.25,1,-1,-1,-1
215,6,1257.76,207.35,141.97,112.26,1,-1,-1,-1
215,7,1271.85,364.76,201.56,214.15,1,-1,-1,-1
215,11,1221.29,-0.01,146.43,110.01,1,-1,-1,-1
216,2,904.64,245.92,225.88,179.80,1,-1,-1,-1
216,4,1531.93,195.11,112.38,96.24,1,-1,-1,-1
216,6,1257.89,207.36,141.85,112.29,1,-1,-1,-1
216,7,1272.62,360.99,203.94,215.03,1,-1,-1,-1
216,11,1221.28,0.06,146.16,109.87,1,-1,-1,-1
217,2,901.08,238.21,212.56,187.82,1,-1,-1,-1
217,3,795.99,123.73,115.69,115.72,1,-1,-1,-1
217,4,1532.00,194.90,112.36,96.13,1,-1,-1,-1
217,6,1257.92,207.40,141.88,112.26,1,-1,-1,-1
217,7,1315.76,443.62,149.52,111.67,1,-1,-1,-1
217,11,1220.99,0.05,146.56,109.84,1,-1,-1,-1
218,2,892.48,246.48,215.41,178.76,1,-1,-1,-1
218,4,1532.14,194.72,112.13,96.23,1,-1,-1,-1
218,6,1257.99,207.41,141.79,112.22,1,-1,-1,-1
218,7,1321.41,425.51,155.36,155.95,1,-1,-1,-1
218,12,1260.16,441.77,94.35,91.63,1,-1,-1,-1
219,2,889.47,246.91,209.46,178.54,1,-1,-1,-1
219,4,1532.22,194.65,111.85,96.31,1,-1,-1,-1
219,6,1258.12,207.29,141.61,112.41,1,-1,-1,-1
219,7,1281.60,417.57,209.41,168.05,1,-1,-1,-1
220,2,888.24,242.58,193.18,177.55,1,-1,-1,-1
220,4,1532.23,194.61,111.75,96.37,1,-1,-1,-1
220,6,1258.13,207.31,141.62,112.30,1,-1,-1,-1
220,7,1264.72,390.46,217.33,198.73,1,-1,-1,-1
221,2,879.22,240.65,189.43,179.59,1,-1,-1,-1
221,4,1532.28,195.59,111.56,95.27,1,-1,-1,-1
221,6,1258.01,207.29,141.81,112.26,1,-1,-1,-1
221,7,1254.19,366.71,216.61,217.22,1,-1,-1,-1
222,2,870.03,236.15,193.81,186.41,1,-1,-1,-1
222,4,1532.32,195.70,111.57,95.48,1,-1,-1,-1
222,6,1257.10,207.33,142.88,112.05,1,-1,-1,-1
222,7,1241.56,388.06,220.48,179.58,1,-1,-1,-1
223,2,860.05,231.45,202.80,193.59,1,-1,-1,-1
223,4,1532.36,195.87,111.49,95.25,1,-1,-1,-1
223,6,1257.56,207.26,142.01,112.27,1,-1,-1,-1
223,7,1233.95,384.92,217.38,185.97,1,-1,-1,-1
224,2,848.57,218.63,215.25,211.01,1,-1,-1,-1
224,4,1532.33,195.79,111.54,95.42,1,-1,-1,-1
224,6,1257.74,207.24,141.87,112.36,1,-1,-1,-1
224,7,1232.81,359.96,186.32,216.82,1,-1,-1,-1
225,2,840.54,221.46,222.13,204.12,1,-1,-1,-1
225,4,1532.33,195.85,111.55,95.24,1,-1,-1,-1
225,6,1257.79,207.17,141.93,112.40,1,-1,-1,-1
225,7,1260.38,369.97,130.60,141.27,1,-1,-1,-1
226,2,835.31,196.82,221.57,236.33,1,-1,-1,-1
226,4,1532.20,195.78,111.86,95.49,1,-1,-1,-1
226,6,1257.67,207.04,142.08,112.51,1,-1,-1,-1
226,7,1273.76,361.66,108.17,108.36,1,-1,-1,-1
227,2,832.50,225.21,219.31,196.77,1,-1,-1,-1
227,4,1532.11,195.79,112.26,95.47,1,-1,-1,-1
227,6,1257.76,207.02,142.07,112.53,1,-1,-1,-1
227,7,1226.94,330.98,164.24,189.34,1,-1,-1,-1
228,2,823.26,239.86,218.32,182.34,1,-1,-1,-1
228,4,1532.28,195.86,112.09,95.32,1,-1,-1,-1
228,6,1257.79,207.01,142.05,112.66,1,-1,-1,-1
228,7,1211.12,335.67,172.46,204.82,1,-1,-1,-1
229,2,817.12,247.41,208.56,178.68,1,-1,-1,-1
229,4,1531.95,195.84,112.62,95.54,1,-1,-1,-1
229,6,1257.80,207.03,142.02,112.75,1,-1,-1,-1
229,7,1198.81,342.89,177.60,207.89,1,-1,-1,-1
230,2,791.23,231.37,256.43,202.39,1,-1,-1,-1
230,4,1532.44,195.57,111.78,95.74,1,-1,-1,-1
230,6,1257.79,207.22,142.09,112.55,1,-1,-1,-1
230,7,1184.37,346.92,197.92,209.59,1,-1,-1,-1
231,2,801.61,244.16,205.43,180.78,1,-1,-1,-1
231,4,1532.40,195.64,112.09,95.57,1,-1,-1,-1
231,6,1257.82,207.29,142.11,112.44,1,-1,-1,-1
231,7,1179.06,350.20,195.14,200.70,1,-1,-1,-1
232,2,782.57,249.35,205.27,176.69,1,-1,-1,-1
232,4,1532.37,195.64,112.19,95.69,1,-1,-1,-1
232,6,1257.47,207.24,142.56,112.49,1,-1,-1,-1
232,7,1167.37,347.08,198.38,198.96,1,-1,-1,-1
232,13,950.03,266.25,116.59,94.41,1,-1,-1,-1
233,2,768.30,252.23,201.18,174.97,1,-1,-1,-1
233,4,1532.44,195.60,112.33,95.77,1,-1,-1,-1
233,6,1257.58,207.20,142.27,112.54,1,-1,-1,-1
233,7,1156.20,344.23,197.61,201.91,1,-1,-1,-1
233,13,945.63,260.59,118.24,104.53,1,-1,-1,-1
234,2,756.09,256.03,199.18,170.05,1,-1,-1,-1
234,4,1532.43,195.60,112.46,95.66,1,-1,-1,-1
234,6,1257.41,207.15,142.51,112.63,1,-1,-1,-1
234,7,1143.89,343.04,198.21,199.13,1,-1,-1,-1
234,13,923.13,261.03,142.99,102.57,1,-1,-1,-1
234,14,806.04,123.71,111.39,121.54,1,-1,-1,-1
235,2,742.41,255.54,198.50,172.66,1,-1,-1,-1
235,4,1532.45,195.59,112.23,95.73,1,-1,-1,-1
235,6,1257.17,207.19,142.78,112.55,1,-1,-1,-1
235,7,1126.80,341.93,202.96,197.12,1,-1,-1,-1
235,13,908.89,261.62,148.70,101.42,1,-1,-1,-1
236,2,731.43,255.43,193.35,171.30,1,-1,-1,-1
236,4,1532.43,195.61,112.20,95.58,1,-1,-1,-1
236,6,1257.02,207.17,142.90,112.54,1,-1,-1,-1
236,7,1110.73,339.85,205.57,196.90,1,-1,-1,-1
236,13,903.48,205.16,146.74,171.47,1,-1,-1,-1
236,14,806.79,122.60,106.26,122.89,1,-1,-1,-1
236,15,1219.91,0.24,147.71,108.99,1,-1,-1,-1
237,2,714.65,254.85,195.82,173.06,1,-1,-1,-1
237,4,1532.47,195.56,111.91,95.68,1,-1,-1,-1
237,6,1257.28,207.10,142.52,112.65,1,-1,-1,-1
237,7,1096.29,337.48,205.08,198.96,1,-1,-1,-1
237,13,897.55,250.13,150.24,99.99,1,-1,-1,-1
237,14,803.02,123.14,108.00,121.47,1,-1,-1,-1
237,15,1219.72,0.19,147.57,108.99,1,-1,-1,-1
238,2,702.14,255.54,192.92,172.42,1,-1,-1,-1
238,4,1532.41,195.60,111.91,95.65,1,-1,-1,-1
238,6,1257.34,207.13,142.47,112.63,1,-1,-1,-1
238,7,1077.91,337.07,212.07,197.98,1,-1,-1,-1
238,13,891.38,259.85,157.85,98.32,1,-1,-1,-1
238,14,801.72,122.98,106.46,122.48,1,-1,-1,-1
238,15,1219.93,0.07,146.43,109.11,1,-1,-1,-1
239,2,685.85,253.77,195.68,174.86,1,-1,-1,-1
239,4,1531.48,195.45,113.36,95.62,1,-1,-1,-1
239,6,1257.49,207.10,142.30,112.71,1,-1,-1,-1
239,7,1063.46,336.03,214.57,199.46,1,-1,-1,-1
239,13,891.47,251.29,158.09,114.48,1,-1,-1,-1
239,14,802.88,123.17,101.00,122.16,1,-1,-1,-1
239,15,1219.78,0.06,145.58,108.94,1,-1,-1,-1
240,2,673.22,254.69,190.64,173.57,1,-1,-1,-1
240,4,1532.30,195.50,111.87,95.71,1,-1,-1,-1
240,6,1257.65,207.12,142.14,112.68,1,-1,-1,-1
240,7,1046.98,335.05,220.44,200.97,1,-1,-1,-1
240,13,892.36,236.09,158.08,133.09,1,-1,-1,-1
240,14,803.81,129.08,97.88,114.59,1,-1,-1,-1
240,15,1218.93,0.16,146.46,108.21,1,-1,-1,-1
241,2,657.49,256.20,191.19,170.50,1,-1,-1,-1
241,4,1531.36,195.34,113.43,95.88,1,-1,-1,-1
241,6,1257.59,207.11,142.31,112.70,1,-1,-1,-1
241,7,1032.77,336.28,223.84,200.17,1,-1,-1,-1
241,13,893.30,224.99,158.03,142.65,1,-1,-1,-1
241,14,807.62,129.75,91.57,114.11,1,-1,-1,-1
241,15,1218.86,-0.17,146.70,109.06,1,-1,-1,-1
242,2,642.70,254.11,188.48,174.47,1,-1,-1,-1
242,4,1531.38,195.30,113.27,95.86,1,-1,-1,-1
242,6,1257.59,207.08,142.28,112.76,1,-1,-1,-1
242,7,1016.77,337.02,230.51,202.76,1,-1,-1,-1
242,13,894.05,218.39,157.96,146.68,1,-1,-1,-1
242,14,806.15,131.17,92.34,112.09,1,-1,-1,-1
242,15,1219.01,-0.22,145.80,109.66,1,-1,-1,-1
243,2,633.44,254.12,179.21,171.70,1,-1,-1,-1
243,4,1531.51,195.43,113.05,95.55,1,-1,-1,-1
243,6,1257.73,207.13,142.00,112.66,1,-1,-1,-1
243,7,1005.51,333.97,228.88,207.67,1,-1,-1,-1
243,13,898.62,195.72,143.78,161.10,1,-1,-1,-1
243,14,802.23,140.22,93.71,101.59,1,-1,-1,-1
243,15,1218.77,-0.05,146.74,109.57,1,-1,-1,-1
244,2,610.07,251.93,190.06,175.64,1,-1,-1,-1
244,4,1531.51,195.39,113.07,95.63,1,-1,-1,-1
244,6,1258.32,207.12,141.17,112.73,1,-1,-1,-1
244,7,996.45,341.14,227.01,195.04,1,-1,-1,-1
244,13,893.24,202.94,157.77,153.09,1,-1,-1,-1
244,14,796.21,154.63,95.00,85.91,1,-1,-1,-1
244,15,1218.99,-0.08,147.52,110.02,1,-1,-1,-1
245,2,595.29,252.34,186.59,170.99,1,-1,-1,-1
245,4,1531.49,195.40,113.13,95.61,1,-1,-1,-1
245,6,1257.30,207.24,142.16,112.29,1,-1,-1,-1
245,7,984.06,333.51,229.87,207.56,1,-1,-1,-1
245,13,894.35,207.76,157.59,150.84,1,-1,-1,-1
245,14,779.72,142.62,110.37,103.72,1,-1,-1,-1
246,2,577.94,251.80,187.60,173.02,1,-1,-1,-1
246,4,1531.29,194.45,113.58,96.67,1,-1,-1,-1
246,6,1257.72,207.16,141.15,112.63,1,-1,-1,-1
246,7,977.57,334.19,222.02,198.09,1,-1,-1,-1
246,13,895.12,196.18,156.70,168.86,1,-1,-1,-1
247,2,561.45,253.77,186.60,168.33,1,-1,-1,-1
247,4,1532.15,193.89,112.24,97.46,1,-1,-1,-1
247,6,1257.97,207.31,140.63,112.14,1,-1,-1,-1
247,7,970.56,329.08,220.06,209.33,1,-1,-1,-1
247,13,895.08,196.85,157.69,166.39,1,-1,-1,-1
248,2,542.97,253.84,190.38,172.34,1,-1,-1,-1
248,4,1532.30,193.97,112.22,97.11,1,-1,-1,-1
248,6,1258.13,207.18,139.61,112.64,1,-1,-1,-1
248,7,961.78,328.33,215.50,211.88,1,-1,-1,-1
248,13,895.63,200.22,156.55,162.12,1,-1,-1,-1
249,2,527.99,258.53,188.87,165.70,1,-1,-1,-1
249,4,1532.27,193.88,112.37,97.33,1,-1,-1,-1
249,6,1256.56,207.33,140.96,112.36,1,-1,-1,-1
249,7,956.84,328.01,206.63,213.85,1,-1,-1,-1
249,13,895.51,194.17,156.91,170.96,1,-1,-1,-1
250,2,513.84,261.43,187.25,165.45,1,-1,-1,-1
250,4,1532.39,194.00,112.29,97.08,1,-1,-1,-1
250,6,1254.22,206.82,143.12,113.70,1,-1,-1,-1
250,7,949.19,329.35,203.05,213.19,1,-1,-1,-1
250,13,895.62,196.32,156.01,167.27,1,-1,-1,-1
251,2,500.10,262.54,187.46,161.81,1,-1,-1,-1
251,6,1252.09,206.61,144.62,114.17,1,-1,-1,-1
251,7,942.56,329.53,199.12,214.35,1,-1,-1,-1
251,13,896.58,190.24,150.75,175.53,1,-1,-1,-1
252,2,482.75,249.60,194.46,179.87,1,-1,-1,-1
252,4,1532.82,195.62,111.82,94.89,1,-1,-1,-1
252,6,1249.73,206.52,146.33,114.83,1,-1,-1,-1
252,7,935.59,327.35,196.69,217.36,1,-1,-1,-1
252,13,900.32,188.60,129.29,175.92,1,-1,-1,-1
253,2,475.09,255.31,191.81,170.69,1,-1,-1,-1
253,4,1532.82,195.78,112.01,95.03,1,-1,-1,-1
253,6,1249.24,206.59,145.23,114.97,1,-1,-1,-1
253,7,926.89,324.64,197.20,221.82,1,-1,-1,-1
253,13,895.46,188.10,133.37,175.09,1,-1,-1,-1
254,2,467.53,255.08,194.82,171.73,1,-1,-1,-1
254,6,1250.31,207.34,142.43,113.47,1,-1,-1,-1
254,7,915.50,365.79,200.04,171.23,1,-1,-1,-1
254,13,892.17,187.28,142.79,176.29,1,-1,-1,-1
255,2,455.30,252.00,206.67,178.63,1,-1,-1,-1
255,4,1532.90,195.92,112.07,94.81,1,-1,-1,-1
255,6,1248.12,206.43,144.25,113.60,1,-1,-1,-1
255,7,904.97,328.62,195.59,231.04,1,-1,-1,-1
255,13,890.04,203.47,157.22,154.46,1,-1,-1,-1
256,2,453.86,252.55,206.56,177.30,1,-1,-1,-1
256,4,1532.80,195.99,112.18,94.48,1,-1,-1,-1
256,6,1247.37,205.89,144.17,113.95,1,-1,-1,-1
256,7,893.27,364.78,198.59,179.59,1,-1,-1,-1
256,13,893.48,191.19,155.13,174.32,1,-1,-1,-1
257,2,452.76,256.43,208.09,174.81,1,-1,-1,-1
257,4,1532.91,195.81,112.02,94.70,1,-1,-1,-1
257,6,1247.59,205.86,143.38,113.29,1,-1,-1,-1
257,7,882.76,379.05,201.86,171.65,1,-1,-1,-1
257,13,894.73,190.11,155.90,172.79,1,-1,-1,-1
258,2,451.51,250.91,209.50,185.41,1,-1,-1,-1
258,6,1248.06,205.72,142.20,113.54,1,-1,-1,-1
258,7,863.19,342.83,216.27,224.75,1,-1,-1,-1
258,13,897.28,189.89,154.19,171.43,1,-1,-1,-1
259,2,452.52,262.72,200.59,160.13,1,-1,-1,-1
259,6,1248.02,205.87,141.31,113.48,1,-1,-1,-1
259,7,844.06,329.32,224.77,235.38,1,-1,-1,-1
259,13,901.09,189.87,150.19,169.00,1,-1,-1,-1
260,2,453.65,260.81,196.87,165.28,1,-1,-1,-1
260,6,1247.80,206.15,140.40,113.18,1,-1,-1,-1
260,7,830.01,341.37,228.19,213.34,1,-1,-1,-1
260,13,904.20,211.62,147.42,141.85,1,-1,-1,-1
261,2,456.89,258.45,188.16,170.72,1,-1,-1,-1
261,4,1533.01,195.74,111.31,94.99,1,-1,-1,-1
261,6,1245.86,206.40,142.08,113.07,1,-1,-1,-1
261,7,815.46,365.79,234.38,183.62,1,-1,-1,-1
261,13,905.98,194.37,146.44,169.01,1,-1,-1,-1
262,2,452.54,256.13,186.94,178.93,1,-1,-1,-1
262,4,1533.04,195.81,111.16,94.75,1,-1,-1,-1
262,6,1246.83,206.03,139.06,115.25,1,-1,-1,-1
262,7,806.35,361.37,225.14,167.57,1,-1,-1,-1
262,13,904.71,191.81,148.72,169.59,1,-1,-1,-1
263,2,447.05,256.53,181.14,178.67,1,-1,-1,-1
263,4,1532.82,195.69,111.43,95.07,1,-1,-1,-1
263,6,1247.92,206.57,137.31,114.90,1,-1,-1,-1
263,7,788.72,358.30,239.56,189.46,1,-1,-1,-1
263,13,901.86,190.30,151.97,170.41,1,-1,-1,-1
264,2,445.81,258.94,185.75,171.51,1,-1,-1,-1
264,4,1532.90,195.74,111.30,94.96,1,-1,-1,-1
264,6,1247.11,206.71,138.42,114.75,1,-1,-1,-1
264,7,777.11,345.64,239.79,206.79,1,-1,-1,-1
264,13,900.15,189.59,153.08,171.14,1,-1,-1,-1
265,2,447.54,252.31,190.15,180.21,1,-1,-1,-1
265,4,1532.92,195.72,111.27,95.01,1,-1,-1,-1
265,6,1247.97,206.64,136.61,114.79,1,-1,-1,-1
265,7,768.60,340.01,234.81,209.87,1,-1,-1,-1
265,13,897.62,189.45,155.32,171.37,1,-1,-1,-1
266,2,444.08,242.45,200.32,195.86,1,-1,-1,-1
266,4,1532.97,195.68,111.18,95.45,1,-1,-1,-1
266,6,1246.58,206.65,137.66,114.75,1,-1,-1,-1
266,7,753.71,337.00,240.18,209.18,1,-1,-1,-1
266,13,895.81,213.91,157.27,141.94,1,-1,-1,-1
267,2,442.21,240.43,203.85,193.98,1,-1,-1,-1
267,6,1246.67,206.54,136.03,115.08,1,-1,-1,-1
267,7,742.32,338.80,239.88,201.13,1,-1,-1,-1
267,13,896.15,215.95,156.20,146.16,1,-1,-1,-1
268,6,1245.48,207.13,136.03,113.74,1,-1,-1,-1
268,7,735.14,333.26,233.27,208.23,1,-1,-1,-1
268,13,894.91,202.69,157.79,165.99,1,-1,-1,-1
269,2,455.12,247.07,180.90,173.91,1,-1,-1,-1
269,6,1243.94,207.20,136.38,114.02,1,-1,-1,-1
269,7,724.76,328.82,232.05,212.72,1,-1,-1,-1
269,13,894.20,203.33,158.51,162.04,1,-1,-1,-1
270,2,438.23,242.74,195.99,190.14,1,-1,-1,-1
270,4,1532.95,195.91,111.19,94.52,1,-1,-1,-1
270,6,1241.26,207.79,140.14,113.23,1,-1,-1,-1
270,7,713.75,328.12,230.39,209.69,1,-1,-1,-1
270,13,894.42,206.64,158.11,156.83,1,-1,-1,-1
271,4,1532.91,195.87,111.30,94.56,1,-1,-1,-1
271,6,1239.26,207.10,141.52,114.76,1,-1,-1,-1
271,7,709.38,327.39,220.09,208.75,1,-1,-1,-1
271,13,894.86,222.38,157.53,137.40,1,-1,-1,-1
272,2,427.47,251.79,184.68,184.51,1,-1,-1,-1
272,4,1532.81,195.96,111.33,94.25,1,-1,-1,-1
272,6,1238.14,207.16,140.20,114.85,1,-1,-1,-1
272,7,703.84,321.98,213.24,214.58,1,-1,-1,-1
272,13,894.81,207.94,157.59,160.23,1,-1,-1,-1
273,4,1532.87,195.89,111.21,94.35,1,-1,-1,-1
273,6,1237.53,207.95,138.80,113.50,1,-1,-1,-1
273,7,699.86,335.25,204.38,195.00,1,-1,-1,-1
273,13,894.80,209.59,157.60,155.49,1,-1,-1,-1
274,2,413.87,254.55,202.61,186.36,1,-1,-1,-1
274,4,1532.97,196.00,111.25,94.05,1,-1,-1,-1
274,6,1234.82,208.18,138.83,112.67,1,-1,-1,-1
274,7,698.83,323.64,189.30,210.99,1,-1,-1,-1
274,13,895.21,207.82,157.13,157.11,1,-1,-1,-1
275,2,400.89,251.80,219.32,192.16,1,-1,-1,-1
275,4,1532.96,195.93,111.29,94.17,1,-1,-1,-1
275,6,1231.44,208.75,140.32,111.78,1,-1,-1,-1
275,7,692.42,320.43,192.30,214.13,1,-1,-1,-1
275,13,895.27,213.24,157.10,149.59,1,-1,-1,-1
276,6,1229.70,208.87,138.29,111.64,1,-1,-1,-1
276,7,687.08,320.97,194.41,206.03,1,-1,-1,-1
276,13,895.14,229.27,157.32,130.53,1,-1,-1,-1
277,6,1228.20,207.12,136.15,114.16,1,-1,-1,-1
277,7,675.40,314.84,201.15,213.54,1,-1,-1,-1
277,13,901.72,198.44,148.64,173.59,1,-1,-1,-1
278,2,395.97,290.49,200.49,159.76,1,-1,-1,-1
278,6,1224.39,203.96,136.42,116.27,1,-1,-1,-1
278,7,662.32,312.46,210.04,216.09,1,-1,-1,-1
278,13,904.51,192.85,146.75,173.20,1,-1,-1,-1
279,6,1220.85,203.97,136.32,115.97,1,-1,-1,-1
279,7,652.82,312.81,215.35,216.70,1,-1,-1,-1
279,13,905.98,189.66,146.08,173.30,1,-1,-1,-1
280,2,387.27,301.03,195.15,160.16,1,-1,-1,-1
280,6,1217.35,205.26,136.34,113.41,1,-1,-1,-1
280,7,642.35,312.05,224.43,220.58,1,-1,-1,-1
280,13,904.73,188.40,148.20,173.30,1,-1,-1,-1
281,2,381.92,273.30,189.13,196.04,1,-1,-1,-1
281,6,1212.67,205.21,137.50,113.73,1,-1,-1,-1
281,7,633.83,313.91,228.72,221.01,1,-1,-1,-1
281,13,904.98,188.14,147.50,173.31,1,-1,-1,-1
282,4,1532.80,195.48,112.13,94.84,1,-1,-1,-1
282,6,1207.40,203.40,141.41,116.14,1,-1,-1,-1
282,7,639.48,319.29,214.93,190.77,1,-1,-1,-1
282,13,908.16,188.28,143.39,172.85,1,-1,-1,-1
283,4,1532.86,195.29,111.67,95.22,1,-1,-1,-1
283,6,1201.46,203.46,144.73,116.69,1,-1,-1,-1
283,7,637.20,313.34,215.32,192.14,1,-1,-1,-1
283,13,897.22,195.45,158.18,165.26,1,-1,-1,-1
284,6,1198.50,206.92,142.31,110.18,1,-1,-1,-1
284,7,621.21,305.88,228.60,220.20,1,-1,-1,-1
284,13,907.44,190.22,142.27,173.34,1,-1,-1,-1
285,6,1195.74,205.57,141.33,111.92,1,-1,-1,-1
285,7,650.86,318.66,179.17,183.98,1,-1,-1,-1
285,13,905.99,189.56,146.03,174.05,1,-1,-1,-1
286,2,319.25,274.65,210.52,195.99,1,-1,-1,-1
286,6,1189.77,203.91,146.74,114.78,1,-1,-1,-1
286,7,616.79,322.43,219.73,201.11,1,-1,-1,-1
286,13,896.91,200.85,157.93,160.30,1,-1,-1,-1
287,2,322.23,283.08,194.63,182.35,1,-1,-1,-1
287,6,1185.45,202.88,149.72,114.28,1,-1,-1,-1
287,7,614.89,319.68,203.97,189.19,1,-1,-1,-1
287,13,894.32,207.91,159.01,154.70,1,-1,-1,-1
288,6,1182.57,201.49,151.90,116.55,1,-1,-1,-1
288,7,603.79,315.41,202.75,213.87,1,-1,-1,-1
288,13,894.07,207.42,157.87,157.95,1,-1,-1,-1
289,2,278.71,279.30,221.29,206.66,1,-1,-1,-1
289,6,1182.04,199.69,152.10,119.15,1,-1,-1,-1
289,7,596.32,326.02,197.63,208.05,1,-1,-1,-1
289,13,893.72,207.57,158.06,158.08,1,-1,-1,-1
290,2,262.35,290.91,222.59,198.97,1,-1,-1,-1
290,4,1533.27,195.54,110.95,94.33,1,-1,-1,-1
290,6,1182.62,199.91,151.83,118.34,1,-1,-1,-1
290,7,590.02,332.62,195.55,205.71,1,-1,-1,-1
290,13,893.53,222.72,158.41,138.61,1,-1,-1,-1
291,2,245.65,294.31,218.56,202.14,1,-1,-1,-1
291,6,1182.91,202.18,152.67,115.97,1,-1,-1,-1
291,7,583.34,326.96,194.69,218.45,1,-1,-1,-1
291,13,893.66,227.08,158.46,136.74,1,-1,-1,-1
292,2,234.40,297.79,216.22,201.10,1,-1,-1,-1
292,4,1533.24,195.63,111.11,94.17,1,-1,-1,-1
292,6,1185.38,206.34,151.23,112.78,1,-1,-1,-1
292,7,576.01,326.58,196.42,221.05,1,-1,-1,-1
292,13,893.84,226.30,158.43,139.68,1,-1,-1,-1
293,2,229.65,298.78,216.22,201.10,1,-1,-1,-1
293,4,1533.25,195.63,111.11,94.18,1,-1,-1,-1
293,6,1186.47,207.78,151.20,112.78,1,-1,-1,-1
293,7,573.52,326.68,196.43,220.99,1,-1,-1,-1
293,13,893.98,226.24,158.43,139.69,1,-1,-1,-1
294,2,226.07,305.74,192.27,190.21,1,-1,-1,-1
294,4,1533.23,195.63,111.20,94.22,1,-1,-1,-1
294,6,1187.29,209.76,150.59,111.22,1,-1,-1,-1
294,7,563.27,329.91,202.18,220.84,1,-1,-1,-1
294,13,904.18,198.35,145.50,173.15,1,-1,-1,-1
295,2,214.46,306.80,182.80,191.84,1,-1,-1,-1
295,6,1185.58,206.65,153.34,114.19,1,-1,-1,-1
295,7,550.62,334.34,211.77,222.15,1,-1,-1,-1
295,13,896.19,224.49,158.51,133.13,1,-1,-1,-1
296,2,196.08,336.83,181.78,165.07,1,-1,-1,-1
296,6,1185.22,206.95,153.42,112.60,1,-1,-1,-1
296,7,543.81,340.26,211.66,219.05,1,-1,-1,-1
296,13,895.06,239.75,158.71,118.81,1,-1,-1,-1
297,2,178.24,318.39,182.37,198.78,1,-1,-1,-1
297,6,1184.83,205.37,153.96,114.63,1,-1,-1,-1
297,7,527.55,338.67,222.56,227.18,1,-1,-1,-1
297,13,894.46,246.80,158.74,115.68,1,-1,-1,-1
298,2,156.43,372.30,194.53,130.99,1,-1,-1,-1
298,6,1184.36,206.07,155.76,114.45,1,-1,-1,-1
298,7,535.09,419.43,126.40,120.29,1,-1,-1,-1
298,13,894.14,247.45,158.71,118.27,1,-1,-1,-1
299,2,137.74,335.01,199.49,192.95,1,-1,-1,-1
299,6,1185.59,207.93,155.38,112.96,1,-1,-1,-1
299,7,484.30,363.52,230.89,217.03,1,-1,-1,-1
299,13,894.12,224.07,158.35,148.58,1,-1,-1,-1
300,2,120.22,367.23,205.47,146.54,1,-1,-1,-1
300,6,1187.41,209.32,154.77,111.60,1,-1,-1,-1
300,7,482.07,347.23,231.75,231.45,1,-1,-1,-1
300,13,894.06,215.07,158.33,153.44,1,-1,-1,-1
301,2,104.30,341.32,211.90,188.65,1,-1,-1,-1
301,4,1533.49,195.79,110.71,94.21,1,-1,-1,-1
301,6,1188.87,210.33,155.02,112.64,1,-1,-1,-1
301,7,494.29,431.35,153.90,117.05,1,-1,-1,-1
301,13,894.05,210.11,158.30,155.13,1,-1,-1,-1
