2,1,939.78,226.41,164.34,165.68,1,-1,-1,-1
2,2,1112.05,269.23,169.82,164.00,1,-1,-1,-1
2,3,824.47,121.29,111.75,114.74,1,-1,-1,-1
2,4,1531.50,194.80,113.45,94.59,1,-1,-1,-1
3,1,937.58,211.94,166.86,174.12,1,-1,-1,-1
3,3,824.52,121.04,111.76,114.91,1,-1,-1,-1
3,4,1531.67,195.50,113.07,95.28,1,-1,-1,-1
3,6,1227.15,211.43,127.26,111.94,1,-1,-1,-1
4,1,937.48,208.33,167.35,177.70,1,-1,-1,-1
4,3,824.81,121.40,111.32,114.48,1,-1,-1,-1
4,4,1531.63,194.79,113.16,95.08,1,-1,-1,-1
4,6,1230.57,212.23,127.82,111.58,1,-1,-1,-1
4,7,1121.01,253.55,162.01,178.43,1,-1,-1,-1
5,1,934.67,207.15,161.37,177.83,1,-1,-1,-1
5,3,825.01,121.08,111.28,114.63,1,-1,-1,-1
5,4,1531.60,194.61,113.21,94.98,1,-1,-1,-1
5,6,1234.68,213.72,125.58,110.02,1,-1,-1,-1
5,7,1117.89,255.46,166.23,174.27,1,-1,-1,-1
6,1,937.86,206.79,163.60,180.51,1,-1,-1,-1
6,3,824.82,120.77,111.40,114.87,1,-1,-1,-1
6,4,1531.50,193.59,113.68,95.56,1,-1,-1,-1
6,6,1239.66,214.30,121.97,108.47,1,-1,-1,-1
6,7,1116.17,257.61,172.53,175.56,1,-1,-1,-1
7,1,937.49,206.70,162.87,181.01,1,-1,-1,-1
7,3,824.48,120.67,111.51,115.03,1,-1,-1,-1
7,4,1531.91,193.39,113.30,95.93,1,-1,-1,-1
7,6,1239.68,214.25,120.93,107.78,1,-1,-1,-1
7,7,1114.95,253.29,178.61,179.66,1,-1,-1,-1
8,1,937.39,206.63,162.05,181.19,1,-1,-1,-1
8,3,824.15,120.39,111.76,115.35,1,-1,-1,-1
8,4,1531.68,193.13,113.56,96.05,1,-1,-1,-1
8,6,1238.27,213.14,120.88,107.83,1,-1,-1,-1
8,7,1114.08,253.89,183.13,182.89,1,-1,-1,-1
9,1,937.82,206.74,162.23,181.54,1,-1,-1,-1
9,3,824.23,119.12,111.91,116.27,1,-1,-1,-1
9,4,1532.07,193.11,113.14,96.25,1,-1,-1,-1
9,5,1222.98,-0.00,140.53,109.80,1,-1,-1,-1
9,6,1235.40,212.42,122.46,108.51,1,-1,-1,-1
9,7,1116.47,255.57,183.56,181.36,1,-1,-1,-1
10,1,935.84,206.13,159.24,181.63,1,-1,-1,-1
10,3,824.47,118.91,111.71,116.54,1,-1,-1,-1
10,4,1532.27,193.14,112.83,96.38,1,-1,-1,-1
10,5,1223.14,-0.03,140.79,109.74,1,-1,-1,-1
10,6,1231.48,211.19,125.36,109.71,1,-1,-1,-1
10,7,1117.32,253.83,184.65,181.56,1,-1,-1,-1
11,1,939.35,231.28,160.82,165.17,1,-1,-1,-1
11,3,824.48,118.82,111.69,116.78,1,-1,-1,-1
11,4,1531.91,193.95,112.94,95.86,1,-1,-1,-1
11,6,1228.13,209.70,128.37,111.10,1,-1,-1,-1
11,7,1118.44,252.95,184.67,181.09,1,-1,-1,-1
12,1,940.60,243.24,161.59,154.51,1,-1,-1,-1
12,3,824.55,118.71,111.66,116.98,1,-1,-1,-1
12,4,1531.78,194.38,113.00,95.47,1,-1,-1,-1
12,5,1223.26,0.04,140.59,109.70,1,-1,-1,-1
12,6,1226.04,208.10,130.92,112.50,1,-1,-1,-1
12,7,1122.96,256.69,182.33,178.95,1,-1,-1,-1
13,1,940.65,241.55,162.66,152.70,1,-1,-1,-1
13,3,824.31,119.36,111.66,116.68,1,-1,-1,-1
13,4,1531.71,194.59,113.07,95.19,1,-1,-1,-1
13,5,1223.33,0.01,140.43,109.60,1,-1,-1,-1
13,6,1224.00,206.47,133.58,114.07,1,-1,-1,-1
13,7,1126.05,256.28,180.74,178.63,1,-1,-1,-1
14,1,940.54,242.74,163.37,150.44,1,-1,-1,-1
14,3,824.15,118.78,111.51,116.99,1,-1,-1,-1
14,4,1531.67,194.74,113.11,95.01,1,-1,-1,-1
14,5,1223.34,-0.14,140.20,109.20,1,-1,-1,-1
14,6,1223.84,204.40,135.41,115.73,1,-1,-1,-1
14,7,1132.95,257.66,176.98,176.14,1,-1,-1,-1
15,1,939.56,229.81,165.28,157.38,1,-1,-1,-1
15,3,823.80,118.22,111.69,117.34,1,-1,-1,-1
15,4,1531.59,194.83,113.29,94.85,1,-1,-1,-1
15,5,1223.26,-0.41,139.72,108.35,1,-1,-1,-1
15,6,1221.89,202.44,138.11,117.34,1,-1,-1,-1
15,7,1138.09,258.29,174.63,174.79,1,-1,-1,-1
16,1,939.08,226.06,166.01,161.04,1,-1,-1,-1
16,3,824.33,117.83,111.34,117.61,1,-1,-1,-1
16,4,1531.62,194.84,113.32,94.67,1,-1,-1,-1
16,5,1223.23,-0.33,139.32,107.86,1,-1,-1,-1
16,6,1224.21,202.41,138.30,117.33,1,-1,-1,-1
16,7,1145.30,258.55,170.62,171.32,1,-1,-1,-1
17,1,937.94,217.68,165.69,166.56,1,-1,-1,-1
17,3,824.45,117.54,110.75,118.02,1,-1,-1,-1
17,4,1531.65,195.44,113.01,95.16,1,-1,-1,-1
17,5,1223.34,0.08,139.31,108.10,1,-1,-1,-1
17,6,1228.59,203.31,137.12,116.75,1,-1,-1,-1
17,7,1149.55,263.00,167.43,167.05,1,-1,-1,-1
18,1,939.27,215.67,166.50,169.13,1,-1,-1,-1
18,3,824.62,118.49,109.13,117.72,1,-1,-1,-1
18,4,1531.65,195.07,113.03,94.97,1,-1,-1,-1
18,5,1223.46,0.67,139.68,109.13,1,-1,-1,-1
18,6,1230.90,202.52,136.96,115.69,1,-1,-1,-1
18,7,1153.59,263.43,166.68,163.63,1,-1,-1,-1
19,1,939.02,234.00,166.88,159.55,1,-1,-1,-1
19,3,823.04,118.48,108.58,117.81,1,-1,-1,-1
19,5,1223.62,0.34,139.60,109.18,1,-1,-1,-1
19,6,1234.71,201.55,135.62,114.85,1,-1,-1,-1
19,7,1155.66,263.59,168.09,162.63,1,-1,-1,-1
20,1,938.81,239.37,166.87,155.22,1,-1,-1,-1
20,3,822.51,118.38,108.55,117.99,1,-1,-1,-1
20,4,1531.67,195.56,112.85,95.68,1,-1,-1,-1
20,6,1237.19,201.59,134.77,113.95,1,-1,-1,-1
20,7,1157.08,263.96,170.11,162.14,1,-1,-1,-1
21,1,938.63,247.56,166.89,149.66,1,-1,-1,-1
21,3,820.24,120.11,109.75,117.21,1,-1,-1,-1
21,4,1531.62,195.00,113.00,95.47,1,-1,-1,-1
21,5,1223.98,0.23,139.67,109.30,1,-1,-1,-1
21,6,1240.11,203.32,134.28,113.38,1,-1,-1,-1
21,7,1158.52,263.94,172.42,162.10,1,-1,-1,-1
22,1,939.10,227.40,167.88,158.13,1,-1,-1,-1
22,3,819.72,121.07,110.15,116.59,1,-1,-1,-1
22,4,1531.53,194.68,113.10,95.43,1,-1,-1,-1
22,6,1243.40,204.64,133.64,112.91,1,-1,-1,-1
22,7,1160.60,259.42,174.14,164.51,1,-1,-1,-1
23,1,939.22,218.11,168.25,164.54,1,-1,-1,-1
23,3,819.52,121.30,110.43,116.23,1,-1,-1,-1
23,4,1531.70,195.03,112.78,95.83,1,-1,-1,-1
23,6,1251.15,205.57,130.04,112.08,1,-1,-1,-1
23,7,1163.64,260.81,173.76,163.17,1,-1,-1,-1
24,1,938.52,237.02,168.24,155.78,1,-1,-1,-1
24,3,819.56,120.96,110.56,116.09,1,-1,-1,-1
24,7,1171.76,234.53,189.09,181.71,1,-1,-1,-1
25,1,938.90,222.74,168.81,162.54,1,-1,-1,-1
25,3,820.80,120.46,109.92,116.24,1,-1,-1,-1
25,4,1531.92,195.13,112.49,96.10,1,-1,-1,-1
25,6,1255.93,206.50,129.64,111.91,1,-1,-1,-1
25,7,1169.18,252.43,184.73,177.02,1,-1,-1,-1
26,1,938.15,215.63,169.00,167.90,1,-1,-1,-1
26,3,821.79,119.61,109.31,116.19,1,-1,-1,-1
26,4,1532.05,195.00,112.30,96.45,1,-1,-1,-1
26,7,1177.93,232.85,192.13,191.18,1,-1,-1,-1
27,1,938.16,235.59,169.01,158.06,1,-1,-1,-1
27,3,825.05,119.25,107.39,115.93,1,-1,-1,-1
27,4,1532.20,195.10,112.28,96.61,1,-1,-1,-1
27,6,1266.45,207.03,127.61,111.47,1,-1,-1,-1
27,7,1178.97,248.92,182.98,186.29,1,-1,-1,-1
28,1,937.84,223.23,169.34,164.18,1,-1,-1,-1
28,3,826.06,118.87,106.41,116.12,1,-1,-1,-1
28,4,1532.34,194.87,112.06,96.40,1,-1,-1,-1
28,6,1268.26,207.69,128.27,110.86,1,-1,-1,-1
28,7,1152.99,246.35,195.09,189.59,1,-1,-1,-1
29,1,937.75,217.43,169.47,168.87,1,-1,-1,-1
29,3,827.74,120.10,104.94,116.10,1,-1,-1,-1
29,4,1532.30,195.20,112.02,96.43,1,-1,-1,-1
29,6,1272.03,207.62,127.37,110.31,1,-1,-1,-1
29,7,1145.18,246.13,203.05,191.66,1,-1,-1,-1
30,1,938.00,216.23,169.32,171.53,1,-1,-1,-1
30,3,826.82,120.88,105.80,115.41,1,-1,-1,-1
30,4,1532.58,194.94,111.88,96.16,1,-1,-1,-1
30,6,1274.32,206.80,126.87,109.84,1,-1,-1,-1
30,7,1146.61,250.52,206.69,190.78,1,-1,-1,-1
31,1,938.04,225.05,169.10,167.39,1,-1,-1,-1
31,3,827.99,120.55,105.96,115.28,1,-1,-1,-1
31,4,1532.54,194.96,111.89,96.13,1,-1,-1,-1
31,6,1273.86,206.03,127.91,110.02,1,-1,-1,-1
31,7,1145.59,257.53,211.82,190.28,1,-1,-1,-1
32,1,938.09,235.92,169.01,160.10,1,-1,-1,-1
32,3,827.59,120.07,106.58,115.53,1,-1,-1,-1
32,4,1532.29,194.74,112.26,95.87,1,-1,-1,-1
32,6,1275.22,205.88,127.18,110.06,1,-1,-1,-1
32,7,1142.19,254.77,219.51,194.16,1,-1,-1,-1
33,1,938.35,242.92,168.85,153.91,1,-1,-1,-1
33,3,826.16,121.78,107.40,115.37,1,-1,-1,-1
33,4,1532.42,194.74,112.07,95.81,1,-1,-1,-1
33,7,1143.29,246.44,226.25,202.20,1,-1,-1,-1
34,1,938.73,246.78,168.28,149.99,1,-1,-1,-1
34,3,825.86,121.16,108.82,115.10,1,-1,-1,-1
34,4,1532.49,194.80,111.92,95.81,1,-1,-1,-1
34,7,1142.37,242.86,233.69,209.14,1,-1,-1,-1
35,1,938.82,248.89,168.13,146.71,1,-1,-1,-1
35,3,829.76,117.96,109.34,115.88,1,-1,-1,-1
35,4,1532.18,194.66,112.34,95.63,1,-1,-1,-1
35,7,1151.22,243.24,234.47,211.97,1,-1,-1,-1
36,1,940.33,232.07,168.13,154.08,1,-1,-1,-1
36,3,828.23,117.07,112.59,116.24,1,-1,-1,-1
36,4,1532.29,194.08,112.26,96.00,1,-1,-1,-1
36,6,1272.34,206.85,128.73,110.74,1,-1,-1,-1
36,7,1135.52,229.87,223.38,197.05,1,-1,-1,-1
37,1,939.50,240.70,167.78,151.08,1,-1,-1,-1
37,3,828.97,115.17,114.32,117.37,1,-1,-1,-1
37,4,1532.31,193.95,112.18,96.28,1,-1,-1,-1
37,6,1271.58,206.57,129.44,110.85,1,-1,-1,-1
37,7,1128.11,227.23,208.96,187.27,1,-1,-1,-1
37,8,1220.36,319.15,179.76,152.02,1,-1,-1,-1
38,1,938.88,224.75,169.15,159.40,1,-1,-1,-1
38,3,827.46,113.52,117.15,118.78,1,-1,-1,-1
38,4,1532.29,193.74,112.15,96.55,1,-1,-1,-1
38,8,1154.11,254.20,252.74,215.62,1,-1,-1,-1
39,1,938.66,224.43,168.92,162.34,1,-1,-1,-1
39,3,827.01,112.49,118.99,119.78,1,-1,-1,-1
39,4,1532.36,193.66,112.14,96.71,1,-1,-1,-1
39,6,1270.98,206.60,130.10,111.06,1,-1,-1,-1
39,7,1131.17,233.63,194.81,174.40,1,-1,-1,-1
39,8,1198.24,291.34,224.92,192.08,1,-1,-1,-1
40,1,938.67,237.40,168.80,156.08,1,-1,-1,-1
40,3,827.35,111.66,120.05,120.46,1,-1,-1,-1
40,4,1532.38,193.60,112.14,96.76,1,-1,-1,-1
40,6,1270.47,206.79,130.56,111.43,1,-1,-1,-1
40,7,1136.89,237.13,185.17,164.81,1,-1,-1,-1
40,8,1215.14,298.24,212.60,185.03,1,-1,-1,-1
41,1,938.72,231.18,168.60,159.19,1,-1,-1,-1
41,3,827.35,111.06,120.87,121.28,1,-1,-1,-1
41,4,1532.11,194.73,112.10,96.63,1,-1,-1,-1
41,6,1269.61,206.89,131.28,111.78,1,-1,-1,-1
41,7,1137.89,239.32,179.81,158.68,1,-1,-1,-1
41,8,1225.06,300.81,207.86,184.97,1,-1,-1,-1
42,1,938.76,240.52,168.54,153.84,1,-1,-1,-1
42,3,826.52,111.10,121.87,121.92,1,-1,-1,-1
42,4,1532.00,195.12,112.08,96.60,1,-1,-1,-1
42,6,1268.93,206.71,131.95,111.87,1,-1,-1,-1
42,7,1144.53,241.17,175.26,154.73,1,-1,-1,-1
42,8,1232.24,302.84,203.34,185.55,1,-1,-1,-1
43,1,938.72,231.33,168.67,158.11,1,-1,-1,-1
43,3,825.40,111.06,122.10,122.34,1,-1,-1,-1
43,4,1531.97,195.32,112.11,96.59,1,-1,-1,-1
43,6,1269.53,206.68,131.80,111.91,1,-1,-1,-1
43,7,1145.87,244.60,177.90,155.38,1,-1,-1,-1
43,8,1239.61,309.08,196.14,181.57,1,-1,-1,-1
44,1,938.70,233.02,168.38,157.94,1,-1,-1,-1
44,3,824.98,110.77,122.69,122.93,1,-1,-1,-1
44,4,1531.93,195.41,112.18,96.57,1,-1,-1,-1
44,6,1270.49,206.95,131.20,112.27,1,-1,-1,-1
44,7,1146.37,244.29,181.82,157.82,1,-1,-1,-1
44,8,1247.60,319.48,189.92,177.62,1,-1,-1,-1
45,1,938.70,230.89,168.29,159.56,1,-1,-1,-1
45,3,824.58,111.96,123.23,122.62,1,-1,-1,-1
45,4,1532.24,195.04,112.08,96.19,1,-1,-1,-1
45,6,1269.60,206.78,131.64,112.48,1,-1,-1,-1
45,7,1143.50,242.95,186.12,159.80,1,-1,-1,-1
45,8,1255.26,326.18,185.47,174.84,1,-1,-1,-1
46,1,939.22,219.55,168.85,165.74,1,-1,-1,-1
46,3,824.12,112.41,123.68,122.44,1,-1,-1,-1
46,4,1532.34,194.95,112.04,95.90,1,-1,-1,-1
46,6,1269.05,206.71,131.83,112.67,1,-1,-1,-1
46,7,1140.17,240.48,182.23,161.20,1,-1,-1,-1
46,8,1261.68,329.50,182.27,172.50,1,-1,-1,-1
47,1,938.62,236.19,169.15,157.85,1,-1,-1,-1
47,3,823.77,112.43,124.08,122.43,1,-1,-1,-1
47,4,1532.49,194.95,111.96,95.56,1,-1,-1,-1
47,6,1269.34,206.56,131.59,112.64,1,-1,-1,-1
47,7,1140.91,242.71,176.95,160.09,1,-1,-1,-1
47,8,1268.00,339.49,177.91,163.56,1,-1,-1,-1
48,1,938.46,245.25,169.12,151.47,1,-1,-1,-1
48,3,823.62,112.36,124.41,122.55,1,-1,-1,-1
48,4,1532.48,195.04,111.84,95.39,1,-1,-1,-1
48,6,1269.00,206.56,131.80,112.79,1,-1,-1,-1
48,7,1146.80,245.82,170.04,157.65,1,-1,-1,-1
48,8,1271.98,334.21,176.57,162.96,1,-1,-1,-1
49,1,938.52,245.45,168.85,149.63,1,-1,-1,-1
49,3,823.06,111.85,124.46,123.05,1,-1,-1,-1
49,4,1532.13,194.95,112.29,95.22,1,-1,-1,-1
49,6,1267.93,206.49,132.47,112.90,1,-1,-1,-1
49,7,1150.98,247.75,164.64,155.61,1,-1,-1,-1
49,8,1275.74,322.88,178.70,170.27,1,-1,-1,-1
50,1,938.54,236.82,168.65,153.61,1,-1,-1,-1
50,3,823.55,111.45,124.39,123.41,1,-1,-1,-1
50,4,1531.89,194.72,112.63,95.32,1,-1,-1,-1
50,6,1269.43,206.24,131.75,112.60,1,-1,-1,-1
50,7,1153.10,250.57,164.38,154.40,1,-1,-1,-1
50,8,1280.02,326.35,182.27,171.50,1,-1,-1,-1
51,1,938.70,235.52,168.31,155.04,1,-1,-1,-1
51,3,824.14,110.89,125.74,124.43,1,-1,-1,-1
51,6,1269.54,206.13,131.68,112.31,1,-1,-1,-1
51,7,1156.35,252.92,163.74,153.33,1,-1,-1,-1
51,8,1283.30,323.00,185.44,176.29,1,-1,-1,-1
52,1,938.85,238.48,167.97,153.80,1,-1,-1,-1
52,3,824.39,110.90,127.02,125.52,1,-1,-1,-1
52,4,1530.83,196.03,113.30,96.76,1,-1,-1,-1
52,6,1269.45,206.04,131.75,111.97,1,-1,-1,-1
52,7,1160.84,254.66,162.59,151.93,1,-1,-1,-1
52,8,1283.05,330.05,190.37,176.24,1,-1,-1,-1
53,1,938.93,247.65,167.84,148.07,1,-1,-1,-1
53,3,824.91,111.08,127.28,126.04,1,-1,-1,-1
53,4,1531.44,195.38,112.93,96.50,1,-1,-1,-1
53,6,1269.87,206.09,131.38,111.66,1,-1,-1,-1
53,7,1167.79,258.06,165.71,153.90,1,-1,-1,-1
53,8,1285.16,342.48,193.23,170.92,1,-1,-1,-1
54,1,939.08,250.91,167.59,144.64,1,-1,-1,-1
54,3,825.23,110.94,127.29,126.33,1,-1,-1,-1
54,4,1531.61,195.13,112.75,96.34,1,-1,-1,-1
54,6,1272.03,206.44,129.90,111.59,1,-1,-1,-1
54,7,1173.24,261.55,171.30,155.29,1,-1,-1,-1
54,8,1287.28,347.40,194.62,167.18,1,-1,-1,-1
55,1,939.49,230.03,168.73,154.33,1,-1,-1,-1
55,3,827.76,111.18,128.03,127.08,1,-1,-1,-1
55,4,1531.63,195.08,112.62,96.26,1,-1,-1,-1
55,6,1271.31,206.51,129.87,111.69,1,-1,-1,-1
55,7,1177.89,262.38,175.20,157.10,1,-1,-1,-1
55,8,1290.00,352.48,193.99,164.46,1,-1,-1,-1
56,1,940.03,220.60,168.88,161.46,1,-1,-1,-1
56,3,830.13,111.62,127.80,127.28,1,-1,-1,-1
56,4,1531.87,194.67,112.69,95.85,1,-1,-1,-1
56,6,1272.19,206.59,129.08,111.58,1,-1,-1,-1
56,7,1181.74,264.08,178.02,159.30,1,-1,-1,-1
56,8,1294.07,351.68,191.82,166.04,1,-1,-1,-1
57,1,939.27,234.00,168.59,157.09,1,-1,-1,-1
57,3,831.84,112.27,127.95,127.39,1,-1,-1,-1
57,4,1531.81,194.97,112.60,95.96,1,-1,-1,-1
57,6,1272.32,206.53,128.66,111.54,1,-1,-1,-1
57,7,1181.33,262.94,176.03,161.08,1,-1,-1,-1
57,8,1298.86,349.92,187.25,166.70,1,-1,-1,-1
58,1,939.01,233.31,168.41,157.85,1,-1,-1,-1
58,3,837.58,114.31,126.90,127.30,1,-1,-1,-1
58,4,1531.92,195.04,112.51,95.99,1,-1,-1,-1
58,6,1251.46,209.75,141.56,118.30,1,-1,-1,-1
58,7,1201.02,288.89,173.33,150.24,1,-1,-1,-1
58,8,1305.63,352.30,182.32,165.70,1,-1,-1,-1
59,1,938.92,234.74,168.25,157.36,1,-1,-1,-1
59,3,841.94,117.34,125.84,126.12,1,-1,-1,-1
59,4,1531.97,195.08,112.45,96.00,1,-1,-1,-1
59,6,1246.82,214.34,148.12,127.76,1,-1,-1,-1
59,7,1203.71,301.87,171.91,142.04,1,-1,-1,-1
59,8,1313.28,348.55,178.63,167.33,1,-1,-1,-1
60,1,938.88,241.47,168.19,153.26,1,-1,-1,-1
60,3,845.15,118.72,125.22,125.36,1,-1,-1,-1
60,4,1531.93,195.12,112.51,96.06,1,-1,-1,-1
60,6,1245.00,214.05,152.14,133.94,1,-1,-1,-1
60,7,1209.58,311.26,165.20,136.09,1,-1,-1,-1
60,8,1317.44,345.85,176.50,170.24,1,-1,-1,-1
61,1,938.90,245.83,168.10,149.61,1,-1,-1,-1
61,3,847.93,116.66,124.64,126.87,1,-1,-1,-1
61,6,1252.40,205.38,149.45,127.46,1,-1,-1,-1
61,7,1217.24,318.38,160.42,133.32,1,-1,-1,-1
61,8,1317.97,342.24,178.02,173.73,1,-1,-1,-1
62,1,938.96,248.16,167.98,146.94,1,-1,-1,-1
62,3,851.04,116.47,125.51,127.76,1,-1,-1,-1
62,6,1254.33,203.47,148.04,123.44,1,-1,-1,-1
62,8,1274.21,331.65,208.96,185.47,1,-1,-1,-1
63,1,938.89,243.57,168.02,148.48,1,-1,-1,-1
63,3,852.41,117.57,126.31,128.05,1,-1,-1,-1
63,4,1531.65,194.43,112.95,95.40,1,-1,-1,-1
63,6,1254.79,203.23,147.35,120.39,1,-1,-1,-1
63,8,1251.43,324.05,230.82,190.61,1,-1,-1,-1
64,1,938.68,234.29,168.45,153.68,1,-1,-1,-1
64,3,854.09,120.32,126.68,126.84,1,-1,-1,-1
64,4,1531.64,194.43,113.09,95.06,1,-1,-1,-1
64,6,1255.27,203.54,146.63,118.10,1,-1,-1,-1
64,7,1214.08,318.63,160.99,126.64,1,-1,-1,-1
64,8,1286.90,335.00,222.56,188.27,1,-1,-1,-1
65,1,938.36,224.88,169.06,160.46,1,-1,-1,-1
65,3,857.42,121.32,127.62,126.64,1,-1,-1,-1
65,4,1531.82,194.90,112.74,95.23,1,-1,-1,-1
65,6,1254.66,204.36,146.75,116.90,1,-1,-1,-1
65,7,1212.92,317.65,166.15,127.61,1,-1,-1,-1
65,8,1304.61,355.87,216.40,180.94,1,-1,-1,-1
66,1,938.12,218.03,169.48,166.47,1,-1,-1,-1
66,3,860.94,121.63,128.28,126.81,1,-1,-1,-1
66,4,1531.67,194.08,113.05,95.31,1,-1,-1,-1
66,6,1255.52,204.90,146.19,115.99,1,-1,-1,-1
66,7,1215.86,304.11,170.02,133.53,1,-1,-1,-1
66,8,1315.39,358.11,212.68,180.96,1,-1,-1,-1
67,1,938.07,215.43,169.54,170.56,1,-1,-1,-1
67,3,863.79,126.42,129.80,124.45,1,-1,-1,-1
67,4,1531.82,194.23,112.87,95.70,1,-1,-1,-1
67,6,1255.65,205.37,145.96,115.42,1,-1,-1,-1
67,7,1215.65,293.21,179.11,141.07,1,-1,-1,-1
67,8,1322.75,361.89,207.54,180.03,1,-1,-1,-1
68,1,938.15,216.33,169.39,172.26,1,-1,-1,-1
68,3,866.33,125.24,130.69,125.00,1,-1,-1,-1
68,4,1531.85,193.69,113.05,95.56,1,-1,-1,-1
68,6,1254.95,205.56,146.20,114.91,1,-1,-1,-1
68,7,1217.94,289.86,182.45,143.94,1,-1,-1,-1
69,1,938.20,214.48,169.33,174.48,1,-1,-1,-1
69,3,867.41,126.77,131.94,124.32,1,-1,-1,-1
69,4,1532.20,193.53,112.66,95.62,1,-1,-1,-1
69,6,1254.22,205.65,146.63,114.55,1,-1,-1,-1
69,7,1217.27,304.65,179.75,136.12,1,-1,-1,-1
69,8,1337.90,354.94,201.04,186.67,1,-1,-1,-1
70,1,938.21,212.86,169.29,176.40,1,-1,-1,-1
70,3,868.75,125.93,133.82,125.05,1,-1,-1,-1
70,4,1531.87,193.59,112.89,95.60,1,-1,-1,-1
70,6,1254.01,205.77,146.83,114.29,1,-1,-1,-1
70,7,1220.52,307.69,176.51,137.33,1,-1,-1,-1
70,8,1346.07,373.46,195.08,178.36,1,-1,-1,-1
71,1,938.25,212.57,169.27,177.47,1,-1,-1,-1
71,3,870.48,125.37,134.87,125.07,1,-1,-1,-1
71,4,1531.62,194.31,112.99,95.21,1,-1,-1,-1
71,6,1253.91,205.84,146.97,114.04,1,-1,-1,-1
71,7,1225.05,306.09,173.75,137.61,1,-1,-1,-1
71,8,1353.59,378.15,190.72,174.61,1,-1,-1,-1
72,1,938.16,212.19,169.33,178.22,1,-1,-1,-1
72,3,871.26,125.04,135.41,125.21,1,-1,-1,-1
72,4,1531.55,194.57,113.02,95.05,1,-1,-1,-1
72,6,1254.18,206.07,146.93,114.11,1,-1,-1,-1
72,7,1222.77,309.84,175.02,137.09,1,-1,-1,-1
72,8,1360.72,372.66,190.25,178.88,1,-1,-1,-1
73,1,938.09,211.78,169.38,178.86,1,-1,-1,-1
73,3,871.39,124.93,136.26,125.80,1,-1,-1,-1
73,4,1531.89,194.83,112.55,95.08,1,-1,-1,-1
73,6,1254.21,206.21,146.96,114.21,1,-1,-1,-1
73,7,1224.00,309.28,166.50,130.91,1,-1,-1,-1
73,8,1367.50,368.93,189.43,183.22,1,-1,-1,-1
74,1,938.06,211.33,169.45,179.44,1,-1,-1,-1
74,3,871.10,124.91,136.24,125.95,1,-1,-1,-1
74,4,1532.05,194.95,112.34,95.15,1,-1,-1,-1
74,6,1254.22,206.22,146.97,114.19,1,-1,-1,-1
74,7,1234.84,313.82,172.61,132.35,1,-1,-1,-1
74,8,1372.98,378.20,190.85,182.02,1,-1,-1,-1
75,1,938.08,210.91,169.47,180.07,1,-1,-1,-1
75,3,871.48,124.73,136.01,126.31,1,-1,-1,-1
75,4,1532.31,194.89,112.09,95.05,1,-1,-1,-1
75,6,1255.36,206.02,146.33,114.13,1,-1,-1,-1
75,7,1229.72,306.08,177.77,137.75,1,-1,-1,-1
75,8,1380.06,379.74,192.84,183.94,1,-1,-1,-1
76,1,938.09,210.89,169.45,180.36,1,-1,-1,-1
76,3,871.07,124.75,135.71,126.59,1,-1,-1,-1
76,4,1532.46,194.92,111.90,94.97,1,-1,-1,-1
76,6,1255.67,205.91,145.98,114.01,1,-1,-1,-1
76,7,1223.81,298.49,181.95,143.06,1,-1,-1,-1
76,8,1385.42,383.36,195.26,184.84,1,-1,-1,-1
77,1,938.11,210.80,169.45,180.68,1,-1,-1,-1
77,3,870.13,126.01,135.77,126.07,1,-1,-1,-1
77,4,1532.44,194.94,111.86,94.96,1,-1,-1,-1
77,6,1255.94,205.90,145.68,113.95,1,-1,-1,-1
77,8,1390.75,393.54,198.84,185.26,1,-1,-1,-1
78,1,938.13,211.00,169.43,180.78,1,-1,-1,-1
78,3,869.15,126.32,136.23,125.81,1,-1,-1,-1
78,4,1532.41,194.94,111.84,94.79,1,-1,-1,-1
78,6,1256.12,205.97,145.48,114.02,1,-1,-1,-1
78,7,1225.80,303.23,185.62,143.67,1,-1,-1,-1
78,8,1394.32,407.11,203.03,181.86,1,-1,-1,-1
78,9,1224.66,-0.05,143.68,110.82,1,-1,-1,-1
79,1,938.06,209.95,169.48,181.29,1,-1,-1,-1
79,3,868.27,126.61,136.71,125.68,1,-1,-1,-1
79,4,1532.15,195.09,111.85,94.83,1,-1,-1,-1
79,6,1256.20,205.88,145.31,113.91,1,-1,-1,-1
79,7,1228.42,306.58,186.47,148.36,1,-1,-1,-1
79,8,1397.78,410.07,206.32,183.31,1,-1,-1,-1
79,9,1224.89,-0.03,144.04,111.01,1,-1,-1,-1
80,1,938.02,208.72,169.57,181.88,1,-1,-1,-1
80,3,867.64,126.89,137.12,125.55,1,-1,-1,-1
80,4,1532.07,195.08,111.99,94.82,1,-1,-1,-1
80,6,1255.60,205.95,145.39,113.85,1,-1,-1,-1
80,7,1224.26,299.60,186.54,156.62,1,-1,-1,-1
80,8,1399.71,399.15,209.54,192.94,1,-1,-1,-1
80,9,1225.60,0.02,143.49,110.76,1,-1,-1,-1
81,1,937.99,208.12,169.63,182.36,1,-1,-1,-1
81,3,867.29,126.93,137.40,125.49,1,-1,-1,-1
81,4,1532.10,195.20,112.02,94.85,1,-1,-1,-1
81,6,1254.89,206.20,145.61,114.01,1,-1,-1,-1
81,8,1403.93,397.25,210.60,199.31,1,-1,-1,-1
81,9,1225.99,0.04,143.37,110.73,1,-1,-1,-1
82,1,937.95,207.84,169.66,182.68,1,-1,-1,-1
82,3,867.08,126.86,137.68,125.49,1,-1,-1,-1
82,4,1532.20,195.18,112.04,94.73,1,-1,-1,-1
82,6,1254.84,206.31,145.65,114.16,1,-1,-1,-1
82,7,1216.79,294.88,196.12,157.83,1,-1,-1,-1
82,8,1409.19,403.51,207.80,199.38,1,-1,-1,-1
82,9,1226.19,0.01,143.27,110.65,1,-1,-1,-1
83,1,937.94,207.53,169.68,183.08,1,-1,-1,-1
83,3,866.98,126.82,137.51,125.36,1,-1,-1,-1
83,4,1532.12,195.29,112.13,94.78,1,-1,-1,-1
83,6,1255.13,206.33,145.53,114.22,1,-1,-1,-1
83,8,1415.92,420.56,204.88,190.82,1,-1,-1,-1
83,9,1226.41,0.07,143.43,110.83,1,-1,-1,-1
84,1,937.97,207.70,169.68,183.18,1,-1,-1,-1
84,3,866.36,126.63,137.07,125.15,1,-1,-1,-1
84,4,1532.04,195.29,112.22,94.73,1,-1,-1,-1
84,6,1255.28,206.34,145.41,114.27,1,-1,-1,-1
84,8,1423.74,431.56,200.31,186.86,1,-1,-1,-1
84,9,1226.53,-0.00,143.42,110.75,1,-1,-1,-1
85,1,937.99,207.58,169.68,183.43,1,-1,-1,-1
85,3,865.72,126.14,137.29,125.18,1,-1,-1,-1
85,4,1531.98,195.37,112.28,94.75,1,-1,-1,-1
85,6,1254.67,206.26,145.74,114.36,1,-1,-1,-1
85,7,1218.36,289.25,202.96,161.97,1,-1,-1,-1
85,8,1431.86,425.74,196.25,191.23,1,-1,-1,-1
85,9,1226.53,-0.02,143.50,110.72,1,-1,-1,-1
86,1,938.02,207.71,169.70,183.57,1,-1,-1,-1
86,3,865.19,125.38,137.37,125.29,1,-1,-1,-1
86,4,1531.96,195.39,112.34,94.85,1,-1,-1,-1
86,6,1254.52,206.18,145.93,114.40,1,-1,-1,-1
86,7,1216.94,289.42,203.84,165.79,1,-1,-1,-1
86,8,1438.42,430.41,192.91,190.76,1,-1,-1,-1
86,9,1226.51,-0.04,143.49,110.65,1,-1,-1,-1
87,1,937.98,207.21,169.71,183.93,1,-1,-1,-1
87,3,865.04,124.39,137.06,125.25,1,-1,-1,-1
87,4,1531.91,195.44,112.29,94.95,1,-1,-1,-1
87,6,1254.80,206.20,145.81,114.47,1,-1,-1,-1
87,7,1218.54,290.80,200.72,166.23,1,-1,-1,-1
87,8,1442.84,432.81,189.95,190.12,1,-1,-1,-1
87,9,1226.45,0.04,143.36,110.70,1,-1,-1,-1
88,1,937.95,206.56,169.73,184.35,1,-1,-1,-1
88,3,864.34,122.48,136.64,125.87,1,-1,-1,-1
88,4,1531.95,195.41,112.26,94.98,1,-1,-1,-1
88,6,1255.32,206.16,145.47,114.47,1,-1,-1,-1
88,7,1220.99,291.18,193.83,165.98,1,-1,-1,-1
88,8,1445.94,434.69,188.96,189.89,1,-1,-1,-1
88,9,1226.52,-0.00,143.30,110.64,1,-1,-1,-1
89,1,938.44,205.90,169.35,184.48,1,-1,-1,-1
89,3,864.07,121.17,135.69,126.06,1,-1,-1,-1
89,4,1532.00,195.42,112.21,95.02,1,-1,-1,-1
89,6,1256.02,206.12,144.93,114.32,1,-1,-1,-1
89,7,1218.33,291.40,192.00,167.09,1,-1,-1,-1
89,8,1448.68,426.93,190.30,195.51,1,-1,-1,-1
89,9,1226.47,-0.04,143.16,110.52,1,-1,-1,-1
90,1,938.65,205.54,169.07,184.57,1,-1,-1,-1
90,3,863.35,119.18,133.81,126.86,1,-1,-1,-1
90,4,1531.96,195.48,112.25,95.14,1,-1,-1,-1
90,6,1256.16,206.17,144.67,114.17,1,-1,-1,-1
90,7,1216.86,294.34,193.48,164.22,1,-1,-1,-1
90,8,1445.20,425.48,195.11,197.96,1,-1,-1,-1
90,9,1226.49,-0.11,142.86,110.26,1,-1,-1,-1
91,1,938.79,205.54,168.96,184.58,1,-1,-1,-1
91,3,862.67,118.31,131.58,127.21,1,-1,-1,-1
91,4,1531.98,195.39,112.21,95.19,1,-1,-1,-1
91,6,1259.03,206.14,142.85,113.89,1,-1,-1,-1
91,7,1217.51,297.98,197.41,159.98,1,-1,-1,-1
91,8,1448.71,436.05,196.56,196.04,1,-1,-1,-1
91,9,1226.66,-0.12,142.74,110.07,1,-1,-1,-1
92,1,938.85,205.76,168.85,184.45,1,-1,-1,-1
92,3,862.15,117.65,130.07,127.36,1,-1,-1,-1
92,7,1211.50,276.12,204.70,170.47,1,-1,-1,-1
92,8,1443.01,426.45,202.35,203.54,1,-1,-1,-1
92,9,1226.71,-0.24,142.36,109.62,1,-1,-1,-1
93,1,938.89,206.11,168.76,184.23,1,-1,-1,-1
93,3,861.83,117.09,129.13,127.15,1,-1,-1,-1
93,7,1205.76,245.32,209.03,188.91,1,-1,-1,-1
93,8,1440.58,445.24,206.46,194.84,1,-1,-1,-1
93,9,1226.87,-0.28,142.03,109.19,1,-1,-1,-1
94,1,938.56,207.38,168.98,183.81,1,-1,-1,-1
94,3,861.55,116.28,129.06,127.36,1,-1,-1,-1
94,4,1532.02,195.29,112.08,95.00,1,-1,-1,-1
94,6,1264.99,206.17,138.47,113.68,1,-1,-1,-1
94,7,1206.40,259.44,206.98,186.54,1,-1,-1,-1
94,8,1440.02,450.87,209.31,192.73,1,-1,-1,-1
94,9,1227.06,-0.10,141.88,109.11,1,-1,-1,-1
95,1,938.43,208.02,169.12,183.41,1,-1,-1,-1
95,3,861.65,116.01,128.72,127.25,1,-1,-1,-1
95,4,1532.07,195.25,111.97,94.85,1,-1,-1,-1
95,7,1203.76,234.57,205.34,198.90,1,-1,-1,-1
95,8,1439.94,435.26,210.02,201.89,1,-1,-1,-1
95,9,1227.02,-0.02,141.98,109.07,1,-1,-1,-1
96,1,938.37,208.96,169.16,182.83,1,-1,-1,-1
96,3,860.61,116.57,128.96,126.57,1,-1,-1,-1
96,4,1532.09,194.49,112.04,95.01,1,-1,-1,-1
96,6,1266.76,206.20,135.89,113.24,1,-1,-1,-1
96,7,1200.47,262.57,199.63,187.13,1,-1,-1,-1
96,8,1439.60,426.72,205.71,205.30,1,-1,-1,-1
96,9,1226.86,0.14,141.93,109.24,1,-1,-1,-1
97,1,938.35,209.58,169.18,182.29,1,-1,-1,-1
97,3,860.51,118.56,128.63,125.03,1,-1,-1,-1
97,4,1532.12,194.14,112.12,95.11,1,-1,-1,-1
97,6,1269.29,206.24,133.22,112.97,1,-1,-1,-1
97,7,1192.89,264.37,196.18,180.93,1,-1,-1,-1
97,8,1443.23,425.42,204.02,210.73,1,-1,-1,-1
97,9,1226.79,0.23,141.82,109.44,1,-1,-1,-1
98,1,938.39,209.48,169.20,182.22,1,-1,-1,-1
98,3,860.46,118.39,129.11,124.63,1,-1,-1,-1
98,4,1532.08,193.90,112.22,95.24,1,-1,-1,-1
98,6,1267.12,206.13,133.77,112.75,1,-1,-1,-1
98,7,1185.53,286.42,199.89,163.58,1,-1,-1,-1
98,9,1226.69,0.14,141.66,109.44,1,-1,-1,-1
99,1,939.28,207.92,168.87,182.28,1,-1,-1,-1
99,3,861.45,117.71,129.27,124.59,1,-1,-1,-1
99,4,1532.18,193.87,112.10,95.34,1,-1,-1,-1
99,6,1268.32,206.10,132.83,112.71,1,-1,-1,-1
99,7,1177.55,275.11,204.06,165.04,1,-1,-1,-1
99,9,1226.19,0.29,141.61,109.73,1,-1,-1,-1
100,1,941.70,208.99,167.40,181.18,1,-1,-1,-1
100,3,861.29,117.07,128.04,124.24,1,-1,-1,-1
100,4,1532.26,193.88,112.00,95.41,1,-1,-1,-1
100,6,1270.37,206.09,131.28,112.61,1,-1,-1,-1
100,7,1170.61,268.66,208.30,168.05,1,-1,-1,-1
101,1,941.70,208.49,167.00,181.10,1,-1,-1,-1
101,3,861.84,116.01,127.22,124.06,1,-1,-1,-1
101,4,1532.25,194.57,111.80,95.19,1,-1,-1,-1
101,6,1271.21,206.05,130.34,112.45,1,-1,-1,-1
101,7,1160.78,267.12,211.16,169.16,1,-1,-1,-1
101,8,1450.08,423.07,206.54,212.20,1,-1,-1,-1
102,1,943.52,210.39,165.61,179.82,1,-1,-1,-1
102,3,862.03,116.38,126.04,123.80,1,-1,-1,-1
102,4,1532.29,194.70,111.66,95.10,1,-1,-1,-1
102,6,1270.52,205.96,130.34,112.29,1,-1,-1,-1
102,7,1151.35,262.66,211.67,166.12,1,-1,-1,-1
102,8,1452.14,421.33,211.32,215.39,1,-1,-1,-1
103,1,944.98,211.79,164.32,178.59,1,-1,-1,-1
103,3,862.09,116.33,124.45,123.73,1,-1,-1,-1
103,4,1532.35,194.88,111.50,95.11,1,-1,-1,-1
103,6,1271.39,205.93,129.65,111.98,1,-1,-1,-1
103,7,1140.67,263.45,212.50,167.66,1,-1,-1,-1
103,8,1450.28,428.61,213.83,214.05,1,-1,-1,-1
104,1,946.71,212.76,162.79,177.56,1,-1,-1,-1
104,3,862.41,116.39,122.96,123.53,1,-1,-1,-1
104,4,1532.43,194.94,111.40,95.11,1,-1,-1,-1
104,6,1268.64,206.13,131.13,112.12,1,-1,-1,-1
104,7,1129.02,261.79,209.69,165.72,1,-1,-1,-1
104,8,1448.13,423.67,215.70,218.20,1,-1,-1,-1
105,1,947.16,212.45,161.93,177.28,1,-1,-1,-1
105,3,862.84,116.36,121.47,123.51,1,-1,-1,-1
105,4,1532.45,194.98,111.33,95.14,1,-1,-1,-1
105,6,1265.27,206.03,133.44,112.36,1,-1,-1,-1
105,7,1120.51,259.47,205.92,165.10,1,-1,-1,-1
105,8,1447.65,427.47,217.48,219.09,1,-1,-1,-1
106,1,946.28,211.61,161.82,177.59,1,-1,-1,-1
106,3,863.18,116.59,120.38,123.24,1,-1,-1,-1
106,4,1532.48,195.07,111.30,95.15,1,-1,-1,-1
106,6,1261.68,205.82,136.29,112.48,1,-1,-1,-1
106,7,1113.19,255.20,200.38,162.70,1,-1,-1,-1
106,8,1449.57,425.69,218.26,217.58,1,-1,-1,-1
107,1,945.92,211.91,161.44,177.53,1,-1,-1,-1
107,3,863.43,116.99,119.55,122.97,1,-1,-1,-1
107,4,1532.48,195.09,111.30,95.09,1,-1,-1,-1
107,6,1260.83,205.74,137.77,112.62,1,-1,-1,-1
107,7,1107.14,254.89,192.80,162.36,1,-1,-1,-1
107,8,1450.68,421.51,216.47,219.30,1,-1,-1,-1
108,1,947.35,218.34,161.01,174.02,1,-1,-1,-1
108,3,863.86,117.53,119.27,122.64,1,-1,-1,-1
108,4,1532.57,195.00,111.27,95.00,1,-1,-1,-1
108,6,1260.27,205.65,138.84,112.77,1,-1,-1,-1
108,7,1100.44,253.45,186.47,161.90,1,-1,-1,-1
108,8,1453.67,423.14,213.92,222.97,1,-1,-1,-1
109,1,939.47,218.38,157.31,173.23,1,-1,-1,-1
109,3,863.90,117.85,118.74,122.52,1,-1,-1,-1
109,4,1532.63,195.01,111.20,94.92,1,-1,-1,-1
109,6,1260.06,205.65,139.48,112.87,1,-1,-1,-1
109,7,1094.16,253.57,184.85,162.82,1,-1,-1,-1
109,8,1458.17,446.94,208.99,207.72,1,-1,-1,-1
110,1,937.02,216.53,154.23,173.60,1,-1,-1,-1
110,3,864.24,118.53,118.63,122.10,1,-1,-1,-1
110,4,1532.67,195.10,111.15,94.94,1,-1,-1,-1
110,6,1260.01,205.76,139.87,112.92,1,-1,-1,-1
110,7,1089.59,251.44,184.98,162.98,1,-1,-1,-1
110,8,1464.52,433.28,204.25,212.11,1,-1,-1,-1
111,1,936.09,214.63,151.27,174.61,1,-1,-1,-1
111,3,864.27,118.41,118.47,122.02,1,-1,-1,-1
111,4,1532.68,195.13,111.14,95.01,1,-1,-1,-1
111,6,1259.79,205.75,140.23,112.94,1,-1,-1,-1
111,7,1091.96,250.19,182.94,162.92,1,-1,-1,-1
111,8,1467.63,427.39,202.04,214.45,1,-1,-1,-1
112,1,932.54,247.36,152.09,154.77,1,-1,-1,-1
112,3,864.32,119.32,118.28,121.45,1,-1,-1,-1
112,4,1532.68,195.04,111.14,95.11,1,-1,-1,-1
112,6,1259.68,205.72,140.49,112.94,1,-1,-1,-1
112,7,1093.19,250.37,181.08,163.06,1,-1,-1,-1
112,8,1466.26,422.53,201.75,216.64,1,-1,-1,-1
113,1,930.07,224.43,149.15,158.92,1,-1,-1,-1
113,3,864.12,118.60,117.86,121.35,1,-1,-1,-1
113,4,1532.65,195.01,111.15,95.17,1,-1,-1,-1
113,6,1259.54,205.72,140.71,112.94,1,-1,-1,-1
113,7,1094.77,248.20,180.40,163.16,1,-1,-1,-1
113,8,1462.79,417.25,204.54,214.78,1,-1,-1,-1
114,3,864.20,118.01,117.48,121.48,1,-1,-1,-1
114,4,1532.67,194.94,111.15,95.19,1,-1,-1,-1
114,6,1259.37,205.70,140.93,112.93,1,-1,-1,-1
114,7,1096.34,249.47,179.42,161.44,1,-1,-1,-1
114,8,1457.30,410.30,206.88,205.13,1,-1,-1,-1
115,3,864.31,117.62,117.10,121.61,1,-1,-1,-1
115,4,1532.69,194.87,111.17,95.22,1,-1,-1,-1
115,6,1259.05,205.69,141.27,112.97,1,-1,-1,-1
115,7,1094.73,249.65,180.90,161.84,1,-1,-1,-1
115,8,1463.32,409.88,195.33,197.71,1,-1,-1,-1
116,1,927.43,224.46,152.38,160.45,1,-1,-1,-1
116,3,864.30,117.25,116.59,121.82,1,-1,-1,-1
116,4,1532.71,194.85,111.15,95.25,1,-1,-1,-1
116,6,1258.83,205.68,141.54,112.97,1,-1,-1,-1
116,7,1090.68,248.04,184.84,162.25,1,-1,-1,-1
116,8,1456.18,414.93,201.48,201.14,1,-1,-1,-1
117,1,921.84,211.56,150.97,167.52,1,-1,-1,-1
117,3,864.42,118.14,116.20,121.78,1,-1,-1,-1
117,4,1532.70,194.84,111.14,95.28,1,-1,-1,-1
117,6,1258.73,205.69,141.72,113.00,1,-1,-1,-1
117,7,1087.91,245.81,188.45,162.63,1,-1,-1,-1
117,8,1453.34,419.49,207.07,208.51,1,-1,-1,-1
118,1,919.48,245.66,157.47,146.54,1,-1,-1,-1
118,3,865.01,117.34,116.77,121.99,1,-1,-1,-1
118,4,1532.67,194.91,111.14,95.34,1,-1,-1,-1
118,6,1258.79,205.65,141.78,112.96,1,-1,-1,-1
118,7,1085.37,246.71,191.74,163.35,1,-1,-1,-1
118,8,1448.31,418.40,210.16,214.94,1,-1,-1,-1
119,1,916.79,223.21,161.91,157.45,1,-1,-1,-1
119,3,865.45,117.29,117.70,121.89,1,-1,-1,-1
119,4,1532.67,194.89,111.12,95.36,1,-1,-1,-1
119,6,1258.98,205.71,141.71,112.93,1,-1,-1,-1
119,7,1085.48,245.78,190.99,162.40,1,-1,-1,-1
119,8,1441.65,416.77,207.63,218.66,1,-1,-1,-1
120,1,913.01,252.85,165.60,137.94,1,-1,-1,-1
120,3,865.25,117.54,118.01,121.56,1,-1,-1,-1
120,4,1532.69,194.91,111.09,95.43,1,-1,-1,-1
120,6,1259.30,205.77,141.51,112.95,1,-1,-1,-1
120,7,1083.68,245.75,188.96,162.28,1,-1,-1,-1
120,8,1435.22,411.63,200.65,215.06,1,-1,-1,-1
121,1,911.14,265.72,166.02,126.07,1,-1,-1,-1
121,3,864.71,117.10,117.76,121.46,1,-1,-1,-1
121,4,1532.66,194.97,111.09,95.57,1,-1,-1,-1
121,6,1259.58,205.79,141.31,112.99,1,-1,-1,-1
121,7,1084.40,245.82,185.59,161.34,1,-1,-1,-1
121,8,1433.41,411.28,199.58,218.64,1,-1,-1,-1
122,1,911.97,240.76,163.76,135.20,1,-1,-1,-1
122,3,864.12,116.96,116.71,121.38,1,-1,-1,-1
122,4,1532.66,194.95,111.11,95.67,1,-1,-1,-1
122,6,1259.42,205.77,141.34,113.08,1,-1,-1,-1
122,7,1082.21,245.50,182.29,161.29,1,-1,-1,-1
122,8,1426.15,404.19,193.99,213.58,1,-1,-1,-1
123,1,908.53,219.67,163.95,147.33,1,-1,-1,-1
123,3,863.94,116.72,115.65,121.38,1,-1,-1,-1
123,4,1532.61,194.91,111.16,95.82,1,-1,-1,-1
123,6,1259.51,205.71,141.27,113.05,1,-1,-1,-1
123,7,1085.71,245.85,181.89,161.78,1,-1,-1,-1
123,8,1424.24,421.29,194.04,208.12,1,-1,-1,-1
124,1,904.91,213.94,163.54,154.42,1,-1,-1,-1
124,3,864.50,116.03,115.23,121.91,1,-1,-1,-1
124,4,1532.53,194.84,111.30,95.78,1,-1,-1,-1
124,6,1259.33,205.70,141.36,113.07,1,-1,-1,-1
124,7,1088.90,245.32,183.71,161.74,1,-1,-1,-1
124,8,1419.75,415.52,192.18,201.02,1,-1,-1,-1
125,1,900.93,215.85,163.20,157.15,1,-1,-1,-1
125,3,864.82,115.98,115.40,121.72,1,-1,-1,-1
125,4,1532.63,195.00,111.44,95.73,1,-1,-1,-1
125,6,1259.17,205.74,141.42,113.12,1,-1,-1,-1
125,7,1087.75,245.53,188.10,162.62,1,-1,-1,-1
125,8,1416.09,413.44,192.90,204.52,1,-1,-1,-1
126,1,897.93,234.75,163.64,147.62,1,-1,-1,-1
126,3,864.85,115.97,115.36,121.48,1,-1,-1,-1
126,4,1532.54,194.31,111.72,96.04,1,-1,-1,-1
126,6,1258.46,205.86,141.86,113.40,1,-1,-1,-1
126,7,1087.07,245.35,192.78,163.16,1,-1,-1,-1
126,8,1410.94,413.00,191.41,197.82,1,-1,-1,-1
127,1,896.29,245.93,163.78,139.14,1,-1,-1,-1
127,3,864.76,116.02,115.18,121.31,1,-1,-1,-1
127,4,1532.58,193.84,111.89,96.23,1,-1,-1,-1
127,6,1258.66,205.75,141.85,113.23,1,-1,-1,-1
127,7,1081.60,246.36,198.31,163.85,1,-1,-1,-1
127,8,1404.01,425.64,192.49,184.77,1,-1,-1,-1
128,1,895.08,248.97,163.30,134.73,1,-1,-1,-1
128,3,864.74,116.05,114.97,121.18,1,-1,-1,-1
128,4,1532.55,193.75,112.05,96.25,1,-1,-1,-1
128,6,1258.01,205.66,142.31,113.13,1,-1,-1,-1
128,7,1080.00,245.79,200.13,163.63,1,-1,-1,-1
128,8,1398.69,412.00,196.13,188.87,1,-1,-1,-1
129,1,892.75,225.81,164.56,145.25,1,-1,-1,-1
129,3,864.90,116.00,114.55,121.19,1,-1,-1,-1
129,4,1532.42,193.54,112.21,96.34,1,-1,-1,-1
129,6,1258.41,205.68,142.20,113.09,1,-1,-1,-1
129,7,1080.71,245.25,197.46,162.57,1,-1,-1,-1
129,8,1391.79,402.26,199.80,194.18,1,-1,-1,-1
130,1,891.79,212.48,164.60,154.39,1,-1,-1,-1
130,3,865.00,115.88,114.84,121.38,1,-1,-1,-1
130,4,1532.30,193.53,112.28,96.39,1,-1,-1,-1
130,6,1258.47,205.71,142.17,113.13,1,-1,-1,-1
130,7,1083.29,244.93,191.21,161.40,1,-1,-1,-1
130,8,1386.47,397.26,203.64,198.46,1,-1,-1,-1
131,1,890.02,205.03,164.34,161.32,1,-1,-1,-1
131,3,865.24,116.27,115.27,121.36,1,-1,-1,-1
131,4,1532.32,194.27,112.26,96.03,1,-1,-1,-1
131,6,1258.45,205.66,142.16,113.05,1,-1,-1,-1
131,7,1081.57,245.31,186.44,161.00,1,-1,-1,-1
131,8,1380.77,393.50,206.09,202.73,1,-1,-1,-1
132,1,889.57,200.90,164.05,166.68,1,-1,-1,-1
132,3,865.84,116.73,115.69,121.02,1,-1,-1,-1
132,4,1532.35,194.64,112.28,95.87,1,-1,-1,-1
132,6,1258.74,205.63,142.02,113.01,1,-1,-1,-1
132,7,1083.64,245.73,185.82,162.24,1,-1,-1,-1
132,8,1373.70,393.12,209.58,204.80,1,-1,-1,-1
133,1,887.85,199.40,163.87,169.90,1,-1,-1,-1
133,3,866.03,118.03,116.41,121.30,1,-1,-1,-1
133,4,1532.50,194.95,112.36,95.59,1,-1,-1,-1
133,6,1258.91,205.73,141.93,113.26,1,-1,-1,-1
133,7,1088.00,246.23,186.98,163.08,1,-1,-1,-1
133,8,1366.26,389.06,212.15,207.77,1,-1,-1,-1
134,1,887.19,196.83,163.87,173.16,1,-1,-1,-1
134,3,866.25,118.36,116.90,120.43,1,-1,-1,-1
134,4,1532.42,194.96,112.43,95.43,1,-1,-1,-1
134,6,1257.97,205.79,142.39,113.28,1,-1,-1,-1
134,7,1086.32,245.70,191.97,164.06,1,-1,-1,-1
134,8,1359.41,385.29,214.22,209.74,1,-1,-1,-1
135,1,888.35,195.09,163.32,175.55,1,-1,-1,-1
135,3,866.34,118.21,117.35,119.85,1,-1,-1,-1
135,4,1532.29,195.07,112.51,95.42,1,-1,-1,-1
135,6,1258.24,205.68,142.31,113.33,1,-1,-1,-1
135,7,1085.99,245.93,195.32,164.28,1,-1,-1,-1
135,8,1352.91,388.14,214.77,207.72,1,-1,-1,-1
136,1,887.63,194.03,162.84,177.00,1,-1,-1,-1
136,3,865.76,118.57,117.20,119.40,1,-1,-1,-1
136,4,1532.31,194.95,112.26,95.29,1,-1,-1,-1
136,6,1258.61,205.59,141.83,113.19,1,-1,-1,-1
136,7,1084.22,246.00,198.00,163.88,1,-1,-1,-1
136,8,1346.92,387.23,214.74,206.72,1,-1,-1,-1
137,1,887.37,193.48,162.70,178.03,1,-1,-1,-1
137,3,865.57,118.64,117.24,119.07,1,-1,-1,-1
137,4,1532.46,194.92,112.04,95.17,1,-1,-1,-1
137,6,1258.76,205.60,141.59,113.19,1,-1,-1,-1
137,7,1080.61,245.61,197.88,163.58,1,-1,-1,-1
137,8,1339.55,390.04,214.97,202.60,1,-1,-1,-1
138,1,887.39,193.22,162.64,178.82,1,-1,-1,-1
138,3,865.57,118.81,117.52,118.82,1,-1,-1,-1
138,4,1532.53,194.85,111.95,95.11,1,-1,-1,-1
138,6,1258.64,205.61,141.60,113.20,1,-1,-1,-1
138,7,1082.05,245.25,194.62,163.12,1,-1,-1,-1
138,8,1333.74,396.28,213.68,195.03,1,-1,-1,-1
139,1,887.73,193.17,162.55,179.24,1,-1,-1,-1
139,3,865.61,119.01,117.62,118.65,1,-1,-1,-1
139,4,1532.66,194.98,111.87,94.92,1,-1,-1,-1
139,6,1258.81,205.57,141.51,113.25,1,-1,-1,-1
139,7,1083.88,245.44,189.12,163.37,1,-1,-1,-1
139,8,1327.58,407.33,211.82,184.61,1,-1,-1,-1
140,1,887.46,193.22,162.52,179.49,1,-1,-1,-1
140,3,865.52,119.01,117.69,118.66,1,-1,-1,-1
140,4,1532.55,195.25,112.30,94.60,1,-1,-1,-1
140,6,1259.01,205.69,141.28,113.30,1,-1,-1,-1
140,7,1081.53,245.09,187.30,162.42,1,-1,-1,-1
140,8,1322.96,411.46,207.91,176.04,1,-1,-1,-1
141,1,887.25,193.16,162.52,179.70,1,-1,-1,-1
141,3,865.48,118.97,117.75,118.69,1,-1,-1,-1
141,4,1532.66,195.37,112.12,94.40,1,-1,-1,-1
141,6,1258.96,205.73,141.17,113.29,1,-1,-1,-1
141,7,1081.83,245.32,188.53,162.25,1,-1,-1,-1
141,8,1320.35,411.20,202.80,168.86,1,-1,-1,-1
142,1,887.29,193.11,162.51,179.85,1,-1,-1,-1
142,3,865.44,118.90,117.75,118.72,1,-1,-1,-1
142,4,1532.45,195.53,112.53,94.28,1,-1,-1,-1
142,6,1258.85,205.75,141.17,113.29,1,-1,-1,-1
142,7,1082.42,245.39,193.67,162.23,1,-1,-1,-1
142,8,1319.27,395.34,197.31,171.98,1,-1,-1,-1
143,1,887.46,193.14,162.48,179.98,1,-1,-1,-1
143,3,865.39,118.97,117.74,118.72,1,-1,-1,-1
143,4,1532.07,195.44,112.74,94.38,1,-1,-1,-1
143,6,1258.79,205.72,141.17,113.26,1,-1,-1,-1
143,7,1083.41,245.87,197.30,162.61,1,-1,-1,-1
143,8,1319.41,379.69,192.83,178.86,1,-1,-1,-1
144,1,887.46,192.83,162.49,180.30,1,-1,-1,-1
144,3,865.36,119.08,117.78,118.67,1,-1,-1,-1
144,4,1531.91,195.39,112.88,94.40,1,-1,-1,-1
144,6,1258.65,205.71,141.20,113.20,1,-1,-1,-1
144,7,1078.30,245.79,200.49,163.68,1,-1,-1,-1
144,8,1317.88,377.59,188.79,180.32,1,-1,-1,-1
145,1,887.51,192.70,162.39,180.63,1,-1,-1,-1
145,3,865.32,119.19,117.74,118.64,1,-1,-1,-1
145,4,1531.87,195.34,112.94,94.38,1,-1,-1,-1
145,6,1258.73,205.70,141.14,113.14,1,-1,-1,-1
145,7,1080.48,245.32,198.05,163.20,1,-1,-1,-1
145,8,1316.21,379.84,187.19,179.69,1,-1,-1,-1
146,1,887.62,192.64,162.33,180.82,1,-1,-1,-1
146,3,865.35,119.21,117.76,118.62,1,-1,-1,-1
146,4,1531.86,195.30,112.99,94.36,1,-1,-1,-1
146,6,1258.80,205.73,141.08,113.12,1,-1,-1,-1
146,7,1079.76,245.79,197.50,162.58,1,-1,-1,-1
146,8,1309.54,360.08,189.09,174.72,1,-1,-1,-1
147,1,887.70,192.60,162.26,180.94,1,-1,-1,-1
147,3,865.36,119.28,117.77,118.57,1,-1,-1,-1
147,4,1531.89,195.28,113.00,94.36,1,-1,-1,-1
147,6,1258.95,205.78,140.98,113.10,1,-1,-1,-1
147,7,1080.81,245.52,191.38,161.50,1,-1,-1,-1
147,8,1317.94,360.68,184.24,181.47,1,-1,-1,-1
148,1,887.67,192.61,162.32,181.01,1,-1,-1,-1
148,3,865.35,119.34,117.76,118.52,1,-1,-1,-1
148,4,1531.94,195.22,113.02,94.27,1,-1,-1,-1
148,6,1259.02,205.79,140.90,113.09,1,-1,-1,-1
148,7,1081.90,245.62,186.61,161.34,1,-1,-1,-1
148,8,1299.03,353.00,183.94,174.74,1,-1,-1,-1
149,1,887.67,192.66,162.28,181.02,1,-1,-1,-1
149,3,865.36,119.32,117.78,118.52,1,-1,-1,-1
149,4,1532.01,195.20,113.01,94.15,1,-1,-1,-1
149,6,1258.99,205.82,140.89,113.06,1,-1,-1,-1
149,7,1082.05,245.86,185.95,162.47,1,-1,-1,-1
149,8,1294.17,349.45,189.34,170.33,1,-1,-1,-1
150,1,887.53,192.70,162.29,181.04,1,-1,-1,-1
150,3,865.39,118.86,117.87,118.78,1,-1,-1,-1
150,4,1532.04,195.23,112.99,94.06,1,-1,-1,-1
150,6,1258.84,205.83,140.98,113.04,1,-1,-1,-1
150,7,1084.79,245.97,188.44,163.47,1,-1,-1,-1
150,8,1289.30,351.98,194.32,172.41,1,-1,-1,-1
151,1,887.48,192.56,162.40,181.11,1,-1,-1,-1
151,3,865.65,117.95,118.22,119.15,1,-1,-1,-1
151,4,1531.95,194.96,112.91,94.38,1,-1,-1,-1
151,6,1258.77,205.68,141.18,113.01,1,-1,-1,-1
151,7,1085.17,247.70,193.18,163.85,1,-1,-1,-1
151,8,1284.56,355.41,198.85,178.14,1,-1,-1,-1
152,1,887.37,192.52,162.51,181.16,1,-1,-1,-1
152,3,865.55,117.65,118.29,119.48,1,-1,-1,-1
152,4,1531.94,194.85,112.86,94.63,1,-1,-1,-1
152,6,1258.78,205.64,141.34,113.00,1,-1,-1,-1
152,7,1083.18,248.20,198.08,163.92,1,-1,-1,-1
152,8,1279.82,357.71,202.41,184.59,1,-1,-1,-1
153,1,886.85,192.72,162.47,181.13,1,-1,-1,-1
153,3,865.59,117.33,118.18,119.88,1,-1,-1,-1
153,4,1532.05,194.86,112.79,94.59,1,-1,-1,-1
153,6,1258.84,205.60,141.35,112.95,1,-1,-1,-1
153,7,1084.32,247.54,199.23,163.30,1,-1,-1,-1
153,8,1275.53,357.58,204.57,191.11,1,-1,-1,-1
154,1,886.24,192.94,162.78,181.06,1,-1,-1,-1
154,3,865.54,117.06,118.04,120.40,1,-1,-1,-1
154,4,1531.99,195.26,112.72,94.83,1,-1,-1,-1
154,6,1258.92,205.84,141.04,112.75,1,-1,-1,-1
154,7,1082.72,245.32,199.40,162.33,1,-1,-1,-1
154,8,1271.79,355.45,206.41,197.12,1,-1,-1,-1
155,1,886.19,193.03,163.12,181.27,1,-1,-1,-1
155,3,865.81,116.75,118.03,120.80,1,-1,-1,-1
155,4,1532.13,195.48,112.66,94.90,1,-1,-1,-1
155,6,1259.15,206.01,140.73,112.78,1,-1,-1,-1
155,7,1082.50,245.82,195.10,162.50,1,-1,-1,-1
155,8,1269.85,352.82,205.98,202.18,1,-1,-1,-1
156,1,883.90,193.23,164.55,181.98,1,-1,-1,-1
156,3,865.68,117.14,117.45,121.12,1,-1,-1,-1
156,4,1531.86,195.97,112.81,95.07,1,-1,-1,-1
156,6,1258.77,206.78,140.73,112.91,1,-1,-1,-1
156,7,1082.86,246.17,188.87,161.83,1,-1,-1,-1
156,8,1268.75,353.01,203.94,205.22,1,-1,-1,-1
157,1,887.52,194.75,162.88,181.13,1,-1,-1,-1
157,3,865.49,118.10,117.18,121.21,1,-1,-1,-1
157,4,1531.67,196.14,112.76,95.07,1,-1,-1,-1
157,6,1257.54,207.66,141.28,112.79,1,-1,-1,-1
157,7,1080.48,246.96,186.71,162.66,1,-1,-1,-1
157,8,1268.07,352.68,201.40,207.12,1,-1,-1,-1
158,1,886.87,194.34,162.80,181.02,1,-1,-1,-1
158,3,865.37,118.00,117.15,122.13,1,-1,-1,-1
158,4,1531.76,196.10,112.73,95.17,1,-1,-1,-1
158,6,1257.17,208.08,141.65,112.70,1,-1,-1,-1
158,7,1082.01,246.09,187.90,161.53,1,-1,-1,-1
158,8,1268.40,351.61,199.27,208.49,1,-1,-1,-1
158,10,1220.85,-0.01,144.10,110.29,1,-1,-1,-1
159,1,885.15,193.80,163.78,181.80,1,-1,-1,-1
159,3,865.70,117.57,117.46,122.74,1,-1,-1,-1
159,4,1531.64,195.77,112.79,95.30,1,-1,-1,-1
159,6,1258.05,207.73,141.33,112.50,1,-1,-1,-1
159,7,1080.33,247.11,192.83,161.10,1,-1,-1,-1
159,8,1267.05,345.75,197.32,207.49,1,-1,-1,-1
160,1,884.03,193.19,164.76,182.51,1,-1,-1,-1
160,3,865.65,117.44,117.75,123.08,1,-1,-1,-1
160,4,1531.49,195.41,113.07,95.52,1,-1,-1,-1
160,6,1258.40,207.46,141.15,112.39,1,-1,-1,-1
160,7,1081.21,248.03,196.56,161.80,1,-1,-1,-1
160,8,1264.70,344.08,199.08,207.54,1,-1,-1,-1
161,1,882.96,192.95,165.64,182.94,1,-1,-1,-1
161,3,865.49,117.32,117.90,123.33,1,-1,-1,-1
161,4,1531.72,195.64,113.07,95.28,1,-1,-1,-1
161,6,1258.83,207.38,140.86,112.23,1,-1,-1,-1
161,7,1077.95,248.16,201.70,163.75,1,-1,-1,-1
161,8,1263.52,346.50,202.27,207.11,1,-1,-1,-1
162,1,883.55,192.84,165.56,182.74,1,-1,-1,-1
162,3,865.99,117.29,117.75,122.82,1,-1,-1,-1
162,4,1531.71,195.76,113.05,95.28,1,-1,-1,-1
162,6,1258.39,207.27,141.08,112.14,1,-1,-1,-1
162,7,1075.99,247.03,203.05,163.95,1,-1,-1,-1
162,8,1261.53,349.09,205.71,206.33,1,-1,-1,-1
163,1,883.84,192.89,165.54,182.53,1,-1,-1,-1
163,3,865.95,117.09,118.03,123.17,1,-1,-1,-1
163,4,1531.66,195.73,112.96,95.16,1,-1,-1,-1
163,6,1258.74,207.38,140.94,112.09,1,-1,-1,-1
163,7,1076.22,246.95,201.41,163.36,1,-1,-1,-1
163,8,1258.83,362.58,208.80,200.22,1,-1,-1,-1
164,1,886.37,194.15,164.53,181.78,1,-1,-1,-1
164,3,866.32,116.72,117.86,123.02,1,-1,-1,-1
164,4,1531.59,195.76,112.86,95.02,1,-1,-1,-1
164,6,1259.18,207.36,140.73,112.11,1,-1,-1,-1
164,7,1078.31,246.21,193.28,162.35,1,-1,-1,-1
164,8,1255.18,365.59,210.93,197.33,1,-1,-1,-1
165,1,884.67,193.48,165.22,181.91,1,-1,-1,-1
165,3,866.19,116.36,118.02,123.54,1,-1,-1,-1
165,4,1531.58,195.86,112.81,94.97,1,-1,-1,-1
165,6,1259.37,207.17,140.60,112.25,1,-1,-1,-1
165,7,1079.66,246.33,186.97,161.89,1,-1,-1,-1
165,8,1253.79,364.77,211.22,195.92,1,-1,-1,-1
166,1,886.53,194.49,164.46,181.35,1,-1,-1,-1
166,3,866.57,117.40,117.76,122.98,1,-1,-1,-1
166,4,1531.82,195.81,112.65,94.81,1,-1,-1,-1
166,6,1259.65,206.99,140.45,112.29,1,-1,-1,-1
166,7,1077.93,246.14,185.13,161.05,1,-1,-1,-1
166,8,1251.82,356.19,209.26,201.70,1,-1,-1,-1
167,1,887.56,195.10,163.81,180.89,1,-1,-1,-1
167,3,866.80,117.93,117.63,122.48,1,-1,-1,-1
167,4,1531.97,195.86,112.52,94.67,1,-1,-1,-1
167,6,1259.75,206.93,140.36,112.33,1,-1,-1,-1
167,7,1077.67,246.34,184.45,160.58,1,-1,-1,-1
167,8,1251.47,352.11,207.76,206.02,1,-1,-1,-1
168,1,885.00,193.73,164.92,181.45,1,-1,-1,-1
168,3,868.44,116.68,117.47,121.74,1,-1,-1,-1
168,4,1532.07,195.70,112.44,94.56,1,-1,-1,-1
168,6,1259.63,206.86,140.40,112.39,1,-1,-1,-1
168,7,1084.00,246.57,189.02,161.31,1,-1,-1,-1
168,8,1254.71,378.48,202.73,192.51,1,-1,-1,-1
169,1,882.35,192.91,166.45,182.35,1,-1,-1,-1
169,3,869.60,117.38,118.35,121.14,1,-1,-1,-1
169,4,1532.12,195.76,112.36,94.43,1,-1,-1,-1
169,6,1259.56,206.74,140.44,112.44,1,-1,-1,-1
169,7,1083.21,246.58,194.63,162.70,1,-1,-1,-1
169,8,1260.08,377.73,196.91,190.12,1,-1,-1,-1
170,1,882.31,192.14,166.73,182.65,1,-1,-1,-1
170,3,870.94,118.25,118.96,119.93,1,-1,-1,-1
170,4,1532.13,195.61,112.11,94.36,1,-1,-1,-1
170,6,1259.68,206.71,140.33,112.35,1,-1,-1,-1
170,7,1082.42,246.60,198.34,163.74,1,-1,-1,-1
170,8,1262.39,364.60,193.82,195.04,1,-1,-1,-1
171,1,881.91,191.68,167.07,182.93,1,-1,-1,-1
171,3,873.21,118.93,120.71,119.26,1,-1,-1,-1
171,4,1532.12,195.56,112.00,94.35,1,-1,-1,-1
171,6,1259.93,206.76,140.13,112.33,1,-1,-1,-1
171,7,1082.11,246.12,199.08,163.14,1,-1,-1,-1
171,8,1262.25,359.00,195.67,199.65,1,-1,-1,-1
172,1,881.74,191.09,167.35,183.35,1,-1,-1,-1
172,3,877.08,118.18,122.53,119.29,1,-1,-1,-1
172,4,1532.10,195.59,111.92,94.37,1,-1,-1,-1
172,6,1260.16,206.84,139.92,112.33,1,-1,-1,-1
172,7,1082.36,245.69,195.51,162.67,1,-1,-1,-1
172,8,1242.01,350.60,178.03,190.04,1,-1,-1,-1
173,1,879.18,157.95,170.74,201.64,1,-1,-1,-1
173,4,1532.13,195.57,111.86,94.35,1,-1,-1,-1
173,6,1260.31,206.90,139.75,112.36,1,-1,-1,-1
173,7,1083.47,245.44,189.26,162.05,1,-1,-1,-1
173,8,1251.68,359.17,188.85,194.14,1,-1,-1,-1
174,1,880.55,175.18,170.06,196.80,1,-1,-1,-1
174,3,883.24,118.86,125.66,118.27,1,-1,-1,-1
174,4,1532.16,195.59,111.80,94.37,1,-1,-1,-1
174,6,1260.38,206.90,139.64,112.43,1,-1,-1,-1
174,7,1080.36,245.78,187.19,162.75,1,-1,-1,-1
174,8,1252.56,355.94,197.00,201.30,1,-1,-1,-1
175,1,881.43,183.74,169.33,192.59,1,-1,-1,-1
175,3,884.66,116.66,127.61,118.98,1,-1,-1,-1
175,4,1532.18,195.61,111.78,94.38,1,-1,-1,-1
175,6,1260.33,206.87,139.63,112.49,1,-1,-1,-1
175,7,1082.14,244.99,188.09,162.15,1,-1,-1,-1
175,8,1250.59,345.41,202.48,210.93,1,-1,-1,-1
176,1,881.44,188.12,169.19,189.40,1,-1,-1,-1
176,3,884.71,115.21,129.10,119.95,1,-1,-1,-1
176,4,1532.22,195.61,111.74,94.36,1,-1,-1,-1
176,6,1260.28,206.85,139.65,112.49,1,-1,-1,-1
176,7,1085.23,245.96,189.22,163.42,1,-1,-1,-1
176,8,1248.51,345.46,204.11,214.75,1,-1,-1,-1
177,1,881.62,190.23,168.98,187.09,1,-1,-1,-1
177,3,884.90,114.45,129.98,120.24,1,-1,-1,-1
177,4,1532.25,195.60,111.72,94.35,1,-1,-1,-1
177,6,1260.19,206.83,139.71,112.50,1,-1,-1,-1
177,7,1083.65,245.74,193.22,163.66,1,-1,-1,-1
177,8,1249.69,345.46,202.54,217.08,1,-1,-1,-1
178,1,881.85,192.16,168.59,185.00,1,-1,-1,-1
178,3,884.79,113.90,130.71,120.22,1,-1,-1,-1
178,4,1532.35,195.61,111.61,94.31,1,-1,-1,-1
178,6,1260.04,206.77,139.79,112.46,1,-1,-1,-1
178,7,1080.88,245.93,198.23,164.41,1,-1,-1,-1
178,8,1250.09,346.86,198.58,215.40,1,-1,-1,-1
179,1,882.06,192.79,168.15,183.71,1,-1,-1,-1
179,3,884.37,113.61,130.92,120.12,1,-1,-1,-1
179,4,1532.40,195.61,111.53,94.31,1,-1,-1,-1
179,6,1260.00,206.74,139.83,112.42,1,-1,-1,-1
179,7,1077.63,245.69,200.27,163.40,1,-1,-1,-1
179,8,1251.57,344.38,196.73,215.95,1,-1,-1,-1
180,1,882.66,193.14,167.57,182.89,1,-1,-1,-1
180,3,884.44,113.55,130.64,119.72,1,-1,-1,-1
180,4,1532.42,195.60,111.49,94.30,1,-1,-1,-1
180,6,1260.04,206.76,139.83,112.42,1,-1,-1,-1
180,7,1077.18,245.84,199.31,162.49,1,-1,-1,-1
180,8,1253.42,345.85,197.58,213.09,1,-1,-1,-1
181,1,885.43,194.96,166.12,181.40,1,-1,-1,-1
181,3,884.11,113.72,130.24,119.33,1,-1,-1,-1
181,4,1532.40,195.60,111.56,94.32,1,-1,-1,-1
181,6,1260.06,206.70,139.80,112.41,1,-1,-1,-1
181,7,1076.74,245.90,192.34,161.51,1,-1,-1,-1
181,8,1253.45,346.35,199.87,213.11,1,-1,-1,-1
182,1,884.44,194.55,166.18,180.95,1,-1,-1,-1
182,3,883.11,114.54,130.15,118.30,1,-1,-1,-1
182,4,1532.57,195.58,111.52,94.25,1,-1,-1,-1
182,6,1260.19,206.72,139.77,112.42,1,-1,-1,-1
182,7,1077.78,246.08,187.08,160.73,1,-1,-1,-1
182,8,1252.66,347.05,203.65,213.63,1,-1,-1,-1
183,1,884.12,194.93,166.07,180.41,1,-1,-1,-1
183,3,881.27,115.16,128.86,117.32,1,-1,-1,-1
183,4,1532.63,195.57,111.53,94.23,1,-1,-1,-1
183,6,1260.24,206.64,139.79,112.48,1,-1,-1,-1
183,7,1079.43,247.91,184.90,161.28,1,-1,-1,-1
183,8,1250.01,347.49,208.30,214.93,1,-1,-1,-1
184,1,884.11,195.01,166.02,180.13,1,-1,-1,-1
184,3,879.97,114.87,128.25,116.98,1,-1,-1,-1
184,4,1532.68,195.52,111.54,94.23,1,-1,-1,-1
184,6,1260.28,206.69,139.73,112.52,1,-1,-1,-1
184,7,1080.78,248.36,186.11,162.26,1,-1,-1,-1
184,8,1247.74,347.14,212.33,216.06,1,-1,-1,-1
185,1,884.18,194.77,165.73,180.05,1,-1,-1,-1
185,3,877.72,113.96,126.84,117.14,1,-1,-1,-1
185,4,1532.90,195.78,111.23,94.24,1,-1,-1,-1
185,6,1260.09,206.66,139.82,112.56,1,-1,-1,-1
185,7,1076.43,247.95,190.88,162.14,1,-1,-1,-1
185,8,1246.35,347.57,214.24,217.10,1,-1,-1,-1
186,1,883.54,193.50,166.08,181.03,1,-1,-1,-1
186,3,874.82,113.30,125.53,117.37,1,-1,-1,-1
186,4,1533.12,195.11,111.06,94.57,1,-1,-1,-1
186,6,1260.04,206.66,139.87,112.56,1,-1,-1,-1
186,7,1071.20,247.20,197.00,162.10,1,-1,-1,-1
186,8,1246.95,347.92,212.19,217.87,1,-1,-1,-1
187,1,884.43,193.50,165.44,180.97,1,-1,-1,-1
187,3,870.95,113.46,123.97,117.60,1,-1,-1,-1
187,4,1533.19,194.70,110.98,94.89,1,-1,-1,-1
187,6,1260.06,206.69,139.91,112.51,1,-1,-1,-1
187,7,1071.88,246.35,199.26,160.69,1,-1,-1,-1
187,8,1249.09,349.18,208.84,217.85,1,-1,-1,-1
188,1,885.09,193.70,165.17,180.90,1,-1,-1,-1
188,3,868.24,113.52,122.20,117.77,1,-1,-1,-1
188,4,1532.83,194.66,111.26,94.97,1,-1,-1,-1
188,6,1260.10,206.69,139.91,112.53,1,-1,-1,-1
188,7,1069.38,246.41,199.13,160.68,1,-1,-1,-1
188,8,1251.49,373.84,205.50,201.85,1,-1,-1,-1
189,1,885.42,194.09,164.91,180.67,1,-1,-1,-1
189,3,865.96,115.21,120.98,116.76,1,-1,-1,-1
189,4,1532.75,194.37,111.47,95.19,1,-1,-1,-1
189,6,1260.12,206.72,139.89,112.52,1,-1,-1,-1
189,7,1066.88,246.85,197.32,160.99,1,-1,-1,-1
189,8,1256.69,367.21,200.81,202.42,1,-1,-1,-1
190,1,885.51,193.92,164.74,180.71,1,-1,-1,-1
190,3,863.89,115.68,119.44,116.16,1,-1,-1,-1
190,4,1532.65,194.31,111.64,95.33,1,-1,-1,-1
190,6,1260.09,206.76,139.89,112.53,1,-1,-1,-1
190,7,1067.79,247.05,191.46,160.90,1,-1,-1,-1
190,8,1262.81,370.11,196.38,200.00,1,-1,-1,-1
191,1,885.62,194.13,164.87,180.53,1,-1,-1,-1
191,3,862.10,116.84,117.24,115.35,1,-1,-1,-1
191,4,1532.53,194.86,111.69,95.10,1,-1,-1,-1
191,6,1260.09,206.77,139.88,112.53,1,-1,-1,-1
191,7,1063.86,247.49,188.65,161.33,1,-1,-1,-1
191,8,1265.80,367.22,194.88,200.72,1,-1,-1,-1
192,1,885.89,193.64,164.91,180.69,1,-1,-1,-1
192,3,857.64,121.45,117.08,112.74,1,-1,-1,-1
192,4,1532.53,195.19,111.73,94.87,1,-1,-1,-1
192,6,1260.06,206.76,139.91,112.51,1,-1,-1,-1
192,7,1067.45,246.24,187.13,161.06,1,-1,-1,-1
192,8,1266.58,365.46,196.62,202.76,1,-1,-1,-1
193,1,884.33,193.52,165.09,181.15,1,-1,-1,-1
193,3,855.32,125.04,116.47,109.99,1,-1,-1,-1
193,4,1532.48,196.01,111.84,95.26,1,-1,-1,-1
193,6,1259.29,206.85,140.05,112.40,1,-1,-1,-1
193,7,1066.01,245.29,189.22,161.07,1,-1,-1,-1
193,8,1267.61,373.74,199.21,199.47,1,-1,-1,-1
194,1,886.34,193.17,164.81,181.41,1,-1,-1,-1
194,3,852.71,123.42,116.21,110.97,1,-1,-1,-1
194,4,1531.91,197.14,112.02,95.53,1,-1,-1,-1
194,6,1258.97,208.08,140.56,112.45,1,-1,-1,-1
194,7,1063.02,246.77,193.13,161.44,1,-1,-1,-1
194,8,1263.72,394.00,205.96,188.51,1,-1,-1,-1
195,1,886.76,193.51,164.84,181.36,1,-1,-1,-1
195,3,849.20,120.99,115.35,111.76,1,-1,-1,-1
195,4,1532.45,196.23,111.88,95.39,1,-1,-1,-1
195,6,1259.25,207.60,140.55,112.43,1,-1,-1,-1
195,7,1058.52,246.82,196.63,162.29,1,-1,-1,-1
195,8,1262.23,377.79,211.28,195.89,1,-1,-1,-1
196,1,886.36,194.44,164.13,180.68,1,-1,-1,-1
196,3,845.20,119.77,114.77,113.30,1,-1,-1,-1
196,4,1532.49,196.01,111.90,95.37,1,-1,-1,-1
196,6,1259.18,207.54,140.54,112.43,1,-1,-1,-1
196,7,1053.76,248.21,199.09,163.30,1,-1,-1,-1
196,8,1259.77,370.96,213.96,202.38,1,-1,-1,-1
197,1,885.93,193.63,163.84,181.04,1,-1,-1,-1
197,3,841.56,122.04,115.02,112.33,1,-1,-1,-1
197,4,1532.19,195.82,112.23,95.33,1,-1,-1,-1
197,6,1259.06,207.43,140.63,112.40,1,-1,-1,-1
197,7,1050.79,248.52,198.14,164.54,1,-1,-1,-1
197,8,1257.27,369.13,215.26,206.79,1,-1,-1,-1
198,1,885.28,193.29,163.39,181.35,1,-1,-1,-1
198,3,834.41,119.46,117.14,113.97,1,-1,-1,-1
198,4,1532.03,195.77,112.25,95.25,1,-1,-1,-1
198,6,1258.70,207.24,140.86,112.50,1,-1,-1,-1
198,7,1046.74,247.22,192.25,163.54,1,-1,-1,-1
198,8,1255.59,369.93,215.09,205.31,1,-1,-1,-1
199,1,884.98,193.99,162.86,181.14,1,-1,-1,-1
199,3,831.65,117.59,117.07,115.46,1,-1,-1,-1
199,4,1532.16,195.61,112.25,95.16,1,-1,-1,-1
199,6,1258.85,207.22,140.85,112.54,1,-1,-1,-1
199,7,1039.80,247.01,187.24,162.60,1,-1,-1,-1
199,8,1253.77,368.46,213.74,207.97,1,-1,-1,-1
200,1,885.71,194.78,163.07,180.70,1,-1,-1,-1
200,3,829.69,116.69,115.51,116.65,1,-1,-1,-1
200,4,1532.31,195.86,112.10,95.17,1,-1,-1,-1
200,6,1258.57,207.20,141.00,112.42,1,-1,-1,-1
200,7,1036.07,246.90,184.33,162.44,1,-1,-1,-1
200,8,1254.86,368.37,211.16,210.42,1,-1,-1,-1
201,1,885.26,194.69,163.97,180.95,1,-1,-1,-1
201,3,830.68,119.90,113.75,115.37,1,-1,-1,-1
201,4,1532.14,196.12,112.11,95.18,1,-1,-1,-1
201,6,1258.46,207.23,141.12,112.39,1,-1,-1,-1
201,7,1026.64,247.41,177.84,160.81,1,-1,-1,-1
201,8,1255.39,366.35,208.17,211.59,1,-1,-1,-1
202,1,883.80,195.38,160.86,180.37,1,-1,-1,-1
202,3,831.67,119.75,111.37,115.86,1,-1,-1,-1
202,4,1532.15,196.14,112.06,95.16,1,-1,-1,-1
202,6,1258.29,207.23,141.26,112.36,1,-1,-1,-1
202,7,1027.29,247.57,180.64,161.01,1,-1,-1,-1
203,1,881.26,194.70,156.70,180.66,1,-1,-1,-1
203,3,830.82,122.63,107.29,114.64,1,-1,-1,-1
203,4,1532.28,196.13,111.89,95.15,1,-1,-1,-1
203,6,1258.03,207.23,141.47,112.34,1,-1,-1,-1
203,7,1023.24,248.45,184.07,160.62,1,-1,-1,-1
204,1,880.54,195.42,153.08,180.88,1,-1,-1,-1
204,3,823.26,123.19,106.93,113.88,1,-1,-1,-1
204,4,1532.45,196.04,111.71,95.09,1,-1,-1,-1
204,6,1257.49,207.30,141.84,112.21,1,-1,-1,-1
204,7,1008.75,246.75,188.44,161.03,1,-1,-1,-1
204,8,1256.24,364.54,210.37,210.68,1,-1,-1,-1
205,1,879.98,196.33,149.13,183.14,1,-1,-1,-1
205,3,825.39,132.18,101.77,109.48,1,-1,-1,-1
205,4,1532.34,196.12,111.72,95.12,1,-1,-1,-1
205,6,1257.57,207.31,141.94,112.20,1,-1,-1,-1
205,7,1000.76,247.37,192.75,162.93,1,-1,-1,-1
205,8,1255.37,368.26,213.76,208.46,1,-1,-1,-1
206,1,879.88,195.76,144.43,183.29,1,-1,-1,-1
206,4,1532.30,196.14,111.76,95.06,1,-1,-1,-1
206,6,1257.44,207.24,142.09,112.24,1,-1,-1,-1
206,7,992.54,248.18,196.05,164.91,1,-1,-1,-1
206,8,1254.28,376.42,216.64,203.97,1,-1,-1,-1
207,1,881.02,194.16,141.36,182.96,1,-1,-1,-1
207,3,813.18,126.80,104.02,111.00,1,-1,-1,-1
207,4,1532.24,196.10,111.80,95.04,1,-1,-1,-1
207,6,1257.33,207.20,142.22,112.25,1,-1,-1,-1
207,7,981.70,246.45,197.05,165.39,1,-1,-1,-1
207,8,1254.40,381.77,218.67,200.46,1,-1,-1,-1
208,1,882.47,198.75,138.29,182.36,1,-1,-1,-1
208,4,1532.19,196.08,111.86,95.05,1,-1,-1,-1
208,6,1257.27,207.21,142.31,112.26,1,-1,-1,-1
208,7,970.66,245.61,195.61,166.05,1,-1,-1,-1
208,8,1254.11,378.45,219.40,199.61,1,-1,-1,-1
209,1,884.07,195.93,134.91,183.35,1,-1,-1,-1
209,3,806.70,128.18,103.88,109.55,1,-1,-1,-1
209,4,1532.16,196.05,111.90,95.04,1,-1,-1,-1
209,6,1257.32,207.21,142.35,112.31,1,-1,-1,-1
209,7,926.05,246.15,215.21,165.18,1,-1,-1,-1
209,8,1253.20,369.85,219.17,203.67,1,-1,-1,-1
210,4,1532.06,196.10,111.96,95.07,1,-1,-1,-1
210,6,1257.35,207.20,142.37,112.37,1,-1,-1,-1
210,7,904.28,231.26,226.20,174.60,1,-1,-1,-1
210,8,1253.60,368.89,215.69,203.83,1,-1,-1,-1
210,12,1221.46,0.06,146.41,109.18,1,-1,-1,-1
211,4,1532.05,196.13,111.98,95.06,1,-1,-1,-1
211,6,1257.35,207.22,142.38,112.38,1,-1,-1,-1
211,7,892.40,238.25,232.73,171.29,1,-1,-1,-1
211,8,1257.58,379.47,210.98,200.31,1,-1,-1,-1
211,12,1221.43,0.13,145.68,108.98,1,-1,-1,-1
212,3,799.71,128.69,102.31,109.50,1,-1,-1,-1
212,4,1532.02,196.16,112.02,95.06,1,-1,-1,-1
212,6,1257.33,207.22,142.40,112.38,1,-1,-1,-1
212,7,912.77,242.89,218.98,169.63,1,-1,-1,-1
212,8,1263.26,397.81,206.34,191.12,1,-1,-1,-1
212,12,1221.65,0.18,145.77,109.27,1,-1,-1,-1
213,3,797.39,128.95,103.06,109.58,1,-1,-1,-1
213,4,1531.99,196.19,112.05,95.08,1,-1,-1,-1
213,6,1257.39,207.23,142.37,112.37,1,-1,-1,-1
213,7,897.27,225.43,225.95,181.46,1,-1,-1,-1
213,8,1269.11,393.66,201.65,190.39,1,-1,-1,-1
213,12,1221.84,0.15,145.37,109.20,1,-1,-1,-1
214,3,795.21,129.60,104.94,110.39,1,-1,-1,-1
214,4,1532.05,196.18,112.03,95.06,1,-1,-1,-1
214,6,1257.47,207.26,142.31,112.35,1,-1,-1,-1
214,7,910.55,236.75,219.43,178.25,1,-1,-1,-1
214,8,1271.72,378.03,198.99,196.08,1,-1,-1,-1
214,12,1222.08,0.24,145.16,109.41,1,-1,-1,-1
215,4,1532.07,196.12,111.97,95.11,1,-1,-1,-1
215,6,1257.60,207.30,142.24,112.34,1,-1,-1,-1
215,7,909.73,243.14,218.81,178.16,1,-1,-1,-1
215,8,1271.94,370.25,199.94,200.95,1,-1,-1,-1
215,12,1221.60,0.16,145.69,109.71,1,-1,-1,-1
216,4,1532.08,195.47,112.09,95.42,1,-1,-1,-1
216,6,1257.71,207.33,142.15,112.34,1,-1,-1,-1
216,7,904.74,246.25,220.91,178.77,1,-1,-1,-1
216,8,1273.45,366.94,201.22,204.83,1,-1,-1,-1
216,12,1221.37,0.08,145.89,109.81,1,-1,-1,-1
217,3,798.95,125.42,108.93,112.41,1,-1,-1,-1
217,4,1532.10,195.16,112.17,95.62,1,-1,-1,-1
217,6,1257.78,207.36,142.09,112.33,1,-1,-1,-1
217,7,894.23,239.55,218.88,181.24,1,-1,-1,-1
217,8,1295.50,415.98,192.71,178.65,1,-1,-1,-1
217,12,1221.18,0.02,146.15,109.88,1,-1,-1,-1
218,4,1532.10,195.01,112.16,95.78,1,-1,-1,-1
218,6,1257.84,207.35,142.02,112.31,1,-1,-1,-1
218,7,888.83,244.95,218.08,180.69,1,-1,-1,-1
218,8,1306.94,416.43,182.62,172.87,1,-1,-1,-1
218,13,1256.49,443.45,94.04,91.94,1,-1,-1,-1
219,4,1532.08,194.92,112.08,95.93,1,-1,-1,-1
219,6,1257.94,207.31,141.93,112.35,1,-1,-1,-1
219,7,885.12,245.23,215.87,180.22,1,-1,-1,-1
219,8,1286.87,412.91,189.82,171.36,1,-1,-1,-1
220,4,1532.09,194.83,112.00,96.05,1,-1,-1,-1
220,6,1257.98,207.28,141.86,112.35,1,-1,-1,-1
220,7,878.94,240.20,209.80,179.60,1,-1,-1,-1
220,8,1271.47,396.41,197.82,179.20,1,-1,-1,-1
221,4,1532.12,195.41,111.88,95.84,1,-1,-1,-1
221,6,1257.96,207.25,141.86,112.34,1,-1,-1,-1
221,7,871.17,240.47,204.34,179.64,1,-1,-1,-1
221,8,1260.19,378.26,203.85,189.62,1,-1,-1,-1
222,4,1532.22,195.58,111.79,95.74,1,-1,-1,-1
222,6,1257.40,207.23,142.15,112.27,1,-1,-1,-1
222,7,866.73,238.88,201.61,181.45,1,-1,-1,-1
222,8,1248.98,386.74,208.44,186.72,1,-1,-1,-1
223,4,1532.25,195.64,111.71,95.61,1,-1,-1,-1
223,6,1257.53,207.28,142.13,112.29,1,-1,-1,-1
223,7,861.38,236.25,202.16,184.80,1,-1,-1,-1
223,8,1239.82,386.87,210.91,186.56,1,-1,-1,-1
224,4,1532.27,195.65,111.66,95.55,1,-1,-1,-1
224,6,1257.69,207.28,142.07,112.32,1,-1,-1,-1
224,7,853.87,228.15,206.32,192.11,1,-1,-1,-1
224,8,1225.66,372.00,204.74,193.66,1,-1,-1,-1
225,4,1532.29,195.68,111.63,95.47,1,-1,-1,-1
225,6,1257.76,207.19,142.05,112.35,1,-1,-1,-1
225,7,846.74,226.46,210.92,195.69,1,-1,-1,-1
225,8,1237.71,348.10,185.74,181.85,1,-1,-1,-1
226,4,1532.29,195.76,111.69,95.47,1,-1,-1,-1
226,6,1257.67,207.09,142.07,112.41,1,-1,-1,-1
226,7,838.76,211.43,214.93,206.67,1,-1,-1,-1
226,8,1248.62,334.47,167.45,164.96,1,-1,-1,-1
227,4,1532.33,195.76,111.85,95.47,1,-1,-1,-1
227,6,1257.76,207.07,142.09,112.45,1,-1,-1,-1
227,7,834.11,224.09,216.36,204.09,1,-1,-1,-1
227,8,1225.86,348.10,166.75,170.99,1,-1,-1,-1
228,4,1532.36,195.78,111.91,95.43,1,-1,-1,-1
228,6,1257.76,207.10,142.09,112.52,1,-1,-1,-1
228,7,822.93,233.61,217.30,198.05,1,-1,-1,-1
228,8,1214.40,355.01,168.79,179.72,1,-1,-1,-1
229,4,1532.17,195.88,112.11,95.46,1,-1,-1,-1
229,6,1257.74,207.12,142.09,112.60,1,-1,-1,-1
229,7,813.07,240.40,215.25,192.86,1,-1,-1,-1
229,8,1204.21,356.23,171.53,187.20,1,-1,-1,-1
230,4,1532.31,195.64,112.02,95.54,1,-1,-1,-1
230,6,1257.77,207.20,142.11,112.60,1,-1,-1,-1
230,7,807.16,232.45,226.79,196.04,1,-1,-1,-1
230,8,1197.04,354.70,178.98,193.72,1,-1,-1,-1
231,4,1532.42,195.65,112.04,95.55,1,-1,-1,-1
231,6,1257.81,207.21,142.12,112.57,1,-1,-1,-1
231,7,792.87,237.57,221.24,192.16,1,-1,-1,-1
231,8,1187.20,350.38,183.40,195.74,1,-1,-1,-1
232,4,1532.40,195.71,112.08,95.59,1,-1,-1,-1
232,6,1257.59,207.18,142.26,112.56,1,-1,-1,-1
232,7,775.81,243.23,217.14,188.14,1,-1,-1,-1
232,8,1174.03,345.55,187.49,196.69,1,-1,-1,-1
232,14,939.24,262.45,107.20,102.65,1,-1,-1,-1
233,4,1532.52,195.67,112.15,95.64,1,-1,-1,-1
233,6,1257.57,207.17,142.28,112.57,1,-1,-1,-1
233,7,763.24,246.77,212.98,184.73,1,-1,-1,-1
233,8,1160.76,344.53,190.28,198.19,1,-1,-1,-1
233,14,933.17,256.85,116.67,108.25,1,-1,-1,-1
234,4,1532.52,195.60,112.24,95.65,1,-1,-1,-1
234,6,1257.48,207.16,142.36,112.60,1,-1,-1,-1
234,7,753.19,249.93,209.41,180.85,1,-1,-1,-1
234,8,1147.85,342.26,192.46,198.49,1,-1,-1,-1
234,14,916.39,255.55,131.80,111.61,1,-1,-1,-1
234,15,802.51,124.58,111.73,121.17,1,-1,-1,-1
235,4,1532.41,195.63,112.24,95.67,1,-1,-1,-1
235,6,1257.32,207.16,142.49,112.60,1,-1,-1,-1
235,7,740.75,251.84,206.53,178.71,1,-1,-1,-1
235,8,1131.65,340.86,195.34,198.15,1,-1,-1,-1
235,14,906.13,256.42,141.22,111.53,1,-1,-1,-1
236,4,1532.39,195.57,112.23,95.65,1,-1,-1,-1
236,6,1257.17,207.14,142.62,112.60,1,-1,-1,-1
236,7,728.96,251.98,203.01,176.78,1,-1,-1,-1
236,8,1115.93,339.13,198.16,197.86,1,-1,-1,-1
236,14,896.61,215.28,158.19,137.66,1,-1,-1,-1
236,15,803.26,123.14,108.51,120.85,1,-1,-1,-1
236,16,1218.90,0.04,147.83,108.90,1,-1,-1,-1
237,4,1532.34,195.58,112.14,95.66,1,-1,-1,-1
237,6,1257.28,207.12,142.61,112.62,1,-1,-1,-1
237,7,713.95,253.21,201.10,175.81,1,-1,-1,-1
237,8,1100.72,337.91,200.09,198.22,1,-1,-1,-1
237,14,895.07,239.42,157.11,125.95,1,-1,-1,-1
237,15,801.34,123.23,108.17,120.87,1,-1,-1,-1
237,16,1218.80,0.08,147.53,108.79,1,-1,-1,-1
238,4,1532.33,195.61,112.08,95.66,1,-1,-1,-1
238,6,1257.31,207.13,142.59,112.64,1,-1,-1,-1
238,7,701.26,254.25,198.90,174.92,1,-1,-1,-1
238,8,1084.41,337.10,203.41,198.23,1,-1,-1,-1
238,14,892.44,252.85,158.89,118.08,1,-1,-1,-1
238,15,800.72,123.71,107.43,121.11,1,-1,-1,-1
238,16,1219.20,0.19,146.89,108.69,1,-1,-1,-1
239,4,1531.94,195.42,112.43,95.65,1,-1,-1,-1
239,6,1257.39,207.13,142.52,112.67,1,-1,-1,-1
239,7,686.52,253.67,198.06,174.93,1,-1,-1,-1
239,8,1069.99,336.60,206.52,198.67,1,-1,-1,-1
239,14,891.57,248.87,161.31,119.02,1,-1,-1,-1
239,15,801.04,123.98,104.78,120.49,1,-1,-1,-1
239,16,1219.19,0.23,146.16,108.51,1,-1,-1,-1
240,4,1532.15,195.55,112.28,95.67,1,-1,-1,-1
240,6,1257.51,207.12,142.44,112.68,1,-1,-1,-1
240,7,672.24,254.36,196.06,174.57,1,-1,-1,-1
240,8,1054.32,335.85,210.41,199.44,1,-1,-1,-1
240,14,890.36,238.08,164.43,125.53,1,-1,-1,-1
240,15,802.45,128.18,101.40,117.19,1,-1,-1,-1
240,16,1219.08,0.07,146.02,108.25,1,-1,-1,-1
241,4,1531.79,195.42,112.60,95.73,1,-1,-1,-1
241,6,1257.51,207.12,142.42,112.70,1,-1,-1,-1
241,7,657.34,254.89,194.74,173.47,1,-1,-1,-1
241,8,1039.85,336.51,214.17,199.76,1,-1,-1,-1
241,14,889.47,228.49,166.62,132.75,1,-1,-1,-1
241,15,805.49,129.53,97.04,114.44,1,-1,-1,-1
241,16,1219.23,0.17,146.21,108.48,1,-1,-1,-1
242,4,1531.65,195.35,112.79,95.77,1,-1,-1,-1
242,6,1257.50,207.09,142.39,112.73,1,-1,-1,-1
242,7,641.92,254.67,193.05,173.73,1,-1,-1,-1
242,8,1024.56,338.00,218.75,200.77,1,-1,-1,-1
242,14,889.08,221.90,167.63,138.90,1,-1,-1,-1
242,15,805.22,130.97,94.39,112.18,1,-1,-1,-1
242,16,1218.93,0.31,146.06,108.78,1,-1,-1,-1
243,4,1531.64,195.35,112.86,95.71,1,-1,-1,-1
243,6,1257.57,207.10,142.30,112.72,1,-1,-1,-1
243,7,630.21,253.43,189.27,173.17,1,-1,-1,-1
243,8,1010.79,335.74,221.69,202.83,1,-1,-1,-1
243,14,887.48,201.67,164.13,146.30,1,-1,-1,-1
243,15,802.39,137.78,92.64,107.29,1,-1,-1,-1
243,16,1219.13,0.26,146.29,109.02,1,-1,-1,-1
244,4,1531.61,195.37,112.92,95.69,1,-1,-1,-1
244,6,1257.91,207.12,142.01,112.73,1,-1,-1,-1
244,7,611.45,253.14,189.49,173.84,1,-1,-1,-1
244,8,999.97,337.79,223.28,200.77,1,-1,-1,-1
244,14,889.31,206.72,165.01,150.39,1,-1,-1,-1
244,15,797.42,148.97,91.47,98.46,1,-1,-1,-1
244,16,1219.54,0.26,146.74,109.38,1,-1,-1,-1
245,4,1531.58,195.38,112.98,95.68,1,-1,-1,-1
245,6,1257.26,207.06,142.06,112.62,1,-1,-1,-1
245,7,595.59,251.45,188.69,173.05,1,-1,-1,-1
245,8,987.44,335.11,225.26,202.78,1,-1,-1,-1
245,14,890.10,209.24,165.17,152.51,1,-1,-1,-1
245,15,786.07,143.19,96.37,99.80,1,-1,-1,-1
246,4,1531.52,194.76,113.16,95.95,1,-1,-1,-1
246,6,1257.39,207.18,141.83,112.63,1,-1,-1,-1
246,7,578.94,252.37,188.38,173.03,1,-1,-1,-1
246,8,977.12,331.47,224.51,201.61,1,-1,-1,-1
246,14,889.97,201.41,165.57,159.03,1,-1,-1,-1
247,4,1531.83,194.46,112.92,96.36,1,-1,-1,-1
247,6,1257.58,207.11,141.51,112.50,1,-1,-1,-1
247,7,562.20,252.47,187.88,171.73,1,-1,-1,-1
247,8,969.68,331.98,223.48,203.77,1,-1,-1,-1
247,14,890.35,198.56,165.66,163.07,1,-1,-1,-1
248,4,1532.04,194.29,112.74,96.57,1,-1,-1,-1
248,6,1257.44,207.25,141.00,112.54,1,-1,-1,-1
248,7,545.32,254.70,188.55,171.89,1,-1,-1,-1
248,8,958.77,331.49,221.49,206.00,1,-1,-1,-1
248,14,890.60,199.02,165.03,164.65,1,-1,-1,-1
249,4,1532.10,194.21,112.65,96.78,1,-1,-1,-1
249,6,1256.49,207.26,141.00,112.50,1,-1,-1,-1
249,7,529.59,256.57,188.63,170.16,1,-1,-1,-1
249,8,951.42,330.98,217.61,208.08,1,-1,-1,-1
249,14,890.88,194.89,164.79,168.24,1,-1,-1,-1
250,4,1532.22,194.15,112.56,96.87,1,-1,-1,-1
250,6,1254.96,207.26,141.59,112.84,1,-1,-1,-1
250,7,514.74,259.92,188.23,168.84,1,-1,-1,-1
250,8,943.78,331.17,213.78,209.47,1,-1,-1,-1
250,14,890.94,194.68,164.08,169.71,1,-1,-1,-1
251,6,1253.25,207.06,142.44,113.23,1,-1,-1,-1
251,7,501.11,259.47,188.00,166.87,1,-1,-1,-1
251,8,937.11,331.06,209.90,210.79,1,-1,-1,-1
251,14,890.20,190.80,162.09,172.87,1,-1,-1,-1
252,4,1532.54,194.99,112.32,96.23,1,-1,-1,-1
252,6,1251.30,207.09,143.53,113.70,1,-1,-1,-1
252,7,485.90,253.42,189.89,170.41,1,-1,-1,-1
252,8,930.58,329.22,206.43,212.54,1,-1,-1,-1
252,14,886.67,188.64,154.22,174.68,1,-1,-1,-1
253,4,1532.69,195.33,112.23,95.87,1,-1,-1,-1
253,6,1250.17,207.01,144.03,114.07,1,-1,-1,-1
253,7,476.94,255.67,190.41,170.48,1,-1,-1,-1
253,8,923.11,327.61,204.06,215.02,1,-1,-1,-1
253,14,887.41,187.30,149.62,175.99,1,-1,-1,-1
254,6,1250.16,207.06,143.61,113.92,1,-1,-1,-1
254,7,469.98,255.81,191.61,170.84,1,-1,-1,-1
254,8,912.88,352.09,203.93,202.26,1,-1,-1,-1
254,14,890.13,186.49,148.98,177.50,1,-1,-1,-1
255,4,1532.81,195.48,112.17,95.52,1,-1,-1,-1
255,6,1248.56,206.15,143.81,113.86,1,-1,-1,-1
255,7,460.57,254.98,195.80,173.10,1,-1,-1,-1
255,8,900.75,336.84,202.14,209.56,1,-1,-1,-1
255,14,893.63,195.23,152.58,171.91,1,-1,-1,-1
256,4,1532.77,195.56,112.17,95.20,1,-1,-1,-1
256,6,1247.75,205.91,143.93,113.90,1,-1,-1,-1
256,7,457.36,254.10,198.80,174.34,1,-1,-1,-1
256,8,891.56,354.08,201.60,201.04,1,-1,-1,-1
256,14,893.87,190.27,154.59,174.05,1,-1,-1,-1
257,4,1532.85,195.60,112.13,95.05,1,-1,-1,-1
257,6,1247.69,205.70,143.80,113.75,1,-1,-1,-1
257,7,454.89,256.98,201.38,174.53,1,-1,-1,-1
257,8,882.84,368.30,202.09,192.55,1,-1,-1,-1
257,14,894.02,187.97,156.18,175.10,1,-1,-1,-1
258,6,1247.69,205.78,143.38,113.71,1,-1,-1,-1
258,7,452.16,254.62,203.77,177.59,1,-1,-1,-1
258,8,867.71,350.80,206.61,201.38,1,-1,-1,-1
258,14,895.19,187.37,156.78,175.37,1,-1,-1,-1
259,6,1247.32,205.93,142.83,113.66,1,-1,-1,-1
259,7,448.01,256.08,203.10,172.73,1,-1,-1,-1
259,8,849.82,339.11,212.29,210.86,1,-1,-1,-1
259,14,897.35,186.60,156.01,174.79,1,-1,-1,-1
260,6,1246.89,206.06,142.19,113.53,1,-1,-1,-1
260,7,448.35,258.10,201.44,170.72,1,-1,-1,-1
260,8,836.06,342.61,216.76,211.73,1,-1,-1,-1
260,14,899.62,200.46,154.91,166.18,1,-1,-1,-1
261,4,1532.78,195.72,111.78,95.01,1,-1,-1,-1
261,6,1245.74,206.27,142.17,113.42,1,-1,-1,-1
261,7,448.97,258.47,197.84,170.70,1,-1,-1,-1
261,8,822.37,358.02,222.06,203.35,1,-1,-1,-1
261,14,901.58,193.65,153.54,167.90,1,-1,-1,-1
262,4,1532.87,195.72,111.56,94.92,1,-1,-1,-1
262,6,1245.74,206.77,141.34,113.91,1,-1,-1,-1
262,7,444.97,259.37,194.94,172.80,1,-1,-1,-1
262,8,807.51,347.06,223.70,192.85,1,-1,-1,-1
262,14,901.55,190.89,153.15,169.36,1,-1,-1,-1
263,4,1532.80,195.75,111.52,94.96,1,-1,-1,-1
263,6,1246.61,206.88,140.26,114.18,1,-1,-1,-1
263,7,438.43,258.58,191.22,174.27,1,-1,-1,-1
263,8,795.40,358.70,228.11,191.98,1,-1,-1,-1
263,14,900.12,189.73,153.76,170.67,1,-1,-1,-1
264,4,1532.86,195.74,111.45,94.96,1,-1,-1,-1
264,6,1246.46,206.78,139.77,114.33,1,-1,-1,-1
264,7,442.37,257.57,189.72,173.51,1,-1,-1,-1
264,8,781.87,350.77,231.60,196.19,1,-1,-1,-1
264,14,898.97,189.20,154.49,171.81,1,-1,-1,-1
265,4,1532.88,195.74,111.40,94.97,1,-1,-1,-1
265,6,1246.80,206.66,138.92,114.46,1,-1,-1,-1
265,7,446.65,254.41,189.89,175.32,1,-1,-1,-1
265,8,770.18,344.78,232.76,199.99,1,-1,-1,-1
265,14,897.28,188.85,155.62,172.70,1,-1,-1,-1
266,4,1532.91,195.88,111.33,95.10,1,-1,-1,-1
266,6,1245.95,206.65,138.58,114.54,1,-1,-1,-1
266,7,445.75,249.89,193.07,180.98,1,-1,-1,-1
266,8,756.53,340.62,235.01,202.67,1,-1,-1,-1
266,14,895.96,204.01,157.25,164.32,1,-1,-1,-1
267,6,1245.63,206.69,137.89,114.68,1,-1,-1,-1
267,7,443.40,245.25,196.20,184.66,1,-1,-1,-1
267,8,744.31,339.02,236.49,202.38,1,-1,-1,-1
267,14,895.69,208.73,157.82,159.87,1,-1,-1,-1
268,6,1244.70,206.75,137.38,114.42,1,-1,-1,-1
268,8,734.27,336.31,235.81,204.08,1,-1,-1,-1
268,14,894.76,202.47,158.69,162.38,1,-1,-1,-1
269,6,1243.53,207.07,137.11,114.31,1,-1,-1,-1
269,7,447.05,244.08,191.36,181.32,1,-1,-1,-1
269,8,723.49,332.80,235.01,206.51,1,-1,-1,-1
269,14,893.99,201.46,159.43,163.09,1,-1,-1,-1
270,4,1532.92,195.74,111.26,94.85,1,-1,-1,-1
270,6,1242.49,207.41,137.93,114.02,1,-1,-1,-1
270,7,436.50,246.95,192.87,184.02,1,-1,-1,-1
270,8,711.97,330.01,233.92,207.49,1,-1,-1,-1
270,14,893.83,203.54,159.81,162.10,1,-1,-1,-1
271,4,1532.93,195.79,111.27,94.75,1,-1,-1,-1
271,6,1240.65,207.34,138.92,114.24,1,-1,-1,-1
271,8,704.57,328.65,230.30,207.91,1,-1,-1,-1
271,14,893.77,213.80,160.11,155.57,1,-1,-1,-1
272,4,1532.82,195.80,111.28,94.59,1,-1,-1,-1
272,6,1238.66,207.35,139.28,114.41,1,-1,-1,-1
272,7,422.72,252.38,190.19,184.22,1,-1,-1,-1
272,8,697.77,324.93,225.82,209.69,1,-1,-1,-1
272,14,893.61,208.22,160.17,157.51,1,-1,-1,-1
273,4,1532.86,195.83,111.25,94.51,1,-1,-1,-1
273,6,1237.55,207.60,139.15,114.17,1,-1,-1,-1
273,8,692.02,331.02,220.14,205.91,1,-1,-1,-1
273,14,893.57,207.94,160.14,157.61,1,-1,-1,-1
274,4,1532.99,195.85,111.24,94.38,1,-1,-1,-1
274,6,1234.76,207.57,139.07,113.76,1,-1,-1,-1
274,7,418.12,254.57,194.66,185.13,1,-1,-1,-1
274,8,687.30,325.35,211.83,207.13,1,-1,-1,-1
274,14,893.81,207.07,159.97,158.12,1,-1,-1,-1
275,4,1532.97,195.88,111.25,94.31,1,-1,-1,-1
275,6,1232.08,208.04,139.41,113.22,1,-1,-1,-1
275,7,409.19,253.25,202.51,187.65,1,-1,-1,-1
275,8,685.27,323.04,206.60,208.89,1,-1,-1,-1
275,14,893.89,210.20,159.81,156.35,1,-1,-1,-1
276,6,1229.61,208.30,139.10,112.78,1,-1,-1,-1
276,8,682.27,319.76,203.32,208.15,1,-1,-1,-1
276,14,893.74,220.77,160.03,149.34,1,-1,-1,-1
277,6,1227.57,207.57,138.30,113.15,1,-1,-1,-1
277,8,673.16,317.02,202.80,209.64,1,-1,-1,-1
277,14,897.30,205.53,157.97,155.88,1,-1,-1,-1
278,6,1224.04,204.89,137.81,113.98,1,-1,-1,-1
278,7,394.92,281.43,202.36,176.62,1,-1,-1,-1
278,8,663.39,315.28,204.87,211.51,1,-1,-1,-1
278,14,900.02,198.41,155.73,160.79,1,-1,-1,-1
279,6,1220.77,204.94,137.41,114.51,1,-1,-1,-1
279,8,655.55,315.31,207.83,213.07,1,-1,-1,-1
279,14,901.81,194.69,153.79,164.55,1,-1,-1,-1
280,6,1217.54,205.17,137.12,114.21,1,-1,-1,-1
280,7,384.92,293.98,199.84,170.46,1,-1,-1,-1
280,8,647.53,315.11,212.50,215.35,1,-1,-1,-1
280,14,901.81,192.64,152.90,167.45,1,-1,-1,-1
281,6,1213.37,205.29,137.22,114.08,1,-1,-1,-1
281,7,377.92,279.25,196.94,178.01,1,-1,-1,-1
281,8,638.76,316.04,217.08,217.13,1,-1,-1,-1
281,14,902.28,191.35,152.02,169.59,1,-1,-1,-1
282,4,1533.02,195.63,111.67,94.56,1,-1,-1,-1
282,6,1209.63,204.21,138.38,114.66,1,-1,-1,-1
282,8,638.24,308.08,216.87,209.73,1,-1,-1,-1
282,14,904.65,190.24,150.19,170.99,1,-1,-1,-1
283,4,1532.83,195.50,111.67,94.81,1,-1,-1,-1
283,6,1204.34,204.34,140.14,115.26,1,-1,-1,-1
283,8,635.71,306.57,216.64,204.87,1,-1,-1,-1
283,14,899.16,194.20,152.92,169.98,1,-1,-1,-1
284,6,1199.89,205.18,140.75,113.85,1,-1,-1,-1
284,8,623.17,313.25,220.16,209.23,1,-1,-1,-1
284,14,903.75,191.12,150.52,171.37,1,-1,-1,-1
285,6,1196.72,204.81,140.91,113.32,1,-1,-1,-1
285,8,635.73,308.89,209.27,202.96,1,-1,-1,-1
285,14,904.27,190.09,149.80,172.64,1,-1,-1,-1
286,6,1192.57,204.40,142.53,113.76,1,-1,-1,-1
286,7,323.86,279.48,203.73,186.59,1,-1,-1,-1
286,8,617.49,323.65,212.17,202.51,1,-1,-1,-1
286,14,899.18,196.63,152.57,169.62,1,-1,-1,-1
287,6,1188.67,202.91,144.51,113.94,1,-1,-1,-1
287,7,321.22,282.17,200.51,185.11,1,-1,-1,-1
287,8,609.93,312.86,210.02,198.90,1,-1,-1,-1
287,14,896.36,202.38,154.89,165.81,1,-1,-1,-1
288,6,1185.84,202.52,146.58,114.71,1,-1,-1,-1
288,8,599.83,321.42,208.22,202.79,1,-1,-1,-1
288,14,895.34,203.47,156.20,164.11,1,-1,-1,-1
289,6,1184.56,201.38,148.17,115.98,1,-1,-1,-1
289,7,285.99,286.60,208.61,193.38,1,-1,-1,-1
289,8,592.30,328.05,205.39,204.16,1,-1,-1,-1
289,14,894.72,204.05,157.18,162.92,1,-1,-1,-1
290,4,1533.11,195.44,111.27,94.54,1,-1,-1,-1
290,6,1184.25,200.89,149.23,116.68,1,-1,-1,-1
290,7,268.59,292.99,213.22,195.39,1,-1,-1,-1
290,8,587.16,332.14,202.73,204.56,1,-1,-1,-1
290,14,894.12,213.70,158.25,156.24,1,-1,-1,-1
291,6,1184.09,202.18,150.22,116.53,1,-1,-1,-1
291,7,249.07,296.01,215.00,197.55,1,-1,-1,-1
291,8,581.10,329.95,200.68,208.16,1,-1,-1,-1
291,14,893.81,219.29,158.90,151.01,1,-1,-1,-1
292,4,1533.20,195.53,111.19,94.37,1,-1,-1,-1
292,6,1185.48,205.28,150.55,115.53,1,-1,-1,-1
292,7,237.69,297.81,215.52,198.70,1,-1,-1,-1
292,8,575.01,329.42,199.66,211.57,1,-1,-1,-1
292,14,893.67,220.84,159.22,148.19,1,-1,-1,-1
293,4,1533.22,195.57,111.15,94.30,1,-1,-1,-1
293,6,1186.00,206.62,150.77,114.81,1,-1,-1,-1
293,7,233.61,298.23,215.89,199.52,1,-1,-1,-1
293,8,573.14,328.61,198.87,214.10,1,-1,-1,-1
293,14,893.58,221.87,159.40,146.16,1,-1,-1,-1
294,4,1533.25,195.61,111.16,94.27,1,-1,-1,-1
294,6,1186.25,208.07,150.77,113.85,1,-1,-1,-1
294,7,218.74,301.39,209.51,197.18,1,-1,-1,-1
294,8,564.02,331.72,199.86,216.00,1,-1,-1,-1
294,14,899.14,206.22,156.53,153.01,1,-1,-1,-1
295,6,1185.40,205.95,151.51,113.98,1,-1,-1,-1
295,7,205.54,304.36,202.28,195.87,1,-1,-1,-1
295,8,554.25,336.30,203.21,217.84,1,-1,-1,-1
295,14,896.05,218.67,157.64,147.57,1,-1,-1,-1
296,6,1184.93,206.02,152.08,113.64,1,-1,-1,-1
296,7,189.14,327.31,197.18,187.56,1,-1,-1,-1
296,8,546.45,340.13,205.59,218.28,1,-1,-1,-1
296,14,894.50,231.17,158.85,139.27,1,-1,-1,-1
297,6,1184.73,205.54,152.64,113.95,1,-1,-1,-1
297,7,174.27,320.78,193.27,190.40,1,-1,-1,-1
297,8,532.86,340.79,210.37,220.96,1,-1,-1,-1
297,14,893.86,238.65,159.52,132.59,1,-1,-1,-1
298,6,1184.91,206.37,153.55,114.13,1,-1,-1,-1
298,7,157.76,352.95,196.12,171.70,1,-1,-1,-1
298,8,497.83,383.51,192.47,196.65,1,-1,-1,-1
298,14,893.63,241.28,159.70,128.72,1,-1,-1,-1
299,6,1185.80,207.68,154.10,113.85,1,-1,-1,-1
299,7,140.87,339.32,197.38,177.35,1,-1,-1,-1
299,8,502.47,366.29,203.23,202.88,1,-1,-1,-1
299,14,893.34,228.90,160.06,134.13,1,-1,-1,-1
300,6,1187.23,208.50,154.33,113.27,1,-1,-1,-1
300,7,125.02,355.64,200.21,168.09,1,-1,-1,-1
300,8,496.14,353.28,211.55,211.21,1,-1,-1,-1
300,14,893.18,220.97,160.30,139.42,1,-1,-1,-1
301,4,1533.40,195.78,110.90,94.21,1,-1,-1,-1
301,6,1188.60,210.12,154.56,113.14,1,-1,-1,-1
301,7,110.47,346.51,203.76,173.75,1,-1,-1,-1
301,8,469.65,399.86,201.32,185.34,1,-1,-1,-1
301,14,893.12,216.20,160.35,143.84,1,-1,-1,-1
