2,1,1130.64,224.64,138.45,205.77,1,-1,-1,-1
2,2,970.67,244.97,121.46,114.33,1,-1,-1,-1
2,3,1236.57,212.66,114.26,111.21,1,-1,-1,-1
2,4,839.83,149.12,94.79,82.68,1,-1,-1,-1
2,5,648.19,255.53,70.06,70.23,1,-1,-1,-1
3,1,1136.03,240.70,138.38,198.97,1,-1,-1,-1
3,2,970.53,265.60,126.75,124.88,1,-1,-1,-1
3,3,1235.81,209.31,115.69,113.92,1,-1,-1,-1
3,4,840.04,149.60,94.63,82.34,1,-1,-1,-1
3,5,648.21,255.50,70.10,70.20,1,-1,-1,-1
4,1,1135.72,252.04,138.85,186.33,1,-1,-1,-1
4,2,960.49,241.30,134.10,140.65,1,-1,-1,-1
4,3,1232.38,204.76,121.03,119.18,1,-1,-1,-1
4,4,838.73,146.29,95.85,84.73,1,-1,-1,-1
5,1,1137.89,257.29,140.78,182.93,1,-1,-1,-1
5,2,951.76,219.62,151.63,166.66,1,-1,-1,-1
5,3,1229.51,206.42,124.40,119.73,1,-1,-1,-1
5,4,835.51,136.91,99.99,92.81,1,-1,-1,-1
5,5,648.98,256.29,69.77,69.41,1,-1,-1,-1
6,1,1129.13,248.79,144.46,184.02,1,-1,-1,-1
6,2,955.24,228.05,145.62,153.97,1,-1,-1,-1
6,3,1231.17,204.23,123.55,119.74,1,-1,-1,-1
6,4,837.51,142.97,97.53,89.05,1,-1,-1,-1
7,1,1128.22,220.24,168.61,201.81,1,-1,-1,-1
7,2,962.50,230.81,140.41,146.18,1,-1,-1,-1
7,4,838.08,145.10,96.49,87.24,1,-1,-1,-1
8,1,1120.40,230.55,165.14,195.30,1,-1,-1,-1
8,2,970.52,245.59,135.31,145.19,1,-1,-1,-1
8,3,1230.65,203.22,123.83,119.82,1,-1,-1,-1
8,4,838.13,146.15,95.92,86.18,1,-1,-1,-1
9,1,1124.03,238.62,166.80,194.29,1,-1,-1,-1
9,2,953.76,227.64,142.88,159.77,1,-1,-1,-1
9,3,1234.64,204.57,119.98,117.04,1,-1,-1,-1
9,4,839.07,146.78,95.59,85.57,1,-1,-1,-1
10,1,1126.69,242.54,168.58,193.11,1,-1,-1,-1
10,2,952.76,218.91,148.37,169.83,1,-1,-1,-1
10,3,1235.14,205.19,118.45,115.75,1,-1,-1,-1
10,4,839.60,147.09,95.33,85.13,1,-1,-1,-1
11,1,1129.20,249.46,169.67,188.03,1,-1,-1,-1
11,2,949.75,245.85,151.41,154.37,1,-1,-1,-1
11,3,1235.05,203.24,118.69,117.23,1,-1,-1,-1
11,4,839.26,146.74,95.27,85.04,1,-1,-1,-1
12,1,1130.15,252.08,169.74,184.01,1,-1,-1,-1
12,2,957.41,249.53,147.32,151.15,1,-1,-1,-1
12,3,1236.49,203.97,116.94,115.38,1,-1,-1,-1
12,4,839.22,146.83,95.14,84.81,1,-1,-1,-1
13,1,1134.38,254.71,168.02,180.50,1,-1,-1,-1
13,2,942.12,228.34,149.26,162.00,1,-1,-1,-1
13,3,1237.00,204.28,116.67,113.98,1,-1,-1,-1
13,4,839.92,147.50,94.77,84.42,1,-1,-1,-1
14,1,1138.10,252.98,166.08,180.02,1,-1,-1,-1
14,2,936.06,218.16,149.35,169.57,1,-1,-1,-1
14,3,1239.48,204.32,116.80,114.27,1,-1,-1,-1
14,4,839.38,147.19,94.97,84.78,1,-1,-1,-1
15,1,1145.24,254.69,159.49,176.56,1,-1,-1,-1
15,2,933.43,212.98,148.96,174.69,1,-1,-1,-1
15,3,1242.69,206.40,116.65,113.52,1,-1,-1,-1
15,4,839.05,148.87,94.66,83.81,1,-1,-1,-1
16,1,1154.32,233.05,162.15,188.34,1,-1,-1,-1
16,2,932.65,210.18,148.39,178.28,1,-1,-1,-1
16,4,838.24,149.66,94.13,83.22,1,-1,-1,-1
17,1,1155.35,256.67,156.83,174.24,1,-1,-1,-1
17,2,946.89,232.67,157.99,146.77,1,-1,-1,-1
17,3,1210.33,208.63,123.03,114.25,1,-1,-1,-1
17,4,837.49,150.71,93.66,82.46,1,-1,-1,-1
18,1,1158.01,239.44,156.23,180.65,1,-1,-1,-1
18,2,935.53,223.76,155.44,156.00,1,-1,-1,-1
18,3,1239.60,214.35,117.36,109.05,1,-1,-1,-1
18,4,836.63,151.53,93.01,81.73,1,-1,-1,-1
19,1,1160.38,257.29,156.31,170.86,1,-1,-1,-1
19,2,931.95,218.52,153.04,163.12,1,-1,-1,-1
19,3,1237.45,207.99,124.17,112.09,1,-1,-1,-1
19,4,835.25,152.83,93.26,81.42,1,-1,-1,-1
20,1,1165.14,238.52,167.00,182.20,1,-1,-1,-1
20,2,954.29,217.10,147.10,169.66,1,-1,-1,-1
20,4,837.77,154.50,91.29,79.85,1,-1,-1,-1
21,1,1169.77,225.94,161.99,176.97,1,-1,-1,-1
21,2,962.75,213.90,142.96,173.86,1,-1,-1,-1
21,4,839.75,156.54,89.02,78.04,1,-1,-1,-1
22,1,1166.78,220.72,166.99,186.89,1,-1,-1,-1
22,2,962.18,211.70,143.24,177.92,1,-1,-1,-1
22,4,841.09,157.57,87.28,76.78,1,-1,-1,-1
23,1,1173.55,237.00,163.16,182.35,1,-1,-1,-1
23,2,962.77,210.09,143.65,180.79,1,-1,-1,-1
23,3,1262.23,214.64,116.49,106.42,1,-1,-1,-1
23,4,841.90,158.10,86.01,75.88,1,-1,-1,-1
23,6,1127.93,274.43,92.38,83.46,1,-1,-1,-1
24,1,1185.44,230.57,156.82,179.21,1,-1,-1,-1
24,2,961.76,229.51,145.54,168.08,1,-1,-1,-1
24,4,842.51,158.50,85.01,75.14,1,-1,-1,-1
24,6,1128.16,270.58,96.83,88.16,1,-1,-1,-1
25,1,1188.77,241.20,154.18,173.37,1,-1,-1,-1
25,2,964.80,219.16,140.75,172.60,1,-1,-1,-1
25,3,1269.67,214.24,113.54,103.46,1,-1,-1,-1
25,4,842.42,158.74,84.64,74.59,1,-1,-1,-1
25,6,1126.36,269.58,102.33,91.95,1,-1,-1,-1
26,1,1192.63,239.80,151.03,172.10,1,-1,-1,-1
26,2,949.04,216.05,143.68,175.03,1,-1,-1,-1
26,3,1277.62,218.41,109.02,98.92,1,-1,-1,-1
26,4,840.65,156.60,85.49,75.41,1,-1,-1,-1
26,6,1125.44,268.70,104.72,95.19,1,-1,-1,-1
27,1,1163.10,248.99,169.26,178.61,1,-1,-1,-1
27,2,940.79,214.06,143.42,176.69,1,-1,-1,-1
27,3,1280.31,215.69,109.23,100.02,1,-1,-1,-1
27,4,840.00,155.77,86.58,75.83,1,-1,-1,-1
28,1,1151.55,247.79,182.05,186.52,1,-1,-1,-1
28,2,939.17,213.25,145.53,178.26,1,-1,-1,-1
28,3,1280.12,213.07,112.07,102.23,1,-1,-1,-1
28,4,839.22,155.18,87.55,76.46,1,-1,-1,-1
29,1,1147.23,247.47,190.99,191.17,1,-1,-1,-1
29,2,936.66,211.67,145.30,179.80,1,-1,-1,-1
29,3,1280.33,212.87,114.40,103.38,1,-1,-1,-1
29,4,838.88,155.04,88.47,76.97,1,-1,-1,-1
30,1,1175.86,239.09,181.75,197.50,1,-1,-1,-1
30,2,951.13,220.36,139.46,165.96,1,-1,-1,-1
30,4,838.28,154.19,89.73,77.76,1,-1,-1,-1
30,6,1137.21,266.71,118.09,113.77,1,-1,-1,-1
31,1,1191.48,243.64,172.53,198.16,1,-1,-1,-1
31,2,957.92,229.55,135.33,155.93,1,-1,-1,-1
31,3,1283.98,212.93,113.40,103.05,1,-1,-1,-1
31,4,838.31,153.38,90.89,78.53,1,-1,-1,-1
31,6,1136.37,280.16,114.40,106.87,1,-1,-1,-1
32,1,1205.64,244.77,166.00,200.35,1,-1,-1,-1
32,2,944.82,220.95,138.31,163.22,1,-1,-1,-1
32,4,838.61,150.98,92.39,79.80,1,-1,-1,-1
32,6,1133.82,286.48,108.94,102.06,1,-1,-1,-1
33,1,1215.76,246.66,160.99,202.08,1,-1,-1,-1
33,2,953.11,239.90,142.67,153.02,1,-1,-1,-1
33,4,839.62,145.49,93.43,83.66,1,-1,-1,-1
33,6,1131.34,289.11,108.35,99.82,1,-1,-1,-1
34,1,1219.30,246.27,161.07,205.95,1,-1,-1,-1
34,2,941.00,228.06,142.46,159.11,1,-1,-1,-1
34,4,840.81,142.96,94.34,86.01,1,-1,-1,-1
34,6,1132.57,289.69,109.82,99.00,1,-1,-1,-1
35,1,1218.10,243.68,163.68,207.26,1,-1,-1,-1
35,2,952.65,230.97,136.47,149.40,1,-1,-1,-1
35,4,842.54,143.59,95.28,86.47,1,-1,-1,-1
35,6,1131.57,291.75,109.94,97.42,1,-1,-1,-1
36,1,1218.27,292.97,169.84,179.43,1,-1,-1,-1
36,2,956.92,245.95,141.28,143.78,1,-1,-1,-1
36,3,1239.36,221.54,150.52,142.01,1,-1,-1,-1
36,4,838.26,125.83,96.14,86.57,1,-1,-1,-1
36,6,1128.95,297.17,104.33,92.59,1,-1,-1,-1
37,1,1245.12,316.33,160.00,164.56,1,-1,-1,-1
37,2,943.05,228.26,143.10,154.20,1,-1,-1,-1
37,3,1226.04,246.22,144.94,165.78,1,-1,-1,-1
37,4,842.54,137.87,97.57,86.13,1,-1,-1,-1
37,6,1129.78,298.68,101.06,91.14,1,-1,-1,-1
38,1,1238.50,318.35,157.76,155.86,1,-1,-1,-1
38,2,959.00,221.68,140.72,163.27,1,-1,-1,-1
38,3,1253.68,215.90,139.36,147.70,1,-1,-1,-1
38,4,839.50,123.81,97.90,87.75,1,-1,-1,-1
38,6,1157.70,270.23,117.54,110.24,1,-1,-1,-1
39,1,1250.66,312.19,156.07,160.88,1,-1,-1,-1
39,2,944.57,215.50,141.76,169.07,1,-1,-1,-1
39,3,1208.18,226.90,160.69,153.34,1,-1,-1,-1
39,4,843.72,137.00,99.43,86.98,1,-1,-1,-1
40,1,1251.90,278.98,151.92,174.31,1,-1,-1,-1
40,2,955.52,220.47,135.08,158.19,1,-1,-1,-1
40,3,1188.31,227.50,146.62,142.75,1,-1,-1,-1
40,4,839.22,123.27,100.38,90.21,1,-1,-1,-1
40,6,1143.50,284.40,108.32,105.96,1,-1,-1,-1
41,1,1259.29,272.30,153.78,187.48,1,-1,-1,-1
41,2,942.97,218.05,136.16,163.70,1,-1,-1,-1
41,3,1183.70,230.73,132.52,135.92,1,-1,-1,-1
41,4,838.18,117.33,99.69,91.29,1,-1,-1,-1
42,1,1239.76,294.97,142.62,177.01,1,-1,-1,-1
42,2,949.59,229.06,134.57,145.88,1,-1,-1,-1
42,3,1183.57,233.44,128.34,127.80,1,-1,-1,-1
42,4,837.75,115.10,99.58,92.27,1,-1,-1,-1
42,6,1138.86,286.65,104.86,98.79,1,-1,-1,-1
42,7,1277.77,213.21,121.58,111.70,1,-1,-1,-1
43,1,1243.08,312.89,142.70,165.33,1,-1,-1,-1
43,2,959.55,209.21,125.02,136.80,1,-1,-1,-1
43,3,1184.86,237.64,123.34,124.50,1,-1,-1,-1
43,4,839.74,115.60,102.64,100.62,1,-1,-1,-1
43,6,1134.06,289.70,99.43,93.97,1,-1,-1,-1
43,7,1279.09,213.50,121.00,111.85,1,-1,-1,-1
43,8,1339.32,393.84,92.09,95.47,1,-1,-1,-1
43,9,939.13,264.81,155.49,126.38,1,-1,-1,-1
44,1,1254.44,321.04,143.98,161.44,1,-1,-1,-1
44,2,958.47,227.87,123.98,128.03,1,-1,-1,-1
44,3,1186.03,240.84,121.76,125.68,1,-1,-1,-1
44,4,841.39,129.48,103.00,98.16,1,-1,-1,-1
44,6,1130.85,292.55,93.05,88.05,1,-1,-1,-1
44,7,1275.92,211.38,125.39,116.32,1,-1,-1,-1
45,1,1259.85,324.76,138.19,158.05,1,-1,-1,-1
45,2,964.56,212.20,117.24,124.77,1,-1,-1,-1
45,3,1182.97,242.44,121.62,124.28,1,-1,-1,-1
45,4,839.40,120.43,105.11,105.03,1,-1,-1,-1
45,7,1276.81,209.92,125.26,117.19,1,-1,-1,-1
45,8,1354.80,402.43,81.12,87.99,1,-1,-1,-1
45,10,966.53,289.21,130.82,104.71,1,-1,-1,-1
46,1,1276.84,329.99,141.28,159.93,1,-1,-1,-1
46,2,967.98,206.98,112.20,122.18,1,-1,-1,-1
46,3,1177.51,247.18,129.17,132.63,1,-1,-1,-1
46,4,838.35,115.57,106.22,110.30,1,-1,-1,-1
46,7,1277.99,210.27,124.37,116.30,1,-1,-1,-1
46,10,965.50,288.20,135.37,106.18,1,-1,-1,-1
47,1,1292.04,328.84,135.50,161.08,1,-1,-1,-1
47,3,1164.28,249.33,138.80,140.84,1,-1,-1,-1
47,4,839.43,127.49,105.98,105.46,1,-1,-1,-1
47,7,1277.56,209.75,124.79,115.91,1,-1,-1,-1
47,10,945.69,234.62,157.87,144.30,1,-1,-1,-1
48,1,1301.67,319.65,130.40,160.62,1,-1,-1,-1
48,3,1161.33,249.85,142.88,145.71,1,-1,-1,-1
48,4,840.04,132.88,105.79,101.93,1,-1,-1,-1
48,7,1277.25,210.64,125.72,114.21,1,-1,-1,-1
48,10,940.44,249.54,150.38,139.27,1,-1,-1,-1
49,1,1294.98,316.00,142.62,169.97,1,-1,-1,-1
49,3,1159.16,252.51,146.55,148.80,1,-1,-1,-1
49,4,841.72,134.52,105.02,100.52,1,-1,-1,-1
49,7,1278.26,212.10,125.06,111.31,1,-1,-1,-1
49,10,943.63,244.78,158.56,145.08,1,-1,-1,-1
50,1,1292.09,319.89,154.61,173.26,1,-1,-1,-1
50,3,1158.00,253.00,150.06,151.72,1,-1,-1,-1
50,4,838.74,120.30,104.07,97.86,1,-1,-1,-1
50,7,1280.75,210.58,122.21,110.77,1,-1,-1,-1
50,10,930.54,222.64,159.73,159.98,1,-1,-1,-1
51,1,1297.01,327.92,160.78,172.05,1,-1,-1,-1
51,3,1171.34,244.61,167.69,160.98,1,-1,-1,-1
51,4,841.16,128.61,104.38,98.33,1,-1,-1,-1
51,7,1280.69,210.89,121.05,109.87,1,-1,-1,-1
51,10,950.04,215.27,154.13,170.41,1,-1,-1,-1
52,1,1295.73,325.02,168.26,176.46,1,-1,-1,-1
52,3,1163.09,247.66,168.59,161.99,1,-1,-1,-1
52,4,843.27,130.24,104.42,100.05,1,-1,-1,-1
52,7,1282.43,211.99,119.02,108.65,1,-1,-1,-1
52,10,936.70,208.61,153.09,177.76,1,-1,-1,-1
53,1,1298.38,326.13,172.71,177.77,1,-1,-1,-1
53,3,1173.88,241.14,180.42,171.42,1,-1,-1,-1
53,4,844.29,133.69,104.86,99.17,1,-1,-1,-1
53,7,1283.76,210.99,117.39,108.51,1,-1,-1,-1
53,10,932.64,205.27,151.69,182.84,1,-1,-1,-1
54,1,1298.87,327.01,173.69,182.47,1,-1,-1,-1
54,3,1204.09,228.44,180.33,176.62,1,-1,-1,-1
54,4,843.60,127.28,106.56,103.52,1,-1,-1,-1
54,6,1163.31,326.05,102.87,88.76,1,-1,-1,-1
54,10,931.89,203.51,150.21,186.16,1,-1,-1,-1
55,1,1302.52,327.49,168.26,184.06,1,-1,-1,-1
55,4,843.25,120.11,108.83,109.35,1,-1,-1,-1
55,6,1176.79,313.88,138.52,105.94,1,-1,-1,-1
55,7,1287.74,215.89,112.61,104.77,1,-1,-1,-1
55,10,932.05,202.46,149.04,188.44,1,-1,-1,-1
56,1,1298.00,339.47,163.55,178.61,1,-1,-1,-1
56,4,842.56,116.36,110.35,113.70,1,-1,-1,-1
56,6,1185.45,319.06,136.74,106.84,1,-1,-1,-1
56,7,1267.05,225.62,113.10,106.68,1,-1,-1,-1
56,10,932.55,202.08,147.91,189.76,1,-1,-1,-1
57,1,1304.10,341.11,163.02,176.71,1,-1,-1,-1
57,4,844.11,114.66,110.75,116.73,1,-1,-1,-1
57,6,1187.47,325.46,132.43,105.61,1,-1,-1,-1
57,7,1254.87,223.48,129.17,116.94,1,-1,-1,-1
57,10,933.14,201.84,147.06,190.63,1,-1,-1,-1
58,1,1312.12,353.57,161.60,168.70,1,-1,-1,-1
58,3,1222.32,260.33,158.06,168.89,1,-1,-1,-1
58,4,845.82,113.17,111.88,120.17,1,-1,-1,-1
58,7,1273.13,216.98,122.45,112.92,1,-1,-1,-1
58,10,940.21,217.09,144.41,167.31,1,-1,-1,-1
59,1,1318.36,343.06,160.96,174.58,1,-1,-1,-1
59,3,1235.41,233.73,157.51,172.07,1,-1,-1,-1
59,4,848.03,118.04,112.64,119.11,1,-1,-1,-1
59,10,944.29,226.40,140.90,151.53,1,-1,-1,-1
59,11,1021.53,317.14,82.85,72.02,1,-1,-1,-1
60,1,1323.34,338.55,160.29,176.53,1,-1,-1,-1
60,4,849.68,120.93,113.81,118.15,1,-1,-1,-1
60,6,1207.02,327.34,124.98,109.15,1,-1,-1,-1
60,7,1269.89,215.14,117.37,114.32,1,-1,-1,-1
60,10,951.18,238.12,145.01,148.91,1,-1,-1,-1
61,1,1329.64,337.25,157.02,173.71,1,-1,-1,-1
61,3,1248.93,224.18,152.89,176.97,1,-1,-1,-1
61,4,850.08,117.89,115.19,121.26,1,-1,-1,-1
61,6,1215.02,337.77,114.03,105.10,1,-1,-1,-1
61,10,953.41,242.98,147.82,146.97,1,-1,-1,-1
62,1,1294.35,330.50,176.20,162.63,1,-1,-1,-1
62,4,851.20,117.90,116.52,123.02,1,-1,-1,-1
62,6,1217.21,335.07,111.55,106.86,1,-1,-1,-1
62,7,1268.63,235.98,115.16,116.05,1,-1,-1,-1
62,10,953.99,245.47,149.75,145.37,1,-1,-1,-1
63,1,1308.26,329.89,168.30,159.97,1,-1,-1,-1
63,3,1257.78,219.03,147.24,176.98,1,-1,-1,-1
63,4,853.43,124.44,117.20,120.01,1,-1,-1,-1
63,6,1221.86,328.32,105.37,98.80,1,-1,-1,-1
63,10,953.81,247.02,151.15,144.01,1,-1,-1,-1
64,1,1320.91,332.58,164.76,159.45,1,-1,-1,-1
64,4,854.41,129.90,118.76,117.48,1,-1,-1,-1
64,6,1225.46,327.12,100.94,92.40,1,-1,-1,-1
64,7,1267.09,229.44,116.96,118.71,1,-1,-1,-1
64,10,940.58,228.26,150.26,155.05,1,-1,-1,-1
65,1,1333.27,345.33,170.06,166.75,1,-1,-1,-1
65,4,855.22,135.93,120.92,113.36,1,-1,-1,-1
65,6,1218.57,332.31,99.54,92.17,1,-1,-1,-1
65,7,1261.33,223.59,121.25,131.68,1,-1,-1,-1
65,10,940.68,233.25,154.66,152.41,1,-1,-1,-1
66,1,1342.22,342.46,163.66,162.32,1,-1,-1,-1
66,3,1270.39,211.78,137.13,168.49,1,-1,-1,-1
66,4,859.67,138.51,123.15,111.48,1,-1,-1,-1
66,6,1232.08,336.95,119.09,98.09,1,-1,-1,-1
66,10,961.05,231.93,144.65,150.26,1,-1,-1,-1
67,1,1344.62,344.58,163.67,165.46,1,-1,-1,-1
67,3,1281.75,203.50,128.70,145.15,1,-1,-1,-1
67,4,863.34,142.42,123.38,109.09,1,-1,-1,-1
67,6,1209.27,337.97,109.48,93.56,1,-1,-1,-1
67,7,1260.92,276.10,122.27,138.14,1,-1,-1,-1
67,10,945.05,221.63,145.27,159.85,1,-1,-1,-1
68,1,1357.97,348.50,160.93,170.82,1,-1,-1,-1
68,3,1286.68,202.86,122.19,130.96,1,-1,-1,-1
68,4,866.26,146.11,123.03,106.40,1,-1,-1,-1
68,6,1208.45,339.42,104.52,89.89,1,-1,-1,-1
68,7,1261.78,275.81,114.39,123.00,1,-1,-1,-1
68,10,962.86,238.24,138.85,152.75,1,-1,-1,-1
69,1,1369.05,351.46,154.73,171.00,1,-1,-1,-1
69,3,1288.95,204.43,117.50,121.68,1,-1,-1,-1
69,4,868.88,148.82,122.81,104.06,1,-1,-1,-1
69,7,1258.81,279.27,113.25,118.75,1,-1,-1,-1
69,10,970.99,246.61,133.95,147.40,1,-1,-1,-1
70,1,1391.95,363.20,142.69,173.12,1,-1,-1,-1
70,3,1290.63,206.35,114.23,115.20,1,-1,-1,-1
70,4,871.83,149.91,123.37,102.48,1,-1,-1,-1
70,7,1259.73,281.67,112.30,113.11,1,-1,-1,-1
70,10,974.34,247.98,130.47,143.45,1,-1,-1,-1
71,1,1404.97,371.58,133.78,164.97,1,-1,-1,-1
71,3,1291.63,208.20,111.77,110.61,1,-1,-1,-1
71,4,873.52,148.83,123.76,102.57,1,-1,-1,-1
71,6,1216.64,363.44,95.38,84.67,1,-1,-1,-1
71,7,1261.07,282.15,109.89,110.14,1,-1,-1,-1
71,10,977.51,251.08,127.32,140.04,1,-1,-1,-1
71,13,1361.11,435.28,87.05,102.63,1,-1,-1,-1
72,1,1422.33,394.25,125.27,156.39,1,-1,-1,-1
72,3,1292.46,209.72,110.11,107.48,1,-1,-1,-1
72,4,874.35,148.66,124.15,102.59,1,-1,-1,-1
72,7,1263.40,283.56,105.29,102.49,1,-1,-1,-1
72,10,954.00,229.54,133.14,153.18,1,-1,-1,-1
72,13,1363.42,435.15,89.13,108.43,1,-1,-1,-1
73,1,1398.83,391.84,140.44,159.56,1,-1,-1,-1
73,3,1293.19,211.01,108.91,105.22,1,-1,-1,-1
73,4,875.07,149.04,125.10,101.69,1,-1,-1,-1
73,7,1265.36,286.72,103.69,96.80,1,-1,-1,-1
73,10,944.43,219.05,136.68,162.77,1,-1,-1,-1
74,1,1399.92,394.78,148.55,162.59,1,-1,-1,-1
74,3,1293.03,212.39,108.30,103.10,1,-1,-1,-1
74,4,874.58,149.07,125.07,101.80,1,-1,-1,-1
74,6,1228.88,376.53,117.72,94.82,1,-1,-1,-1
74,7,1268.87,288.54,102.65,93.28,1,-1,-1,-1
74,10,947.83,227.09,135.78,150.50,1,-1,-1,-1
75,1,1418.08,386.52,147.74,167.20,1,-1,-1,-1
75,3,1280.40,226.47,117.98,121.02,1,-1,-1,-1
75,4,874.91,149.26,125.64,101.31,1,-1,-1,-1
75,10,966.82,225.17,131.06,148.99,1,-1,-1,-1
76,1,1430.75,385.17,145.75,168.42,1,-1,-1,-1
76,3,1287.39,215.26,114.82,114.98,1,-1,-1,-1
76,4,875.05,150.19,124.78,100.64,1,-1,-1,-1
76,7,1272.15,287.69,100.62,90.96,1,-1,-1,-1
76,10,974.50,224.76,127.72,147.93,1,-1,-1,-1
76,13,1382.25,447.68,96.35,104.07,1,-1,-1,-1
77,1,1443.06,411.75,144.62,161.36,1,-1,-1,-1
77,3,1290.74,212.12,112.31,110.62,1,-1,-1,-1
77,4,874.39,150.38,124.30,100.52,1,-1,-1,-1
77,7,1271.38,287.70,99.57,89.42,1,-1,-1,-1
77,10,953.09,218.06,132.70,159.16,1,-1,-1,-1
77,13,1385.40,454.46,99.33,101.43,1,-1,-1,-1
78,1,1423.20,404.96,151.82,172.11,1,-1,-1,-1
78,3,1292.92,212.01,110.11,107.45,1,-1,-1,-1
78,4,873.73,150.62,124.14,100.47,1,-1,-1,-1
78,7,1272.18,286.31,97.84,88.59,1,-1,-1,-1
78,10,968.42,219.41,129.38,155.87,1,-1,-1,-1
79,1,1433.42,405.49,156.79,174.18,1,-1,-1,-1
79,4,873.21,150.13,124.03,100.79,1,-1,-1,-1
79,7,1272.90,271.25,104.32,105.88,1,-1,-1,-1
79,10,950.74,214.72,133.63,165.11,1,-1,-1,-1
79,13,1395.81,454.48,102.98,106.06,1,-1,-1,-1
79,14,1229.33,339.94,87.89,76.62,1,-1,-1,-1
80,1,1450.94,402.64,153.03,179.00,1,-1,-1,-1
80,3,1294.00,212.40,107.85,104.52,1,-1,-1,-1
80,4,872.91,148.07,124.20,102.15,1,-1,-1,-1
80,7,1270.55,275.70,100.81,97.68,1,-1,-1,-1
80,10,966.95,218.16,130.41,160.62,1,-1,-1,-1
80,13,1398.07,466.21,100.46,101.56,1,-1,-1,-1
80,14,1226.06,341.03,90.07,80.69,1,-1,-1,-1
81,1,1439.55,429.34,157.90,170.10,1,-1,-1,-1
81,3,1295.45,213.73,105.73,102.36,1,-1,-1,-1
81,4,872.79,147.08,124.29,103.09,1,-1,-1,-1
81,7,1271.71,279.03,96.80,91.79,1,-1,-1,-1
81,10,950.24,213.57,134.22,168.58,1,-1,-1,-1
82,1,1430.97,415.94,165.35,181.52,1,-1,-1,-1
82,3,1295.44,214.33,104.68,101.08,1,-1,-1,-1
82,4,872.67,145.81,124.48,104.19,1,-1,-1,-1
82,6,1286.42,347.57,120.41,107.66,1,-1,-1,-1
82,7,1271.19,282.47,93.94,88.00,1,-1,-1,-1
82,10,943.33,210.49,136.74,174.32,1,-1,-1,-1
82,14,1212.93,342.95,84.22,79.88,1,-1,-1,-1
83,1,1433.13,437.52,165.29,173.61,1,-1,-1,-1
83,3,1296.03,215.11,103.67,99.98,1,-1,-1,-1
83,4,872.33,145.28,124.57,104.81,1,-1,-1,-1
83,7,1271.99,283.81,92.29,85.35,1,-1,-1,-1
83,10,940.36,208.43,138.47,178.40,1,-1,-1,-1
84,1,1437.69,439.86,164.04,173.69,1,-1,-1,-1
84,3,1296.55,215.62,102.85,99.07,1,-1,-1,-1
84,4,872.26,144.34,124.71,105.55,1,-1,-1,-1
84,6,1291.01,338.97,124.22,112.86,1,-1,-1,-1
84,7,1273.00,285.38,90.33,83.37,1,-1,-1,-1
84,10,961.98,212.76,134.50,169.30,1,-1,-1,-1
84,14,1204.29,347.58,81.40,77.20,1,-1,-1,-1
85,1,1444.66,446.94,167.54,170.70,1,-1,-1,-1
85,3,1296.86,216.12,102.21,98.48,1,-1,-1,-1
85,4,870.84,143.57,124.87,106.05,1,-1,-1,-1
85,6,1282.58,311.62,133.11,130.83,1,-1,-1,-1
85,10,971.32,216.50,131.17,162.64,1,-1,-1,-1
85,14,1209.10,350.74,79.75,73.52,1,-1,-1,-1
86,1,1448.42,447.59,170.82,169.90,1,-1,-1,-1
86,3,1285.30,230.23,105.00,106.85,1,-1,-1,-1
86,4,869.76,141.17,125.16,107.69,1,-1,-1,-1
86,6,1294.17,329.30,125.84,123.45,1,-1,-1,-1
86,10,975.21,219.23,128.63,157.58,1,-1,-1,-1
86,14,1213.51,350.01,84.14,76.76,1,-1,-1,-1
87,1,1450.69,450.70,173.36,169.62,1,-1,-1,-1
87,3,1277.79,241.02,116.34,131.40,1,-1,-1,-1
87,4,868.63,140.68,125.64,108.53,1,-1,-1,-1
87,10,977.22,221.95,126.68,154.00,1,-1,-1,-1
87,14,1216.66,353.78,86.22,81.54,1,-1,-1,-1
88,1,1457.86,433.49,175.33,180.46,1,-1,-1,-1
88,3,1252.32,250.80,131.67,157.43,1,-1,-1,-1
88,4,867.18,140.85,125.94,108.65,1,-1,-1,-1
88,10,954.63,217.12,131.50,163.42,1,-1,-1,-1
89,1,1467.85,454.38,171.43,172.98,1,-1,-1,-1
89,4,866.81,135.44,126.16,111.45,1,-1,-1,-1
89,7,1273.30,285.92,90.39,82.83,1,-1,-1,-1
89,10,945.46,213.79,134.88,170.19,1,-1,-1,-1
90,1,1455.03,462.34,179.45,167.87,1,-1,-1,-1
90,4,865.20,135.01,126.25,111.89,1,-1,-1,-1
90,7,1270.56,284.57,91.50,83.51,1,-1,-1,-1
90,10,941.29,211.75,136.79,174.74,1,-1,-1,-1
90,15,1295.19,217.81,101.68,99.02,1,-1,-1,-1
91,1,1447.49,467.37,185.01,164.35,1,-1,-1,-1
91,3,1238.84,279.37,139.36,161.51,1,-1,-1,-1
91,4,863.36,136.47,126.48,110.58,1,-1,-1,-1
91,10,939.55,210.31,138.17,178.02,1,-1,-1,-1
91,15,1262.34,231.17,110.31,109.76,1,-1,-1,-1
92,1,1449.50,458.85,173.78,157.11,1,-1,-1,-1
92,4,862.21,136.70,126.37,109.56,1,-1,-1,-1
92,6,1297.15,331.93,120.61,111.84,1,-1,-1,-1
92,10,938.84,209.12,139.38,180.47,1,-1,-1,-1
92,14,1200.94,348.32,87.09,79.63,1,-1,-1,-1
92,15,1257.41,223.75,133.23,137.81,1,-1,-1,-1
93,1,1445.92,458.47,181.95,150.77,1,-1,-1,-1
93,4,861.68,133.41,126.19,110.18,1,-1,-1,-1
93,6,1276.01,328.41,124.22,110.10,1,-1,-1,-1
93,10,938.44,208.17,140.28,182.28,1,-1,-1,-1
93,14,1195.44,346.19,86.17,77.84,1,-1,-1,-1
93,15,1254.24,224.14,121.35,128.63,1,-1,-1,-1
94,1,1467.20,467.36,181.20,157.76,1,-1,-1,-1
94,4,860.91,134.03,126.22,109.16,1,-1,-1,-1
94,6,1242.26,326.98,143.36,107.30,1,-1,-1,-1
94,10,938.01,207.36,140.53,183.61,1,-1,-1,-1
94,14,1199.10,353.20,89.57,82.07,1,-1,-1,-1
94,15,1249.98,231.84,119.13,124.80,1,-1,-1,-1
95,1,1453.49,463.60,183.15,155.37,1,-1,-1,-1
95,3,1220.74,305.60,148.56,147.39,1,-1,-1,-1
95,4,860.63,134.75,126.18,107.75,1,-1,-1,-1
95,10,938.03,206.63,140.87,184.73,1,-1,-1,-1
95,15,1271.17,214.10,117.58,118.87,1,-1,-1,-1
96,1,1474.87,462.95,168.02,157.60,1,-1,-1,-1
96,4,860.00,141.02,126.65,102.92,1,-1,-1,-1
96,10,937.89,205.95,140.84,185.66,1,-1,-1,-1
96,14,1204.26,338.50,94.84,90.55,1,-1,-1,-1
96,15,1256.17,221.70,138.88,148.73,1,-1,-1,-1
97,1,1480.96,451.35,155.90,158.54,1,-1,-1,-1
97,3,1198.96,271.12,154.91,161.26,1,-1,-1,-1
97,4,859.20,144.81,126.53,99.25,1,-1,-1,-1
97,10,937.87,205.39,140.77,186.36,1,-1,-1,-1
97,15,1271.15,209.58,130.00,134.08,1,-1,-1,-1
97,16,884.91,108.33,70.48,64.89,1,-1,-1,-1
98,1,1490.22,463.90,150.18,160.74,1,-1,-1,-1
98,4,858.20,148.78,126.23,95.04,1,-1,-1,-1
98,6,1258.92,330.31,127.89,108.46,1,-1,-1,-1
98,10,938.03,205.21,140.71,186.75,1,-1,-1,-1
98,14,1184.52,328.87,98.86,92.50,1,-1,-1,-1
98,15,1255.79,218.94,123.68,127.87,1,-1,-1,-1
99,1,1475.41,453.39,154.55,164.95,1,-1,-1,-1
99,3,1217.37,243.08,165.37,186.31,1,-1,-1,-1
99,4,857.57,150.50,125.22,92.64,1,-1,-1,-1
99,10,938.46,204.93,140.22,187.07,1,-1,-1,-1
99,14,1174.68,324.44,96.74,89.14,1,-1,-1,-1
99,17,1574.90,577.57,75.45,69.92,1,-1,-1,-1
100,1,1462.87,456.00,154.58,166.55,1,-1,-1,-1
100,3,1204.88,278.84,165.34,168.28,1,-1,-1,-1
100,4,857.90,151.30,124.84,90.78,1,-1,-1,-1
100,10,937.88,204.20,140.18,186.18,1,-1,-1,-1
100,15,1251.61,223.17,118.83,116.62,1,-1,-1,-1
101,1,1483.13,447.51,151.49,171.21,1,-1,-1,-1
101,3,1183.31,279.14,162.14,155.94,1,-1,-1,-1
101,4,857.53,154.35,122.24,87.63,1,-1,-1,-1
101,10,937.73,204.43,140.10,185.27,1,-1,-1,-1
101,15,1245.42,225.59,116.42,110.21,1,-1,-1,-1
102,1,1472.47,448.88,158.79,175.47,1,-1,-1,-1
102,3,1161.23,272.44,159.01,149.81,1,-1,-1,-1
102,4,857.83,157.14,118.89,85.16,1,-1,-1,-1
102,6,1250.87,332.39,112.87,100.19,1,-1,-1,-1
102,10,938.66,204.96,139.69,185.76,1,-1,-1,-1
102,15,1273.49,219.15,111.88,105.91,1,-1,-1,-1
103,1,1492.06,451.22,156.76,172.66,1,-1,-1,-1
103,3,1145.43,269.89,157.01,145.10,1,-1,-1,-1
103,4,858.40,157.52,117.13,83.63,1,-1,-1,-1
103,6,1247.83,334.09,104.97,95.67,1,-1,-1,-1
103,10,937.66,205.92,138.96,184.30,1,-1,-1,-1
103,15,1283.15,216.04,110.63,104.34,1,-1,-1,-1
104,1,1504.52,463.80,154.74,169.35,1,-1,-1,-1
104,3,1152.82,253.97,153.22,140.52,1,-1,-1,-1
104,4,859.61,159.02,115.09,82.30,1,-1,-1,-1
104,6,1227.62,335.61,106.58,91.59,1,-1,-1,-1
104,10,938.19,205.48,138.57,184.40,1,-1,-1,-1
104,15,1286.36,214.83,110.06,103.24,1,-1,-1,-1
105,1,1495.47,445.02,150.67,170.43,1,-1,-1,-1
105,3,1157.91,258.28,152.82,148.77,1,-1,-1,-1
105,4,861.10,160.28,113.70,81.17,1,-1,-1,-1
105,10,938.40,205.47,138.49,184.43,1,-1,-1,-1
105,15,1289.69,215.44,108.90,102.26,1,-1,-1,-1
106,1,1470.80,450.00,155.44,171.41,1,-1,-1,-1
106,3,1141.91,250.68,155.09,155.39,1,-1,-1,-1
106,4,861.71,160.54,112.25,79.95,1,-1,-1,-1
106,10,944.10,206.24,143.88,184.99,1,-1,-1,-1
106,15,1291.31,216.20,108.12,101.68,1,-1,-1,-1
107,1,1455.84,470.39,147.87,164.81,1,-1,-1,-1
107,3,1125.14,248.76,153.94,154.47,1,-1,-1,-1
107,4,861.54,161.11,111.04,79.34,1,-1,-1,-1
107,10,945.13,207.55,148.31,184.41,1,-1,-1,-1
107,15,1291.38,216.07,108.28,101.80,1,-1,-1,-1
108,1,1457.62,485.34,142.62,156.20,1,-1,-1,-1
108,3,1112.19,255.97,153.37,153.23,1,-1,-1,-1
108,4,861.50,160.22,110.08,78.94,1,-1,-1,-1
108,10,939.57,206.77,145.80,184.76,1,-1,-1,-1
108,15,1291.52,216.76,108.19,101.85,1,-1,-1,-1
108,19,1534.33,427.28,97.79,111.95,1,-1,-1,-1
109,3,1106.65,254.91,149.97,158.13,1,-1,-1,-1
109,4,862.22,159.89,109.50,78.73,1,-1,-1,-1
109,10,937.63,207.69,143.23,184.10,1,-1,-1,-1
109,15,1291.72,217.18,108.27,102.17,1,-1,-1,-1
109,19,1496.75,445.09,127.59,133.83,1,-1,-1,-1
110,3,1092.10,245.79,151.47,150.54,1,-1,-1,-1
110,4,863.44,161.20,109.04,78.49,1,-1,-1,-1
110,10,937.35,206.41,142.54,184.66,1,-1,-1,-1
110,14,1139.10,342.94,109.40,80.49,1,-1,-1,-1
110,15,1291.48,216.60,108.24,102.13,1,-1,-1,-1
110,19,1476.95,440.42,166.62,187.46,1,-1,-1,-1
111,3,1093.20,249.91,150.13,156.36,1,-1,-1,-1
111,4,862.96,162.37,107.59,77.87,1,-1,-1,-1
111,10,949.05,215.76,136.53,173.02,1,-1,-1,-1
111,15,1291.48,216.42,108.14,102.09,1,-1,-1,-1
111,19,1477.68,441.46,182.43,209.43,1,-1,-1,-1
112,3,1095.28,237.01,140.18,146.54,1,-1,-1,-1
112,4,863.11,162.33,106.68,77.77,1,-1,-1,-1
112,10,940.62,211.12,138.06,175.73,1,-1,-1,-1
112,15,1291.45,216.40,108.07,102.12,1,-1,-1,-1
112,19,1484.12,420.10,175.60,199.63,1,-1,-1,-1
113,1,1441.46,477.60,118.87,129.85,1,-1,-1,-1
113,3,1094.15,237.84,135.01,142.76,1,-1,-1,-1
113,4,863.69,162.18,106.30,77.76,1,-1,-1,-1
113,10,954.08,206.31,135.73,175.35,1,-1,-1,-1
113,15,1291.43,216.38,108.04,102.15,1,-1,-1,-1
113,19,1493.73,452.43,175.25,194.59,1,-1,-1,-1
113,20,1530.24,196.75,108.17,99.45,1,-1,-1,-1
114,3,1100.40,236.38,127.84,135.06,1,-1,-1,-1
114,4,864.54,161.67,106.74,78.07,1,-1,-1,-1
114,10,951.00,206.42,143.88,177.93,1,-1,-1,-1
114,14,1129.82,351.90,105.16,71.02,1,-1,-1,-1
114,15,1291.33,216.36,108.07,102.21,1,-1,-1,-1
114,19,1485.35,459.55,174.61,182.04,1,-1,-1,-1
114,20,1530.21,196.80,108.28,99.51,1,-1,-1,-1
115,1,1437.42,491.78,107.78,111.86,1,-1,-1,-1
115,3,1108.21,234.22,121.18,126.71,1,-1,-1,-1
115,4,865.26,161.14,107.76,78.61,1,-1,-1,-1
115,10,956.02,203.16,140.22,174.91,1,-1,-1,-1
115,15,1291.16,216.38,108.18,102.35,1,-1,-1,-1
115,19,1498.31,441.59,176.60,198.72,1,-1,-1,-1
115,20,1530.14,196.87,108.41,99.61,1,-1,-1,-1
116,1,1438.09,500.43,101.83,102.86,1,-1,-1,-1
116,3,1095.43,247.79,124.13,125.60,1,-1,-1,-1
116,4,865.72,161.25,108.72,78.83,1,-1,-1,-1
116,10,934.90,203.59,139.55,178.19,1,-1,-1,-1
116,15,1290.92,216.33,108.35,102.48,1,-1,-1,-1
116,19,1492.85,438.12,173.66,196.42,1,-1,-1,-1
117,3,1111.00,237.63,116.66,115.81,1,-1,-1,-1
117,4,865.32,161.61,108.78,78.93,1,-1,-1,-1
117,10,926.99,202.49,140.24,180.59,1,-1,-1,-1
117,15,1290.94,216.30,108.39,102.55,1,-1,-1,-1
117,19,1477.21,450.50,188.63,196.99,1,-1,-1,-1
118,1,1436.10,508.77,96.19,95.06,1,-1,-1,-1
118,3,1097.12,256.74,119.37,119.65,1,-1,-1,-1
118,4,865.01,161.90,108.56,78.82,1,-1,-1,-1
118,10,924.25,202.23,142.22,181.15,1,-1,-1,-1
118,15,1290.83,216.34,108.47,102.63,1,-1,-1,-1
118,19,1480.72,439.73,187.29,204.99,1,-1,-1,-1
119,1,1436.22,508.18,92.56,93.17,1,-1,-1,-1
119,3,1113.30,242.17,113.37,110.96,1,-1,-1,-1
119,4,864.40,160.91,107.97,78.47,1,-1,-1,-1
119,10,919.72,199.58,142.18,182.61,1,-1,-1,-1
119,15,1290.96,216.35,108.39,102.71,1,-1,-1,-1
119,19,1480.32,431.34,172.78,196.99,1,-1,-1,-1
119,21,1087.81,291.80,105.74,110.12,1,-1,-1,-1
120,1,1435.29,506.63,91.11,92.62,1,-1,-1,-1
120,3,1120.88,239.31,107.84,104.76,1,-1,-1,-1
120,4,865.41,160.64,109.22,78.75,1,-1,-1,-1
120,10,915.25,197.21,142.12,184.18,1,-1,-1,-1
120,15,1290.78,216.33,108.47,102.91,1,-1,-1,-1
120,19,1481.13,440.40,169.43,198.02,1,-1,-1,-1
120,21,1083.71,296.61,101.36,106.19,1,-1,-1,-1
121,3,1126.37,239.13,103.18,100.16,1,-1,-1,-1
121,4,863.57,161.76,107.84,78.45,1,-1,-1,-1
121,10,912.10,234.83,146.98,158.41,1,-1,-1,-1
121,15,1290.51,216.01,108.65,103.11,1,-1,-1,-1
121,19,1450.21,436.08,174.52,185.65,1,-1,-1,-1
121,21,1083.84,298.10,94.61,101.57,1,-1,-1,-1
122,3,1129.99,239.61,99.41,95.76,1,-1,-1,-1
122,4,863.76,161.69,107.03,78.19,1,-1,-1,-1
122,10,908.93,215.20,145.48,165.15,1,-1,-1,-1
122,15,1290.57,216.27,108.60,103.02,1,-1,-1,-1
122,19,1447.43,430.06,172.89,186.69,1,-1,-1,-1
122,21,1082.35,297.77,90.82,96.90,1,-1,-1,-1
122,22,1184.45,316.89,80.12,88.34,1,-1,-1,-1
123,1,1425.65,501.11,86.65,94.09,1,-1,-1,-1
123,3,1132.46,241.02,97.05,93.20,1,-1,-1,-1
123,4,863.59,162.05,106.01,77.93,1,-1,-1,-1
123,10,908.99,204.15,146.85,171.60,1,-1,-1,-1
123,15,1290.94,216.13,108.37,102.99,1,-1,-1,-1
123,19,1459.13,414.82,163.30,193.32,1,-1,-1,-1
123,21,1080.71,297.55,90.94,96.14,1,-1,-1,-1
123,22,1186.32,317.65,80.74,90.90,1,-1,-1,-1
124,1,1423.64,493.02,88.15,98.94,1,-1,-1,-1
124,4,863.39,162.31,105.28,77.71,1,-1,-1,-1
124,10,909.00,200.56,149.80,175.04,1,-1,-1,-1
124,15,1290.95,216.15,108.37,102.96,1,-1,-1,-1
124,19,1465.24,417.59,154.94,198.93,1,-1,-1,-1
124,21,1099.09,283.10,114.52,114.83,1,-1,-1,-1
125,1,1421.06,486.38,91.05,104.28,1,-1,-1,-1
125,3,1139.84,261.70,109.77,111.41,1,-1,-1,-1
125,4,863.13,162.52,104.00,77.46,1,-1,-1,-1
125,10,902.34,199.08,146.92,176.81,1,-1,-1,-1
125,15,1291.10,216.09,108.24,103.01,1,-1,-1,-1
125,19,1464.11,402.14,146.81,187.03,1,-1,-1,-1
125,21,1081.85,287.38,105.85,108.33,1,-1,-1,-1
126,1,1416.13,482.61,92.65,108.32,1,-1,-1,-1
126,3,1129.48,261.35,125.92,127.31,1,-1,-1,-1
126,4,862.57,162.89,102.45,77.43,1,-1,-1,-1
126,10,920.67,239.63,144.29,150.77,1,-1,-1,-1
126,15,1290.76,215.83,108.50,103.19,1,-1,-1,-1
126,19,1473.99,420.51,136.43,182.79,1,-1,-1,-1
126,23,930.10,193.89,106.46,116.69,1,-1,-1,-1
127,1,1408.79,479.29,95.28,109.65,1,-1,-1,-1
127,3,1129.90,254.50,129.93,133.79,1,-1,-1,-1
127,4,863.03,162.87,102.18,77.33,1,-1,-1,-1
127,10,910.56,217.91,146.60,158.37,1,-1,-1,-1
127,15,1290.77,215.48,108.57,103.34,1,-1,-1,-1
127,19,1469.48,421.65,132.48,183.17,1,-1,-1,-1
127,21,1073.21,291.94,97.58,99.09,1,-1,-1,-1
128,3,1113.57,252.01,142.62,143.75,1,-1,-1,-1
128,4,862.47,162.85,100.85,77.42,1,-1,-1,-1
128,10,905.73,208.32,148.51,164.56,1,-1,-1,-1
128,15,1290.34,215.31,108.92,103.65,1,-1,-1,-1
128,19,1430.86,407.87,151.66,189.86,1,-1,-1,-1
129,3,1115.16,248.01,144.18,147.01,1,-1,-1,-1
129,4,861.51,162.21,97.73,77.28,1,-1,-1,-1
129,10,901.67,228.79,150.45,153.65,1,-1,-1,-1
129,15,1290.29,215.38,109.00,103.92,1,-1,-1,-1
129,19,1413.05,418.62,155.81,185.38,1,-1,-1,-1
129,23,934.30,187.25,91.96,80.10,1,-1,-1,-1
130,3,1105.28,254.00,149.96,147.58,1,-1,-1,-1
130,4,862.26,161.69,95.81,77.31,1,-1,-1,-1
130,10,901.31,240.49,150.50,144.73,1,-1,-1,-1
130,15,1291.22,216.00,108.74,104.55,1,-1,-1,-1
130,19,1405.19,406.55,164.18,191.77,1,-1,-1,-1
131,3,1095.32,258.08,153.76,147.77,1,-1,-1,-1
131,4,861.97,162.82,94.60,76.50,1,-1,-1,-1
131,10,896.87,220.75,148.56,152.74,1,-1,-1,-1
131,15,1290.28,215.65,109.09,104.58,1,-1,-1,-1
131,19,1396.61,401.59,175.03,199.05,1,-1,-1,-1
132,1,1373.76,468.67,96.72,99.89,1,-1,-1,-1
132,3,1089.26,255.39,156.69,148.94,1,-1,-1,-1
132,4,860.67,162.45,90.87,76.20,1,-1,-1,-1
132,10,897.81,209.75,148.98,160.31,1,-1,-1,-1
132,15,1290.24,215.52,109.10,104.48,1,-1,-1,-1
132,19,1410.82,393.08,168.13,197.77,1,-1,-1,-1
133,3,1082.68,257.48,152.60,144.67,1,-1,-1,-1
133,4,861.28,162.30,88.74,76.33,1,-1,-1,-1
133,10,892.39,204.78,145.28,165.67,1,-1,-1,-1
133,15,1290.29,214.88,109.30,105.11,1,-1,-1,-1
133,19,1410.88,410.69,166.48,188.17,1,-1,-1,-1
134,3,1081.78,272.70,152.71,140.71,1,-1,-1,-1
134,4,861.63,162.15,86.63,76.12,1,-1,-1,-1
134,10,902.26,202.56,138.48,158.87,1,-1,-1,-1
134,15,1290.48,215.21,108.98,105.22,1,-1,-1,-1
134,19,1400.61,414.63,167.76,182.21,1,-1,-1,-1
135,1,1353.10,463.21,95.42,98.30,1,-1,-1,-1
135,3,1102.09,264.78,156.34,139.72,1,-1,-1,-1
135,4,861.49,162.46,84.10,75.66,1,-1,-1,-1
135,10,893.05,236.43,139.58,143.44,1,-1,-1,-1
135,15,1270.20,215.59,120.93,104.89,1,-1,-1,-1
135,19,1401.65,406.89,164.00,179.61,1,-1,-1,-1
135,23,923.14,198.15,93.49,93.75,1,-1,-1,-1
136,3,1092.09,275.12,153.26,136.14,1,-1,-1,-1
136,4,860.76,163.06,81.53,75.02,1,-1,-1,-1
136,10,894.50,222.53,134.17,141.05,1,-1,-1,-1
136,15,1260.53,216.03,129.49,104.42,1,-1,-1,-1
136,19,1371.45,405.67,177.15,174.61,1,-1,-1,-1
137,3,1093.49,278.46,164.63,129.69,1,-1,-1,-1
137,4,860.83,163.44,79.53,74.40,1,-1,-1,-1
137,10,896.11,216.63,130.95,139.17,1,-1,-1,-1
137,15,1275.22,216.83,123.81,103.85,1,-1,-1,-1
137,19,1351.19,414.41,173.25,170.82,1,-1,-1,-1
137,23,920.31,181.86,84.39,78.25,1,-1,-1,-1
137,24,890.75,105.92,64.37,62.64,1,-1,-1,-1
138,3,1091.34,283.24,160.38,126.32,1,-1,-1,-1
138,4,861.40,163.49,78.07,73.99,1,-1,-1,-1
138,10,893.95,245.12,134.48,129.36,1,-1,-1,-1
138,15,1264.01,216.68,130.97,104.02,1,-1,-1,-1
138,19,1343.24,406.80,181.54,168.26,1,-1,-1,-1
138,23,921.31,192.74,88.87,89.17,1,-1,-1,-1
138,24,890.67,106.05,64.21,62.35,1,-1,-1,-1
139,3,1094.04,280.30,149.38,121.39,1,-1,-1,-1
139,4,861.97,163.55,77.16,73.71,1,-1,-1,-1
139,10,893.69,256.96,136.96,123.26,1,-1,-1,-1
139,15,1276.93,217.23,124.69,103.60,1,-1,-1,-1
139,19,1359.94,411.51,170.65,165.43,1,-1,-1,-1
139,23,921.70,195.47,89.81,94.56,1,-1,-1,-1
139,24,890.49,106.06,64.18,62.24,1,-1,-1,-1
140,3,1074.37,286.01,135.17,116.01,1,-1,-1,-1
140,4,862.35,163.80,76.68,73.57,1,-1,-1,-1
140,10,893.20,259.74,140.03,120.43,1,-1,-1,-1
140,15,1283.32,216.27,120.26,103.78,1,-1,-1,-1
140,19,1342.31,413.34,169.78,165.26,1,-1,-1,-1
140,23,921.80,195.47,90.14,97.36,1,-1,-1,-1
140,24,890.14,106.20,64.18,62.13,1,-1,-1,-1
141,4,862.60,163.93,76.45,73.51,1,-1,-1,-1
141,10,892.80,263.24,141.35,117.29,1,-1,-1,-1
141,15,1286.34,215.99,117.22,103.90,1,-1,-1,-1
141,19,1335.17,412.26,170.99,164.24,1,-1,-1,-1
141,23,921.75,195.81,90.53,100.04,1,-1,-1,-1
141,24,890.01,106.24,64.21,62.08,1,-1,-1,-1
141,25,1124.28,274.88,140.57,139.27,1,-1,-1,-1
142,3,1064.49,290.45,122.25,109.99,1,-1,-1,-1
142,4,862.85,164.02,76.32,73.47,1,-1,-1,-1
142,10,891.61,265.71,141.87,114.63,1,-1,-1,-1
142,15,1287.78,215.79,115.15,104.10,1,-1,-1,-1
142,19,1331.81,391.34,171.10,172.93,1,-1,-1,-1
142,23,921.75,195.43,90.69,101.90,1,-1,-1,-1
142,24,889.99,106.26,64.27,62.06,1,-1,-1,-1
142,25,1140.18,289.86,134.25,129.57,1,-1,-1,-1
142,26,1138.82,245.45,88.26,83.83,1,-1,-1,-1
143,4,863.06,163.96,76.26,73.46,1,-1,-1,-1
143,10,894.02,240.06,136.08,118.38,1,-1,-1,-1
143,15,1288.37,215.65,113.80,104.30,1,-1,-1,-1
143,19,1330.11,392.24,168.73,173.08,1,-1,-1,-1
143,24,889.95,106.15,64.33,62.06,1,-1,-1,-1
143,25,1126.14,285.57,144.98,131.36,1,-1,-1,-1
143,26,1138.82,245.85,87.63,79.96,1,-1,-1,-1
144,4,863.16,163.86,76.21,73.45,1,-1,-1,-1
144,10,894.01,256.67,138.92,115.49,1,-1,-1,-1
144,15,1288.83,215.70,112.89,104.45,1,-1,-1,-1
144,19,1325.87,393.43,170.06,170.87,1,-1,-1,-1
144,23,921.84,195.48,92.05,104.90,1,-1,-1,-1
144,24,889.93,106.07,64.38,62.07,1,-1,-1,-1
144,25,1109.64,283.01,157.90,133.81,1,-1,-1,-1
144,26,1138.01,246.32,88.50,79.49,1,-1,-1,-1
145,4,863.25,163.81,76.25,73.48,1,-1,-1,-1
145,10,893.36,264.02,140.93,113.31,1,-1,-1,-1
145,15,1289.26,216.12,112.14,104.55,1,-1,-1,-1
145,19,1328.01,397.02,168.63,166.48,1,-1,-1,-1
145,23,921.70,194.64,92.84,106.61,1,-1,-1,-1
145,24,889.94,106.08,64.38,62.05,1,-1,-1,-1
145,25,1113.87,260.91,160.69,147.12,1,-1,-1,-1
146,4,863.36,163.76,76.35,73.52,1,-1,-1,-1
146,10,892.97,266.64,142.84,112.12,1,-1,-1,-1
146,15,1289.83,216.09,111.44,104.58,1,-1,-1,-1
146,19,1332.28,399.86,165.08,162.79,1,-1,-1,-1
146,23,921.58,194.20,93.39,107.73,1,-1,-1,-1
146,24,889.94,106.02,64.40,62.05,1,-1,-1,-1
146,25,1115.83,275.76,157.15,138.00,1,-1,-1,-1
146,26,1137.52,245.89,88.99,78.47,1,-1,-1,-1
147,3,1076.37,323.81,101.55,90.48,1,-1,-1,-1
147,4,863.39,163.74,76.39,73.55,1,-1,-1,-1
147,10,894.80,242.51,137.37,116.97,1,-1,-1,-1
147,15,1290.48,216.16,110.72,104.60,1,-1,-1,-1
147,19,1337.86,380.26,160.79,170.93,1,-1,-1,-1
147,23,918.87,181.06,90.80,95.01,1,-1,-1,-1
147,24,889.99,106.07,64.38,62.01,1,-1,-1,-1
147,25,1121.35,269.40,146.03,134.94,1,-1,-1,-1
148,4,863.39,163.72,76.41,73.57,1,-1,-1,-1
148,10,896.72,231.69,132.38,120.73,1,-1,-1,-1
148,15,1290.59,216.25,110.37,104.65,1,-1,-1,-1
148,19,1340.71,390.88,155.94,166.57,1,-1,-1,-1
148,23,918.76,178.07,88.15,86.56,1,-1,-1,-1
148,24,890.01,106.08,64.35,61.99,1,-1,-1,-1
148,25,1101.46,270.17,148.80,136.55,1,-1,-1,-1
148,27,1293.37,414.68,99.13,93.07,1,-1,-1,-1
149,4,863.41,163.71,76.41,73.58,1,-1,-1,-1
149,10,895.62,253.34,135.86,117.05,1,-1,-1,-1
149,15,1290.74,216.28,110.05,104.60,1,-1,-1,-1
149,19,1341.38,395.37,151.90,163.54,1,-1,-1,-1
149,23,921.14,191.78,90.54,92.96,1,-1,-1,-1
149,24,890.05,106.15,64.28,61.94,1,-1,-1,-1
149,25,1085.83,269.43,150.49,135.60,1,-1,-1,-1
149,27,1286.59,414.85,96.41,92.68,1,-1,-1,-1
150,4,863.45,163.69,76.45,73.61,1,-1,-1,-1
150,10,894.14,262.33,138.01,114.38,1,-1,-1,-1
150,15,1290.91,216.35,109.77,104.55,1,-1,-1,-1
150,19,1344.67,389.56,146.72,165.25,1,-1,-1,-1
150,23,921.86,195.87,91.87,97.59,1,-1,-1,-1
150,24,890.10,106.18,64.23,61.90,1,-1,-1,-1
150,25,1075.15,267.05,144.81,132.74,1,-1,-1,-1
150,27,1284.06,415.72,94.66,92.25,1,-1,-1,-1
