2,1,938.81,227.39,166.28,163.73,1,-1,-1,-1
2,2,1113.31,268.07,167.30,166.33,1,-1,-1,-1
2,3,824.47,121.30,111.76,114.73,1,-1,-1,-1
2,4,1531.50,194.80,113.45,94.59,1,-1,-1,-1
3,1,938.99,207.49,163.93,181.26,1,-1,-1,-1
3,2,1123.44,247.66,160.05,186.78,1,-1,-1,-1
3,3,824.56,120.94,111.68,115.09,1,-1,-1,-1
3,4,1532.13,195.14,112.15,96.14,1,-1,-1,-1
3,6,1226.83,211.71,127.90,111.37,1,-1,-1,-1
4,1,939.04,207.57,164.57,181.30,1,-1,-1,-1
4,2,1118.97,255.74,166.09,174.04,1,-1,-1,-1
4,3,824.91,121.53,111.12,114.33,1,-1,-1,-1
4,4,1531.51,194.66,113.40,94.73,1,-1,-1,-1
4,6,1230.01,212.37,128.97,111.26,1,-1,-1,-1
5,1,938.10,205.48,151.42,183.15,1,-1,-1,-1
5,2,1114.47,258.23,173.13,168.50,1,-1,-1,-1
5,3,825.08,120.83,111.21,115.00,1,-1,-1,-1
5,4,1531.52,194.65,113.37,94.76,1,-1,-1,-1
5,6,1235.04,213.74,124.62,109.96,1,-1,-1,-1
6,1,939.41,207.20,165.14,182.73,1,-1,-1,-1
6,2,1113.05,259.69,179.67,172.35,1,-1,-1,-1
6,3,824.70,120.56,111.49,115.23,1,-1,-1,-1
6,4,1531.46,193.05,113.84,96.17,1,-1,-1,-1
6,6,1241.13,213.45,118.95,109.69,1,-1,-1,-1
7,1,938.56,207.21,160.53,181.87,1,-1,-1,-1
7,2,1112.99,252.20,183.45,179.71,1,-1,-1,-1
7,3,824.31,120.59,111.59,115.26,1,-1,-1,-1
7,4,1532.58,193.10,112.11,96.73,1,-1,-1,-1
7,6,1238.18,213.52,121.29,108.68,1,-1,-1,-1
8,1,938.51,207.15,159.83,181.63,1,-1,-1,-1
8,2,1112.83,254.79,186.04,182.54,1,-1,-1,-1
8,3,823.96,120.17,112.00,115.76,1,-1,-1,-1
8,4,1531.50,193.16,113.77,96.00,1,-1,-1,-1
8,6,1236.12,211.91,122.23,109.31,1,-1,-1,-1
9,1,938.44,207.45,161.94,181.61,1,-1,-1,-1
9,2,1117.48,258.43,182.86,175.77,1,-1,-1,-1
9,3,824.53,117.97,111.50,117.91,1,-1,-1,-1
9,4,1532.73,192.99,111.95,96.75,1,-1,-1,-1
9,5,1222.98,0.00,140.54,109.79,1,-1,-1,-1
9,6,1232.01,211.61,126.20,109.89,1,-1,-1,-1
10,1,937.67,205.40,152.60,183.57,1,-1,-1,-1
10,2,1117.53,254.10,184.31,178.94,1,-1,-1,-1
10,3,824.93,118.71,110.95,117.06,1,-1,-1,-1
10,4,1532.70,193.12,111.94,96.67,1,-1,-1,-1
10,5,1223.06,0.00,141.18,109.68,1,-1,-1,-1
10,6,1227.13,210.29,131.10,111.05,1,-1,-1,-1
11,1,938.11,254.44,168.28,136.31,1,-1,-1,-1
11,2,1119.28,253.85,182.80,177.99,1,-1,-1,-1
11,3,824.65,118.76,111.34,117.10,1,-1,-1,-1
11,4,1531.51,194.90,113.40,94.62,1,-1,-1,-1
11,6,1224.38,208.73,133.89,112.52,1,-1,-1,-1
12,1,938.12,255.26,168.31,135.67,1,-1,-1,-1
12,2,1126.68,260.42,176.82,173.96,1,-1,-1,-1
12,3,824.76,118.65,111.29,117.25,1,-1,-1,-1
12,4,1531.57,194.97,113.31,94.55,1,-1,-1,-1
12,5,1223.27,0.00,140.54,109.86,1,-1,-1,-1
12,6,1223.55,207.07,135.16,114.01,1,-1,-1,-1
13,1,938.07,240.25,168.32,150.62,1,-1,-1,-1
13,2,1128.65,256.34,176.21,177.49,1,-1,-1,-1
13,3,824.21,120.12,111.62,115.81,1,-1,-1,-1
13,4,1531.54,194.96,113.37,94.53,1,-1,-1,-1
13,5,1223.36,0.00,140.33,109.59,1,-1,-1,-1
13,6,1221.64,205.44,137.79,115.68,1,-1,-1,-1
14,1,938.11,243.52,168.34,147.41,1,-1,-1,-1
14,2,1138.58,259.90,169.03,171.49,1,-1,-1,-1
14,3,824.36,118.28,110.88,117.61,1,-1,-1,-1
14,4,1531.58,194.97,113.28,94.60,1,-1,-1,-1
14,5,1223.32,0.00,140.14,108.63,1,-1,-1,-1
14,6,1223.30,202.97,137.49,117.80,1,-1,-1,-1
15,1,938.41,215.18,167.40,175.54,1,-1,-1,-1
15,2,1141.50,259.26,169.69,172.50,1,-1,-1,-1
15,3,823.63,117.80,111.82,117.91,1,-1,-1,-1
15,4,1531.34,195.03,113.82,94.44,1,-1,-1,-1
15,5,1223.25,0.00,139.43,106.93,1,-1,-1,-1
15,6,1219.65,201.40,142.09,118.80,1,-1,-1,-1
16,1,938.38,220.10,167.15,170.77,1,-1,-1,-1
16,2,1150.57,260.79,163.01,165.08,1,-1,-1,-1
16,3,825.10,117.47,110.22,118.18,1,-1,-1,-1
16,4,1531.57,194.99,113.47,94.28,1,-1,-1,-1
16,5,1223.25,0.00,139.07,107.22,1,-1,-1,-1
16,6,1226.09,203.40,137.21,115.95,1,-1,-1,-1
17,1,938.58,207.26,162.92,181.61,1,-1,-1,-1
17,2,1152.10,268.08,162.33,159.21,1,-1,-1,-1
17,3,825.22,117.06,109.06,119.06,1,-1,-1,-1
17,4,1532.04,195.24,112.12,96.44,1,-1,-1,-1
17,5,1223.30,0.00,139.56,108.95,1,-1,-1,-1
17,6,1232.46,205.02,133.19,114.51,1,-1,-1,-1
18,1,939.53,212.46,167.84,175.45,1,-1,-1,-1
18,2,1153.78,265.69,167.34,157.47,1,-1,-1,-1
18,3,826.24,119.12,105.25,117.46,1,-1,-1,-1
18,4,1531.60,194.99,113.16,94.54,1,-1,-1,-1
18,5,1223.32,0.00,140.31,111.67,1,-1,-1,-1
18,6,1232.43,203.77,135.72,112.26,1,-1,-1,-1
19,1,937.90,251.52,168.90,139.35,1,-1,-1,-1
19,2,1153.08,263.98,173.27,161.36,1,-1,-1,-1
19,3,822.78,118.33,107.27,118.20,1,-1,-1,-1
19,5,1223.68,0.00,139.61,109.48,1,-1,-1,-1
19,6,1237.97,202.38,131.68,112.29,1,-1,-1,-1
20,1,937.75,245.16,168.64,146.18,1,-1,-1,-1
20,2,1153.73,264.20,176.48,161.69,1,-1,-1,-1
20,3,822.41,118.15,108.45,118.47,1,-1,-1,-1
20,4,1531.94,195.09,112.28,97.07,1,-1,-1,-1
20,6,1239.07,203.02,132.19,111.27,1,-1,-1,-1
21,1,937.40,255.62,169.05,138.20,1,-1,-1,-1
21,2,1155.09,263.69,179.15,162.46,1,-1,-1,-1
21,3,817.98,121.90,112.84,115.09,1,-1,-1,-1
21,4,1531.45,194.87,113.38,94.97,1,-1,-1,-1
21,5,1223.91,0.00,140.03,109.72,1,-1,-1,-1
21,6,1241.82,205.30,132.61,111.55,1,-1,-1,-1
22,1,940.05,206.33,166.95,181.98,1,-1,-1,-1
22,2,1158.62,254.53,178.32,170.72,1,-1,-1,-1
22,3,819.22,122.17,111.27,114.99,1,-1,-1,-1
22,4,1531.40,194.55,113.31,95.31,1,-1,-1,-1
22,6,1245.33,206.16,131.64,111.44,1,-1,-1,-1
23,1,939.93,206.21,166.96,182.12,1,-1,-1,-1
23,2,1163.62,262.56,173.91,160.69,1,-1,-1,-1
23,3,819.34,121.71,111.18,115.29,1,-1,-1,-1
23,4,1532.17,194.81,111.88,96.87,1,-1,-1,-1
23,6,1258.07,206.85,121.05,110.34,1,-1,-1,-1
24,1,937.80,254.68,168.77,136.63,1,-1,-1,-1
24,2,1165.51,206.06,215.35,220.88,1,-1,-1,-1
24,3,819.63,120.86,110.91,115.73,1,-1,-1,-1
25,1,939.64,207.27,167.96,181.25,1,-1,-1,-1
25,2,1170.22,267.61,173.42,164.94,1,-1,-1,-1
25,3,822.26,119.92,108.32,116.79,1,-1,-1,-1
25,4,1532.27,194.91,111.84,96.62,1,-1,-1,-1
25,6,1256.72,207.11,128.65,111.42,1,-1,-1,-1
26,1,938.33,206.26,167.79,182.39,1,-1,-1,-1
26,2,1177.85,209.69,202.14,224.40,1,-1,-1,-1
26,3,823.00,119.10,107.85,116.23,1,-1,-1,-1
26,4,1532.34,194.60,111.76,97.23,1,-1,-1,-1
27,1,938.31,254.94,168.68,136.14,1,-1,-1,-1
27,2,1186.91,263.57,159.10,172.79,1,-1,-1,-1
27,3,828.67,119.09,102.73,115.78,1,-1,-1,-1
27,4,1532.34,194.98,112.16,96.97,1,-1,-1,-1
27,6,1269.85,207.44,124.07,110.92,1,-1,-1,-1
28,1,938.25,209.47,168.28,181.10,1,-1,-1,-1
28,2,1126.63,244.01,223.20,193.19,1,-1,-1,-1
28,3,827.45,118.32,104.09,117.02,1,-1,-1,-1
28,4,1532.60,194.91,111.54,95.88,1,-1,-1,-1
28,6,1267.40,208.55,129.78,109.51,1,-1,-1,-1
29,1,938.23,209.42,168.43,181.48,1,-1,-1,-1
29,2,1133.77,245.78,220.57,193.20,1,-1,-1,-1
29,3,829.91,120.54,101.48,116.64,1,-1,-1,-1
29,4,1532.32,195.33,111.92,96.51,1,-1,-1,-1
29,6,1273.49,207.98,125.44,109.23,1,-1,-1,-1
30,1,938.61,213.11,168.25,178.48,1,-1,-1,-1
30,2,1144.45,254.91,213.67,186.11,1,-1,-1,-1
30,3,825.20,121.88,108.31,113.85,1,-1,-1,-1
30,4,1532.84,195.04,111.56,95.49,1,-1,-1,-1
30,6,1274.62,206.74,125.85,108.86,1,-1,-1,-1
31,1,938.16,233.93,168.71,157.29,1,-1,-1,-1
31,2,1140.60,262.85,222.46,186.36,1,-1,-1,-1
31,3,828.24,120.36,106.64,115.19,1,-1,-1,-1
31,4,1532.50,194.98,111.91,96.07,1,-1,-1,-1
31,6,1271.30,205.55,130.53,110.38,1,-1,-1,-1
32,1,938.21,248.11,168.73,143.19,1,-1,-1,-1
32,2,1133.94,250.91,235.40,199.92,1,-1,-1,-1
32,3,826.54,119.49,108.33,116.28,1,-1,-1,-1
32,4,1531.74,194.88,113.27,95.18,1,-1,-1,-1
32,6,1275.47,205.78,125.42,110.33,1,-1,-1,-1
33,1,938.40,251.66,168.91,139.71,1,-1,-1,-1
33,2,1139.44,235.53,237.67,218.57,1,-1,-1,-1
33,3,824.37,122.82,109.70,115.04,1,-1,-1,-1
33,4,1532.68,194.80,111.59,95.67,1,-1,-1,-1
34,1,938.98,251.63,167.82,141.12,1,-1,-1,-1
34,2,1136.45,236.18,247.15,221.98,1,-1,-1,-1
34,3,824.13,121.06,112.61,114.37,1,-1,-1,-1
34,4,1532.66,194.81,111.56,95.87,1,-1,-1,-1
35,1,938.40,252.13,168.93,139.51,1,-1,-1,-1
35,2,1156.54,242.10,232.15,215.79,1,-1,-1,-1
35,3,831.25,115.44,110.65,117.87,1,-1,-1,-1
35,4,1531.56,194.79,113.44,95.14,1,-1,-1,-1
36,1,942.26,213.62,165.84,175.84,1,-1,-1,-1
36,2,1141.23,239.62,187.13,154.92,1,-1,-1,-1
36,3,823.90,116.62,120.84,116.62,1,-1,-1,-1
36,4,1532.45,193.41,112.01,96.96,1,-1,-1,-1
36,6,1269.82,206.72,130.82,111.55,1,-1,-1,-1
37,1,938.87,247.97,167.79,144.30,1,-1,-1,-1
37,2,1140.78,238.93,168.09,157.42,1,-1,-1,-1
37,3,827.51,113.38,118.45,119.81,1,-1,-1,-1
37,4,1532.43,193.62,111.90,97.00,1,-1,-1,-1
37,6,1270.17,206.42,130.69,110.95,1,-1,-1,-1
37,7,1217.92,321.15,184.65,148.03,1,-1,-1,-1
38,1,938.54,206.41,169.81,183.04,1,-1,-1,-1
38,2,1149.08,247.33,260.22,225.17,1,-1,-1,-1
38,3,823.73,111.81,123.92,121.58,1,-1,-1,-1
38,4,1532.34,193.38,112.03,97.26,1,-1,-1,-1
39,1,938.92,221.28,167.96,170.54,1,-1,-1,-1
39,2,1225.36,315.11,190.93,163.41,1,-1,-1,-1
39,3,824.89,111.49,123.21,121.66,1,-1,-1,-1
39,4,1532.44,193.50,112.04,97.10,1,-1,-1,-1
39,6,1269.72,206.54,131.14,111.29,1,-1,-1,-1
40,1,938.77,250.24,168.51,141.34,1,-1,-1,-1
40,2,1227.97,304.55,191.39,174.38,1,-1,-1,-1
40,3,826.45,111.05,122.23,121.59,1,-1,-1,-1
40,4,1532.40,193.56,112.13,96.85,1,-1,-1,-1
40,6,1269.47,206.65,131.41,112.07,1,-1,-1,-1
40,8,1149.52,248.51,162.24,142.42,1,-1,-1,-1
41,1,939.09,224.06,167.78,167.99,1,-1,-1,-1
41,2,1232.63,302.29,194.06,183.01,1,-1,-1,-1
41,3,826.53,110.43,122.40,122.78,1,-1,-1,-1
41,4,1532.01,195.50,111.97,96.28,1,-1,-1,-1
41,6,1268.17,206.71,132.79,112.41,1,-1,-1,-1
41,8,1144.04,246.91,167.01,144.30,1,-1,-1,-1
42,1,938.69,250.34,168.65,141.27,1,-1,-1,-1
42,2,1238.42,303.14,189.97,185.58,1,-1,-1,-1
42,3,825.08,111.01,123.83,122.92,1,-1,-1,-1
42,4,1531.98,195.35,112.03,96.49,1,-1,-1,-1
42,6,1267.66,206.59,133.42,111.91,1,-1,-1,-1
42,8,1152.79,246.50,164.72,145.59,1,-1,-1,-1
43,1,938.89,221.23,168.33,170.18,1,-1,-1,-1
43,2,1245.92,313.53,181.68,174.88,1,-1,-1,-1
43,3,824.63,111.07,122.12,122.84,1,-1,-1,-1
43,4,1531.95,195.40,112.17,96.56,1,-1,-1,-1
43,6,1269.77,206.68,131.24,111.88,1,-1,-1,-1
43,8,1144.04,246.42,185.19,157.27,1,-1,-1,-1
44,1,938.78,233.94,168.02,157.90,1,-1,-1,-1
44,2,1253.20,325.51,178.15,171.30,1,-1,-1,-1
44,3,824.32,110.48,123.55,123.84,1,-1,-1,-1
44,4,1531.87,195.45,112.33,96.50,1,-1,-1,-1
44,6,1271.40,206.73,129.46,113.16,1,-1,-1,-1
44,8,1142.90,242.28,191.86,163.82,1,-1,-1,-1
45,1,938.76,227.85,168.13,164.16,1,-1,-1,-1
45,2,1259.38,329.22,177.25,170.76,1,-1,-1,-1
45,3,823.93,113.36,124.09,121.19,1,-1,-1,-1
45,4,1532.49,195.19,111.87,95.19,1,-1,-1,-1
45,6,1268.46,206.54,132.59,112.84,1,-1,-1,-1
45,8,1137.72,240.87,197.12,164.44,1,-1,-1,-1
46,1,939.74,206.56,168.66,183.01,1,-1,-1,-1
46,2,1264.10,330.49,176.87,169.21,1,-1,-1,-1
46,3,823.57,113.21,124.28,121.38,1,-1,-1,-1
46,4,1532.42,195.18,111.97,95.17,1,-1,-1,-1
46,6,1268.40,206.53,132.15,112.98,1,-1,-1,-1
46,8,1142.55,237.65,172.12,165.79,1,-1,-1,-1
47,1,938.33,252.63,169.16,139.32,1,-1,-1,-1
47,2,1269.95,348.61,172.82,147.49,1,-1,-1,-1
47,3,823.35,112.79,124.56,121.81,1,-1,-1,-1
47,4,1532.63,195.29,111.78,94.70,1,-1,-1,-1
47,6,1269.62,206.53,130.78,112.46,1,-1,-1,-1
47,8,1146.86,245.16,163.75,157.86,1,-1,-1,-1
48,1,938.46,255.65,168.92,136.46,1,-1,-1,-1
48,2,1271.39,329.04,175.88,164.06,1,-1,-1,-1
48,3,823.41,112.54,124.67,122.27,1,-1,-1,-1
48,4,1532.55,195.26,111.60,94.98,1,-1,-1,-1
48,6,1268.50,206.48,132.15,112.99,1,-1,-1,-1
48,8,1157.11,250.04,152.86,151.90,1,-1,-1,-1
49,1,938.47,246.66,168.85,145.47,1,-1,-1,-1
49,2,1274.77,308.57,180.51,188.50,1,-1,-1,-1
49,3,822.94,111.39,123.96,123.80,1,-1,-1,-1
49,4,1531.46,195.09,113.49,94.76,1,-1,-1,-1
49,6,1266.59,206.43,134.03,112.97,1,-1,-1,-1
49,8,1158.54,250.63,151.63,151.23,1,-1,-1,-1
50,1,939.01,227.13,167.63,165.11,1,-1,-1,-1
50,2,1276.35,326.68,190.76,173.63,1,-1,-1,-1
50,3,824.14,111.19,123.60,123.77,1,-1,-1,-1
50,4,1531.39,194.52,113.54,95.56,1,-1,-1,-1
50,6,1270.92,206.45,129.75,111.72,1,-1,-1,-1
50,8,1154.13,252.97,164.81,152.25,1,-1,-1,-1
51,1,939.02,233.03,167.67,159.29,1,-1,-1,-1
51,2,1280.52,316.49,190.78,186.58,1,-1,-1,-1
51,3,823.34,109.97,128.56,126.36,1,-1,-1,-1
51,6,1269.58,206.44,131.37,111.46,1,-1,-1,-1
51,8,1158.25,254.78,163.20,151.59,1,-1,-1,-1
52,1,939.02,241.10,167.59,151.03,1,-1,-1,-1
52,2,1275.91,333.92,201.71,174.37,1,-1,-1,-1
52,3,823.47,110.22,129.56,127.55,1,-1,-1,-1
52,4,1530.07,195.22,114.39,99.65,1,-1,-1,-1
52,6,1269.23,206.41,131.82,110.98,1,-1,-1,-1
52,8,1163.74,256.42,160.78,149.38,1,-1,-1,-1
53,1,939.07,257.62,167.60,134.59,1,-1,-1,-1
53,2,1280.83,352.81,200.60,158.40,1,-1,-1,-1
53,3,825.12,111.01,127.24,126.72,1,-1,-1,-1
53,4,1532.11,195.22,112.08,95.90,1,-1,-1,-1
53,6,1270.38,206.51,130.34,110.76,1,-1,-1,-1
53,8,1167.66,257.52,174.49,159.43,1,-1,-1,-1
54,1,939.08,255.31,167.61,136.64,1,-1,-1,-1
54,2,1284.35,352.04,198.59,158.24,1,-1,-1,-1
54,3,825.56,110.88,126.64,126.45,1,-1,-1,-1
54,4,1531.90,195.12,112.31,95.93,1,-1,-1,-1
54,6,1274.63,206.70,125.95,111.46,1,-1,-1,-1
54,8,1169.38,261.72,186.49,158.79,1,-1,-1,-1
55,1,940.42,206.65,167.91,183.16,1,-1,-1,-1
55,2,1289.35,356.13,193.13,158.13,1,-1,-1,-1
55,3,828.54,110.90,129.19,128.27,1,-1,-1,-1
55,4,1531.79,195.12,112.27,96.06,1,-1,-1,-1
55,6,1270.79,206.48,129.74,111.89,1,-1,-1,-1
55,8,1175.18,260.50,185.66,161.74,1,-1,-1,-1
56,1,941.15,207.51,167.21,182.12,1,-1,-1,-1
56,2,1296.27,347.79,186.08,170.79,1,-1,-1,-1
56,3,831.68,111.94,126.51,127.17,1,-1,-1,-1
56,4,1531.93,194.87,112.88,94.79,1,-1,-1,-1
56,6,1273.38,206.74,126.96,111.32,1,-1,-1,-1
56,8,1179.62,262.19,185.44,165.00,1,-1,-1,-1
57,1,939.06,245.91,167.89,146.40,1,-1,-1,-1
57,2,1303.58,346.24,176.08,169.81,1,-1,-1,-1
57,3,832.55,112.79,127.66,127.02,1,-1,-1,-1
57,4,1531.89,195.03,112.33,96.26,1,-1,-1,-1
57,6,1272.69,206.54,127.56,111.44,1,-1,-1,-1
57,8,1181.81,259.47,170.88,166.56,1,-1,-1,-1
58,1,938.95,231.99,168.13,160.15,1,-1,-1,-1
58,2,1311.49,352.65,170.94,164.66,1,-1,-1,-1
58,3,841.62,115.70,123.53,126.48,1,-1,-1,-1
58,4,1532.07,195.05,112.26,96.06,1,-1,-1,-1
58,6,1228.07,206.64,172.77,131.56,1,-1,-1,-1
58,8,1214.31,312.21,163.90,124.33,1,-1,-1,-1
59,1,938.87,235.90,168.15,156.36,1,-1,-1,-1
59,2,1318.69,342.84,169.70,173.33,1,-1,-1,-1
59,3,845.00,120.29,122.51,122.47,1,-1,-1,-1
59,4,1532.05,195.08,112.30,96.04,1,-1,-1,-1
59,6,1240.61,207.19,160.23,151.35,1,-1,-1,-1
59,8,1205.02,314.70,167.53,122.90,1,-1,-1,-1
60,1,938.83,248.88,168.24,143.35,1,-1,-1,-1
60,2,1319.61,339.76,171.01,179.31,1,-1,-1,-1
60,3,847.00,120.23,123.07,122.87,1,-1,-1,-1
60,4,1531.85,195.08,112.65,96.21,1,-1,-1,-1
60,6,1241.90,207.30,159.70,148.96,1,-1,-1,-1
60,8,1217.59,320.40,148.14,121.09,1,-1,-1,-1
61,1,938.82,251.29,168.23,140.87,1,-1,-1,-1
61,2,1314.84,335.97,181.32,182.77,1,-1,-1,-1
61,3,849.54,113.86,122.41,130.49,1,-1,-1,-1
61,6,1260.86,206.93,140.02,110.09,1,-1,-1,-1
61,8,1223.67,322.52,149.55,127.30,1,-1,-1,-1
62,1,938.84,251.49,168.23,140.62,1,-1,-1,-1
62,2,1220.75,320.77,281.84,201.02,1,-1,-1,-1
62,3,851.21,115.55,127.19,129.46,1,-1,-1,-1
62,6,1257.65,206.70,143.08,112.52,1,-1,-1,-1
63,1,938.66,238.87,168.44,153.09,1,-1,-1,-1
63,2,1219.02,318.33,282.13,196.12,1,-1,-1,-1
63,3,851.63,117.97,127.80,128.17,1,-1,-1,-1
63,6,1256.33,206.50,144.61,112.07,1,-1,-1,-1
64,1,938.64,223.15,168.57,168.56,1,-1,-1,-1
64,2,1315.32,344.06,199.27,180.45,1,-1,-1,-1
64,3,853.89,123.04,127.14,123.19,1,-1,-1,-1
64,6,1256.72,206.42,144.04,111.71,1,-1,-1,-1
64,8,1209.23,319.64,165.32,118.89,1,-1,-1,-1
64,9,1531.51,194.75,113.42,94.33,1,-1,-1,-1
65,1,938.47,212.16,168.83,179.85,1,-1,-1,-1
65,2,1320.02,374.55,198.34,160.81,1,-1,-1,-1
65,3,857.51,122.04,129.54,125.51,1,-1,-1,-1
65,6,1254.57,206.40,146.52,113.35,1,-1,-1,-1
65,8,1206.46,314.90,178.08,130.14,1,-1,-1,-1
65,9,1532.24,195.01,111.90,95.68,1,-1,-1,-1
66,1,938.30,207.99,169.12,183.38,1,-1,-1,-1
66,2,1323.70,358.44,201.61,180.12,1,-1,-1,-1
66,3,861.35,121.58,129.43,126.66,1,-1,-1,-1
66,6,1256.91,206.47,144.22,113.23,1,-1,-1,-1
66,8,1213.03,290.06,178.34,148.09,1,-1,-1,-1
66,9,1531.29,193.60,113.81,95.47,1,-1,-1,-1
67,1,938.41,210.13,168.85,181.76,1,-1,-1,-1
67,2,1330.23,363.90,193.25,176.95,1,-1,-1,-1
67,3,862.87,131.20,133.18,118.08,1,-1,-1,-1
67,6,1256.27,206.52,144.88,113.54,1,-1,-1,-1
67,8,1206.29,280.13,199.69,158.41,1,-1,-1,-1
67,9,1532.10,193.94,112.36,96.73,1,-1,-1,-1
68,1,938.51,215.60,168.69,176.74,1,-1,-1,-1
68,3,865.83,123.86,132.43,125.85,1,-1,-1,-1
68,6,1254.59,206.47,146.41,113.21,1,-1,-1,-1
68,8,1214.32,284.92,191.00,151.36,1,-1,-1,-1
68,9,1531.67,193.60,113.53,95.17,1,-1,-1,-1
69,1,938.50,211.59,168.76,180.34,1,-1,-1,-1
69,2,1347.21,344.95,184.48,201.49,1,-1,-1,-1
69,3,865.69,128.18,134.68,122.01,1,-1,-1,-1
69,6,1253.68,206.36,147.30,113.24,1,-1,-1,-1
69,8,1218.69,319.61,171.75,117.54,1,-1,-1,-1
69,9,1532.79,193.43,111.63,95.79,1,-1,-1,-1
70,1,938.46,210.46,168.78,181.36,1,-1,-1,-1
70,2,1353.57,389.20,180.74,159.42,1,-1,-1,-1
70,3,866.60,124.67,138.12,126.24,1,-1,-1,-1
70,6,1254.01,206.36,146.92,113.26,1,-1,-1,-1
70,8,1223.97,306.81,168.76,141.70,1,-1,-1,-1
70,9,1531.45,193.70,113.48,95.54,1,-1,-1,-1
71,1,938.45,211.80,168.92,180.10,1,-1,-1,-1
71,2,1359.26,382.66,180.19,165.53,1,-1,-1,-1
71,3,869.39,125.03,137.02,124.48,1,-1,-1,-1
71,6,1254.01,206.40,146.93,113.03,1,-1,-1,-1
71,8,1228.63,303.71,167.46,139.34,1,-1,-1,-1
71,9,1531.36,195.15,113.30,94.20,1,-1,-1,-1
72,1,938.20,211.68,169.21,179.98,1,-1,-1,-1
72,2,1363.17,363.87,187.73,189.86,1,-1,-1,-1
72,3,870.21,124.74,136.19,124.97,1,-1,-1,-1
72,6,1254.67,206.37,146.37,113.95,1,-1,-1,-1
72,8,1218.44,311.40,179.37,136.44,1,-1,-1,-1
72,9,1531.48,194.90,113.10,94.62,1,-1,-1,-1
73,1,938.15,211.35,169.22,180.33,1,-1,-1,-1
73,2,1370.07,361.18,185.90,194.62,1,-1,-1,-1
73,3,869.75,124.33,137.82,126.67,1,-1,-1,-1
73,6,1254.48,206.40,146.60,114.15,1,-1,-1,-1
73,8,1232.52,314.84,144.07,114.47,1,-1,-1,-1
73,9,1532.57,194.92,111.31,95.21,1,-1,-1,-1
74,1,938.11,210.93,169.36,180.70,1,-1,-1,-1
74,2,1371.98,383.55,194.12,178.46,1,-1,-1,-1
74,3,870.21,124.80,135.51,125.75,1,-1,-1,-1
74,6,1254.47,206.45,146.59,113.81,1,-1,-1,-1
74,8,1232.86,314.16,189.66,136.31,1,-1,-1,-1
74,9,1532.35,194.93,111.80,95.35,1,-1,-1,-1
75,1,938.22,210.44,169.24,181.49,1,-1,-1,-1
75,2,1379.52,377.64,197.09,188.08,1,-1,-1,-1
75,3,871.28,124.32,134.75,126.69,1,-1,-1,-1
75,6,1256.90,206.16,144.22,113.69,1,-1,-1,-1
75,8,1220.56,295.60,190.52,151.99,1,-1,-1,-1
75,9,1532.69,194.93,111.48,94.83,1,-1,-1,-1
76,1,938.25,210.98,169.13,180.84,1,-1,-1,-1
76,2,1383.33,383.47,200.73,186.21,1,-1,-1,-1
76,3,870.60,124.55,134.28,126.77,1,-1,-1,-1
76,6,1256.40,206.17,144.67,113.38,1,-1,-1,-1
76,8,1215.58,288.43,191.98,157.16,1,-1,-1,-1
76,9,1532.72,195.00,111.42,94.78,1,-1,-1,-1
77,1,938.27,210.79,169.16,181.26,1,-1,-1,-1
77,2,1387.39,397.64,207.27,185.23,1,-1,-1,-1
77,3,869.08,127.32,135.34,124.13,1,-1,-1,-1
77,6,1256.58,206.14,144.52,113.51,1,-1,-1,-1
77,9,1532.44,194.94,111.81,94.98,1,-1,-1,-1
78,1,938.29,211.34,169.12,180.80,1,-1,-1,-1
78,2,1389.31,416.12,213.11,172.88,1,-1,-1,-1
78,3,867.76,126.83,136.85,124.58,1,-1,-1,-1
78,6,1256.61,206.12,144.58,113.92,1,-1,-1,-1
78,8,1221.79,303.81,193.92,145.27,1,-1,-1,-1
78,9,1532.39,195.10,111.83,94.37,1,-1,-1,-1
78,10,1224.59,0.00,143.80,110.72,1,-1,-1,-1
79,1,938.12,209.18,169.31,182.34,1,-1,-1,-1
79,2,1393.78,408.56,213.76,185.84,1,-1,-1,-1
79,3,867.02,126.98,137.39,124.77,1,-1,-1,-1
79,6,1256.59,206.11,144.52,113.36,1,-1,-1,-1
79,8,1228.51,303.34,187.60,159.89,1,-1,-1,-1
79,9,1531.99,195.11,111.89,94.98,1,-1,-1,-1
79,10,1224.82,0.00,144.18,110.99,1,-1,-1,-1
80,1,938.06,207.79,169.51,183.16,1,-1,-1,-1
80,2,1396.73,381.27,213.33,217.84,1,-1,-1,-1
80,3,866.69,127.25,137.59,124.65,1,-1,-1,-1
80,6,1255.35,206.23,145.26,113.41,1,-1,-1,-1
80,8,1222.47,286.14,183.82,179.40,1,-1,-1,-1
80,9,1531.87,195.06,112.40,94.81,1,-1,-1,-1
80,10,1225.85,0.00,143.01,110.73,1,-1,-1,-1
81,1,938.06,207.67,169.50,183.34,1,-1,-1,-1
81,2,1403.71,388.27,210.34,215.25,1,-1,-1,-1
81,3,866.66,127.10,137.57,124.77,1,-1,-1,-1
81,6,1254.49,206.34,145.83,114.16,1,-1,-1,-1
81,9,1532.07,195.22,112.12,94.95,1,-1,-1,-1
81,10,1226.03,0.00,143.26,110.82,1,-1,-1,-1
82,1,938.05,207.72,169.45,183.23,1,-1,-1,-1
82,2,1412.75,405.70,199.13,198.46,1,-1,-1,-1
82,3,866.59,126.93,137.82,124.93,1,-1,-1,-1
82,6,1255.00,206.36,145.39,114.26,1,-1,-1,-1
82,8,1205.67,292.38,215.21,159.50,1,-1,-1,-1
82,9,1532.22,195.26,112.13,94.44,1,-1,-1,-1
82,10,1226.12,0.00,143.25,110.62,1,-1,-1,-1
83,1,938.07,207.31,169.43,183.84,1,-1,-1,-1
83,2,1420.92,436.86,194.95,168.27,1,-1,-1,-1
83,3,867.06,127.03,136.48,124.50,1,-1,-1,-1
83,6,1255.64,206.42,144.85,114.11,1,-1,-1,-1
83,9,1531.97,195.29,112.39,94.92,1,-1,-1,-1
83,10,1226.32,0.00,143.61,111.12,1,-1,-1,-1
84,1,938.12,208.03,169.41,183.14,1,-1,-1,-1
84,2,1430.32,439.76,187.50,175.63,1,-1,-1,-1
84,3,866.47,126.88,135.34,124.08,1,-1,-1,-1
84,6,1255.68,206.41,144.77,114.16,1,-1,-1,-1
84,9,1531.89,195.32,112.49,94.61,1,-1,-1,-1
84,10,1226.39,0.00,143.52,110.62,1,-1,-1,-1
85,1,938.15,207.57,169.38,183.83,1,-1,-1,-1
85,2,1438.45,415.08,183.98,203.80,1,-1,-1,-1
85,3,865.18,125.99,137.31,124.76,1,-1,-1,-1
85,6,1254.18,206.27,146.27,114.29,1,-1,-1,-1
85,8,1214.03,285.72,212.57,167.39,1,-1,-1,-1
85,9,1531.87,195.36,112.47,94.85,1,-1,-1,-1
85,10,1226.32,0.00,143.71,110.64,1,-1,-1,-1
86,1,938.16,207.94,169.46,183.62,1,-1,-1,-1
86,2,1442.86,431.55,183.57,189.09,1,-1,-1,-1
86,3,864.92,125.04,137.02,125.05,1,-1,-1,-1
86,6,1254.46,206.24,146.07,114.23,1,-1,-1,-1
86,8,1215.54,286.71,204.68,173.34,1,-1,-1,-1
86,9,1531.88,195.28,112.49,95.11,1,-1,-1,-1
86,10,1226.36,0.00,143.55,110.53,1,-1,-1,-1
87,1,938.09,206.84,169.46,184.58,1,-1,-1,-1
87,2,1445.71,432.87,181.73,188.07,1,-1,-1,-1
87,3,865.41,124.10,135.70,124.69,1,-1,-1,-1
87,6,1255.28,206.26,145.15,114.42,1,-1,-1,-1
87,8,1221.87,291.14,193.19,167.15,1,-1,-1,-1
87,9,1531.93,195.32,112.19,95.25,1,-1,-1,-1
87,10,1226.42,0.00,143.10,110.90,1,-1,-1,-1
88,1,938.07,206.05,169.49,185.18,1,-1,-1,-1
88,2,1446.16,434.14,185.91,188.87,1,-1,-1,-1
88,3,864.58,121.05,134.97,127.07,1,-1,-1,-1
88,6,1256.15,206.27,144.25,114.21,1,-1,-1,-1
88,8,1228.60,291.49,176.71,165.41,1,-1,-1,-1
88,9,1532.01,195.34,112.19,95.06,1,-1,-1,-1
88,10,1226.49,0.00,143.25,110.57,1,-1,-1,-1
89,1,939.25,205.70,168.04,184.56,1,-1,-1,-1
89,2,1447.04,415.16,192.06,210.00,1,-1,-1,-1
89,3,865.13,120.58,132.67,126.13,1,-1,-1,-1
89,6,1257.12,206.38,143.21,113.69,1,-1,-1,-1
89,8,1218.58,290.28,187.02,169.91,1,-1,-1,-1
89,9,1532.07,195.36,112.09,95.13,1,-1,-1,-1
89,10,1226.43,0.00,142.97,110.35,1,-1,-1,-1
90,1,939.17,205.54,168.09,184.52,1,-1,-1,-1
90,2,1436.36,421.43,206.64,202.85,1,-1,-1,-1
90,3,865.21,117.53,128.27,128.73,1,-1,-1,-1
90,6,1256.64,206.47,143.70,113.55,1,-1,-1,-1
90,8,1214.57,298.62,197.00,156.99,1,-1,-1,-1
90,9,1531.89,195.36,112.37,95.47,1,-1,-1,-1
90,10,1226.60,0.00,142.41,109.85,1,-1,-1,-1
91,1,939.10,205.82,168.40,184.34,1,-1,-1,-1
91,2,1447.19,442.65,199.64,190.36,1,-1,-1,-1
91,3,864.96,117.81,125.23,127.90,1,-1,-1,-1
91,6,1262.59,206.51,137.79,112.98,1,-1,-1,-1
91,8,1213.94,303.68,207.16,149.78,1,-1,-1,-1
91,9,1532.03,195.27,112.12,95.33,1,-1,-1,-1
91,10,1226.69,0.00,142.71,109.78,1,-1,-1,-1
92,1,939.09,206.30,168.33,183.85,1,-1,-1,-1
92,2,1433.05,412.83,214.83,221.19,1,-1,-1,-1
92,3,863.82,117.52,125.65,127.42,1,-1,-1,-1
92,6,1202.70,253.63,219.37,197.30,1,-1,-1,-1
92,10,1226.85,0.00,141.84,108.82,1,-1,-1,-1
93,1,939.11,206.78,168.27,183.38,1,-1,-1,-1
93,2,1434.19,462.13,215.04,173.90,1,-1,-1,-1
93,3,863.03,117.42,126.25,126.26,1,-1,-1,-1
93,6,1204.00,206.53,208.61,244.71,1,-1,-1,-1
93,10,1227.00,0.00,141.68,108.44,1,-1,-1,-1
94,1,938.25,208.74,169.33,182.42,1,-1,-1,-1
94,2,1435.51,454.59,215.85,186.49,1,-1,-1,-1
94,3,861.87,116.06,128.50,127.53,1,-1,-1,-1
94,6,1209.45,271.37,200.67,179.52,1,-1,-1,-1
94,10,1227.11,0.00,141.85,109.17,1,-1,-1,-1
95,1,938.31,208.94,169.28,182.13,1,-1,-1,-1
95,2,1439.50,414.99,208.00,226.94,1,-1,-1,-1
95,3,862.45,116.40,127.44,126.60,1,-1,-1,-1
95,6,1207.07,206.41,195.26,236.93,1,-1,-1,-1
95,10,1226.73,0.00,142.51,109.19,1,-1,-1,-1
95,12,1532.17,195.34,111.78,94.55,1,-1,-1,-1
96,1,938.39,210.20,169.07,181.04,1,-1,-1,-1
96,2,1443.30,417.31,192.74,214.50,1,-1,-1,-1
96,3,860.17,117.99,129.24,124.46,1,-1,-1,-1
96,6,1207.12,291.75,180.32,155.49,1,-1,-1,-1
96,10,1226.69,0.00,142.02,109.84,1,-1,-1,-1
96,11,1268.92,206.57,131.32,112.42,1,-1,-1,-1
96,12,1532.04,193.94,112.21,95.40,1,-1,-1,-1
97,1,938.42,210.57,169.05,180.66,1,-1,-1,-1
97,2,1446.79,418.19,197.45,225.20,1,-1,-1,-1
97,3,861.18,121.59,127.43,120.70,1,-1,-1,-1
97,6,1193.76,272.51,185.64,164.09,1,-1,-1,-1
97,10,1226.76,0.00,141.71,110.13,1,-1,-1,-1
97,11,1272.52,206.48,127.54,112.46,1,-1,-1,-1
97,12,1532.06,193.89,112.33,95.36,1,-1,-1,-1
98,1,938.49,209.59,169.05,181.79,1,-1,-1,-1
98,3,860.30,119.02,130.07,123.25,1,-1,-1,-1
98,6,1183.01,312.73,200.94,126.06,1,-1,-1,-1
98,10,1226.68,0.00,141.49,109.64,1,-1,-1,-1
98,11,1265.23,206.32,135.02,112.15,1,-1,-1,-1
98,12,1531.96,193.68,112.46,95.60,1,-1,-1,-1
99,1,940.21,207.09,167.80,182.26,1,-1,-1,-1
99,3,862.15,117.68,129.37,124.19,1,-1,-1,-1
99,6,1170.26,267.63,214.61,168.27,1,-1,-1,-1
99,10,1225.91,0.00,141.61,110.65,1,-1,-1,-1
99,11,1269.74,206.14,130.46,112.63,1,-1,-1,-1
99,12,1532.34,193.79,111.79,95.61,1,-1,-1,-1
100,1,944.58,210.86,163.35,178.11,1,-1,-1,-1
100,3,862.76,117.39,124.50,123.06,1,-1,-1,-1
100,6,1164.19,262.75,218.62,175.17,1,-1,-1,-1
100,11,1272.87,206.20,127.29,112.41,1,-1,-1,-1
100,12,1532.40,193.85,111.74,95.61,1,-1,-1,-1
101,1,942.08,208.41,165.79,180.74,1,-1,-1,-1
101,2,1449.38,422.34,207.59,211.62,1,-1,-1,-1
101,3,863.27,115.95,124.78,123.33,1,-1,-1,-1
101,6,1154.26,265.93,218.12,171.46,1,-1,-1,-1
101,11,1272.40,206.21,127.91,112.07,1,-1,-1,-1
101,12,1532.43,195.21,111.32,94.61,1,-1,-1,-1
102,1,945.91,212.86,161.84,176.32,1,-1,-1,-1
102,2,1449.20,418.55,219.29,220.01,1,-1,-1,-1
102,3,863.62,117.17,122.68,122.91,1,-1,-1,-1
102,6,1147.83,264.05,212.33,158.00,1,-1,-1,-1
102,11,1269.93,206.11,130.37,111.90,1,-1,-1,-1
102,12,1532.46,194.85,111.29,94.91,1,-1,-1,-1
103,1,947.01,213.84,160.84,175.30,1,-1,-1,-1
103,2,1446.42,433.73,218.38,209.95,1,-1,-1,-1
103,3,864.04,116.64,120.05,123.40,1,-1,-1,-1
103,6,1136.43,263.20,214.00,171.32,1,-1,-1,-1
103,11,1272.40,206.26,127.89,111.19,1,-1,-1,-1
103,12,1532.54,194.96,111.12,95.15,1,-1,-1,-1
104,1,949.09,214.32,158.76,174.80,1,-1,-1,-1
104,2,1444.99,417.12,218.41,226.90,1,-1,-1,-1
104,3,864.41,116.89,118.82,122.87,1,-1,-1,-1
104,6,1128.35,263.76,201.76,160.16,1,-1,-1,-1
104,11,1265.44,206.16,135.05,112.43,1,-1,-1,-1
104,12,1532.57,194.94,111.13,95.16,1,-1,-1,-1
105,1,948.11,212.50,159.66,176.57,1,-1,-1,-1
105,2,1445.34,428.87,220.55,219.85,1,-1,-1,-1
105,3,864.89,116.57,117.35,123.35,1,-1,-1,-1
105,6,1122.86,259.69,195.60,163.21,1,-1,-1,-1
105,11,1261.01,205.82,139.50,112.85,1,-1,-1,-1
105,12,1532.53,194.95,111.18,95.24,1,-1,-1,-1
106,1,945.76,210.79,161.51,178.41,1,-1,-1,-1
106,2,1449.55,426.30,218.92,212.41,1,-1,-1,-1
106,3,864.73,117.20,117.37,122.43,1,-1,-1,-1
106,6,1118.30,256.45,185.37,155.85,1,-1,-1,-1
106,11,1256.84,205.71,143.76,112.60,1,-1,-1,-1
106,12,1532.51,195.09,111.27,95.19,1,-1,-1,-1
107,1,946.00,212.10,160.44,177.40,1,-1,-1,-1
107,2,1452.93,417.58,210.33,222.70,1,-1,-1,-1
107,3,864.65,117.66,117.25,122.16,1,-1,-1,-1
107,6,1115.19,255.96,172.58,161.58,1,-1,-1,-1
107,11,1259.01,205.65,141.60,112.86,1,-1,-1,-1
107,12,1532.47,195.13,111.31,94.97,1,-1,-1,-1
108,1,948.54,225.29,159.78,165.05,1,-1,-1,-1
108,2,1457.95,420.16,205.45,232.12,1,-1,-1,-1
108,3,864.58,118.32,118.45,121.69,1,-1,-1,-1
108,6,1106.94,253.97,169.71,160.82,1,-1,-1,-1
108,11,1259.05,205.56,141.53,113.01,1,-1,-1,-1
108,12,1532.63,195.03,111.22,94.80,1,-1,-1,-1
109,1,939.01,218.90,147.63,171.32,1,-1,-1,-1
109,2,1467.75,474.95,190.25,168.08,1,-1,-1,-1
109,3,864.65,118.27,117.24,122.13,1,-1,-1,-1
109,6,1096.10,253.42,180.50,165.48,1,-1,-1,-1
109,11,1259.48,205.64,141.02,112.97,1,-1,-1,-1
109,12,1532.71,195.09,111.05,94.72,1,-1,-1,-1
110,1,939.24,214.73,146.23,175.04,1,-1,-1,-1
110,2,1472.81,419.82,190.12,224.58,1,-1,-1,-1
110,3,864.69,119.44,118.27,120.91,1,-1,-1,-1
110,6,1090.56,250.89,185.36,163.45,1,-1,-1,-1
110,11,1259.75,205.84,140.75,112.93,1,-1,-1,-1
110,12,1532.72,195.10,111.06,95.03,1,-1,-1,-1
111,1,939.18,212.12,143.54,177.94,1,-1,-1,-1
111,2,1471.19,421.53,195.05,220.20,1,-1,-1,-1
111,3,864.60,118.49,117.97,121.75,1,-1,-1,-1
111,6,1098.80,250.32,177.60,162.88,1,-1,-1,-1
111,11,1259.45,205.81,141.06,112.88,1,-1,-1,-1
111,12,1532.69,195.05,111.14,95.22,1,-1,-1,-1
112,1,935.03,280.96,144.94,111.76,1,-1,-1,-1
112,2,1465.40,417.85,199.86,221.57,1,-1,-1,-1
112,3,864.66,120.48,117.72,119.87,1,-1,-1,-1
112,6,1098.84,251.01,176.24,163.63,1,-1,-1,-1
112,11,1259.51,205.79,141.03,112.78,1,-1,-1,-1
112,12,1532.67,194.86,111.16,95.41,1,-1,-1,-1
113,1,932.70,205.59,141.05,172.17,1,-1,-1,-1
113,2,1457.61,416.79,211.00,209.07,1,-1,-1,-1
113,3,864.56,118.35,116.71,121.04,1,-1,-1,-1
113,6,1099.07,247.58,178.69,163.54,1,-1,-1,-1
113,11,1259.39,205.78,141.14,112.84,1,-1,-1,-1
113,12,1532.60,194.92,111.22,95.35,1,-1,-1,-1
114,2,1452.47,416.13,210.62,181.51,1,-1,-1,-1
114,3,864.77,117.61,116.41,121.80,1,-1,-1,-1
114,6,1100.62,252.61,176.94,157.06,1,-1,-1,-1
114,11,1259.20,205.79,141.34,112.77,1,-1,-1,-1
114,12,1532.68,194.86,111.16,95.26,1,-1,-1,-1
115,2,1479.13,419.87,163.17,174.99,1,-1,-1,-1
115,3,864.88,117.35,116.06,121.93,1,-1,-1,-1
115,6,1094.45,249.96,184.93,162.92,1,-1,-1,-1
115,11,1258.66,205.71,142.03,112.94,1,-1,-1,-1
115,12,1532.66,194.78,111.24,95.33,1,-1,-1,-1
116,1,924.98,222.99,158.67,163.68,1,-1,-1,-1
116,2,1446.03,415.72,216.69,208.64,1,-1,-1,-1
116,3,864.95,116.91,115.19,122.37,1,-1,-1,-1
116,6,1086.36,247.41,195.35,163.17,1,-1,-1,-1
116,11,1258.58,205.75,142.08,112.83,1,-1,-1,-1
116,12,1532.73,194.81,111.12,95.33,1,-1,-1,-1
117,1,921.42,198.53,146.94,184.49,1,-1,-1,-1
117,2,1446.93,415.50,219.56,226.35,1,-1,-1,-1
117,3,865.01,118.73,115.12,121.67,1,-1,-1,-1
117,6,1084.57,244.92,197.99,163.43,1,-1,-1,-1
117,11,1258.64,205.75,142.04,112.92,1,-1,-1,-1
117,12,1532.68,194.79,111.14,95.39,1,-1,-1,-1
118,1,917.41,276.62,164.28,110.20,1,-1,-1,-1
118,2,1443.30,411.63,216.21,230.91,1,-1,-1,-1
118,3,864.83,116.76,118.23,122.49,1,-1,-1,-1
118,6,1082.42,247.20,200.36,164.96,1,-1,-1,-1
118,11,1258.90,205.74,141.77,112.75,1,-1,-1,-1
118,12,1532.64,194.87,111.16,95.53,1,-1,-1,-1
119,1,913.55,199.17,169.41,185.95,1,-1,-1,-1
119,2,1441.56,412.00,199.47,228.40,1,-1,-1,-1
119,3,864.75,117.48,120.13,121.54,1,-1,-1,-1
119,6,1088.05,246.83,188.97,159.86,1,-1,-1,-1
119,11,1259.29,205.84,141.35,112.73,1,-1,-1,-1
119,12,1532.67,194.84,111.11,95.44,1,-1,-1,-1
120,1,913.45,282.79,164.10,99.43,1,-1,-1,-1
120,2,1440.06,413.42,181.26,204.06,1,-1,-1,-1
120,3,864.82,118.11,118.81,120.62,1,-1,-1,-1
120,6,1086.46,246.38,183.54,161.99,1,-1,-1,-1
120,11,1259.80,205.84,140.85,112.88,1,-1,-1,-1
120,12,1532.72,194.83,111.02,95.63,1,-1,-1,-1
121,1,912.76,281.61,162.51,99.96,1,-1,-1,-1
121,2,1435.06,407.76,195.51,227.81,1,-1,-1,-1
121,3,864.71,117.04,117.05,121.17,1,-1,-1,-1
121,6,1089.88,247.33,176.70,158.90,1,-1,-1,-1
121,11,1260.05,205.82,140.60,112.97,1,-1,-1,-1
121,12,1532.64,194.84,111.10,95.93,1,-1,-1,-1
122,1,917.56,213.62,153.75,165.61,1,-1,-1,-1
122,2,1429.58,406.63,178.21,198.88,1,-1,-1,-1
122,3,864.95,117.04,113.90,121.18,1,-1,-1,-1
122,6,1085.97,245.75,173.62,161.35,1,-1,-1,-1
122,11,1259.39,205.73,141.27,113.20,1,-1,-1,-1
122,12,1532.64,194.81,111.16,95.96,1,-1,-1,-1
123,1,910.30,192.05,158.28,186.55,1,-1,-1,-1
123,2,1424.93,436.78,193.24,193.74,1,-1,-1,-1
123,3,865.06,116.65,112.82,121.41,1,-1,-1,-1
123,6,1089.48,245.88,180.89,163.22,1,-1,-1,-1
123,11,1259.72,205.75,140.95,112.87,1,-1,-1,-1
123,12,1532.53,194.72,111.29,96.21,1,-1,-1,-1
124,1,905.14,202.85,160.59,175.66,1,-1,-1,-1
124,2,1421.22,419.79,186.03,182.38,1,-1,-1,-1
124,3,865.37,115.15,114.05,123.36,1,-1,-1,-1
124,6,1089.83,245.46,188.64,161.62,1,-1,-1,-1
124,11,1259.24,205.73,141.44,113.01,1,-1,-1,-1
124,12,1532.34,194.82,111.68,95.70,1,-1,-1,-1
125,1,900.15,214.42,162.16,164.97,1,-1,-1,-1
125,2,1415.22,409.14,193.96,213.48,1,-1,-1,-1
125,3,864.90,116.25,115.84,121.20,1,-1,-1,-1
125,6,1083.43,245.23,199.68,164.64,1,-1,-1,-1
125,11,1259.13,205.78,141.42,113.11,1,-1,-1,-1
125,12,1532.53,195.14,111.83,95.60,1,-1,-1,-1
126,1,897.99,253.92,162.63,125.35,1,-1,-1,-1
126,2,1411.76,420.06,186.40,180.36,1,-1,-1,-1
126,3,864.96,116.31,115.26,120.84,1,-1,-1,-1
126,6,1082.57,245.16,205.10,164.24,1,-1,-1,-1
126,11,1257.73,205.70,142.85,114.01,1,-1,-1,-1
126,12,1532.20,193.60,112.45,96.86,1,-1,-1,-1
127,1,897.20,259.35,162.43,119.24,1,-1,-1,-1
127,2,1402.65,444.65,191.60,154.23,1,-1,-1,-1
127,3,864.95,116.32,114.70,120.84,1,-1,-1,-1
127,6,1073.56,246.67,212.79,165.19,1,-1,-1,-1
127,11,1258.90,205.92,141.68,112.65,1,-1,-1,-1
127,12,1532.41,193.42,112.32,96.71,1,-1,-1,-1
128,1,895.93,254.20,162.15,124.13,1,-1,-1,-1
128,2,1394.19,400.90,204.92,199.08,1,-1,-1,-1
128,3,865.00,116.27,114.44,120.86,1,-1,-1,-1
128,6,1078.02,246.01,204.76,162.84,1,-1,-1,-1
128,11,1257.29,205.79,143.38,112.72,1,-1,-1,-1
128,12,1532.36,193.71,112.46,96.29,1,-1,-1,-1
129,1,893.50,199.59,163.29,177.63,1,-1,-1,-1
129,2,1386.66,392.52,208.21,207.54,1,-1,-1,-1
129,3,865.48,116.03,113.45,121.23,1,-1,-1,-1
129,6,1084.67,246.36,190.24,159.62,1,-1,-1,-1
129,11,1258.86,205.79,141.77,112.87,1,-1,-1,-1
129,12,1532.17,193.37,112.64,96.56,1,-1,-1,-1
130,1,893.87,194.24,161.48,182.34,1,-1,-1,-1
130,2,1381.99,391.52,212.69,208.84,1,-1,-1,-1
130,3,864.80,115.68,115.59,121.88,1,-1,-1,-1
130,6,1091.97,246.32,174.57,158.11,1,-1,-1,-1
130,11,1258.65,205.75,141.95,113.10,1,-1,-1,-1
130,12,1532.16,193.51,112.43,96.51,1,-1,-1,-1
131,1,891.18,193.46,161.93,181.79,1,-1,-1,-1
131,2,1377.60,388.36,211.38,213.33,1,-1,-1,-1
131,3,864.95,116.58,116.41,121.28,1,-1,-1,-1
131,6,1086.30,246.13,173.82,160.07,1,-1,-1,-1
131,11,1258.54,205.77,141.98,112.74,1,-1,-1,-1
131,12,1532.34,195.08,112.21,95.06,1,-1,-1,-1
132,1,891.12,193.32,162.26,182.08,1,-1,-1,-1
132,2,1368.57,392.26,217.95,209.23,1,-1,-1,-1
132,3,865.72,117.37,116.82,120.12,1,-1,-1,-1
132,6,1086.20,244.78,184.06,165.70,1,-1,-1,-1
132,11,1259.14,205.72,141.50,112.78,1,-1,-1,-1
132,12,1532.35,195.01,112.32,95.45,1,-1,-1,-1
133,1,888.25,195.86,162.95,178.87,1,-1,-1,-1
133,2,1362.10,385.14,217.89,214.65,1,-1,-1,-1
133,3,865.35,118.48,118.30,121.95,1,-1,-1,-1
133,6,1089.70,245.78,190.02,165.23,1,-1,-1,-1
133,11,1259.18,205.58,141.54,113.82,1,-1,-1,-1
133,12,1532.48,195.40,112.59,94.86,1,-1,-1,-1
134,1,887.97,192.66,163.45,182.12,1,-1,-1,-1
134,2,1356.17,382.62,218.72,213.99,1,-1,-1,-1
134,3,865.80,119.39,118.17,118.17,1,-1,-1,-1
134,6,1080.50,244.70,205.09,166.23,1,-1,-1,-1
134,11,1257.07,205.87,143.45,113.19,1,-1,-1,-1
134,12,1532.29,195.12,112.61,94.98,1,-1,-1,-1
135,1,890.56,192.28,161.56,182.14,1,-1,-1,-1
135,2,1351.46,393.10,215.42,201.72,1,-1,-1,-1
135,3,865.84,118.71,118.57,118.29,1,-1,-1,-1
135,6,1082.58,246.03,204.06,164.60,1,-1,-1,-1
135,11,1258.57,205.62,141.95,113.34,1,-1,-1,-1
135,12,1532.12,195.13,112.72,95.39,1,-1,-1,-1
136,1,888.59,192.63,161.39,180.89,1,-1,-1,-1
136,2,1346.44,388.97,213.88,203.35,1,-1,-1,-1
136,3,865.54,119.21,116.80,118.23,1,-1,-1,-1
136,6,1080.65,246.61,204.98,162.64,1,-1,-1,-1
136,11,1259.41,205.74,140.43,112.74,1,-1,-1,-1
136,12,1532.58,195.00,111.60,94.97,1,-1,-1,-1
137,1,888.18,192.79,162.16,180.73,1,-1,-1,-1
137,2,1338.25,396.83,214.62,191.40,1,-1,-1,-1
137,3,865.38,119.02,117.34,118.17,1,-1,-1,-1
137,6,1079.05,245.85,197.41,162.64,1,-1,-1,-1
137,11,1259.18,205.66,140.82,113.08,1,-1,-1,-1
137,12,1532.76,195.01,111.48,94.87,1,-1,-1,-1
138,1,888.19,192.89,162.36,180.86,1,-1,-1,-1
138,2,1335.40,408.12,208.49,175.34,1,-1,-1,-1
138,3,865.24,119.15,118.28,118.16,1,-1,-1,-1
138,6,1086.65,245.66,185.86,161.84,1,-1,-1,-1
138,11,1258.64,205.67,141.49,113.12,1,-1,-1,-1
138,12,1532.65,194.88,111.74,94.94,1,-1,-1,-1
139,1,888.67,193.30,162.22,180.26,1,-1,-1,-1
139,2,1330.40,424.09,203.80,158.33,1,-1,-1,-1
139,3,865.48,119.29,117.90,118.20,1,-1,-1,-1
139,6,1091.04,245.25,174.41,164.32,1,-1,-1,-1
139,11,1259.08,205.55,141.14,113.28,1,-1,-1,-1
139,12,1532.80,195.25,111.67,94.44,1,-1,-1,-1
140,1,887.94,193.52,162.33,180.06,1,-1,-1,-1
140,2,1328.41,422.77,195.40,153.63,1,-1,-1,-1
140,3,865.37,118.99,117.86,118.66,1,-1,-1,-1
140,6,1082.53,245.99,182.50,159.90,1,-1,-1,-1
140,11,1259.44,205.75,140.53,113.34,1,-1,-1,-1
140,12,1532.02,195.73,113.46,93.75,1,-1,-1,-1
141,1,887.69,193.41,162.42,180.14,1,-1,-1,-1
141,2,1327.84,418.90,187.87,149.72,1,-1,-1,-1
141,3,865.36,118.89,117.93,118.79,1,-1,-1,-1
141,6,1081.13,245.76,191.80,161.75,1,-1,-1,-1
141,11,1259.11,205.81,140.78,113.17,1,-1,-1,-1
141,12,1532.87,195.63,111.69,93.89,1,-1,-1,-1
142,1,887.85,193.37,162.37,180.17,1,-1,-1,-1
142,2,1327.50,383.12,182.32,181.91,1,-1,-1,-1
142,3,865.41,118.82,117.73,118.80,1,-1,-1,-1
142,6,1077.66,245.64,207.29,161.97,1,-1,-1,-1
142,11,1258.86,205.80,141.04,113.21,1,-1,-1,-1
142,12,1531.88,195.73,113.65,93.98,1,-1,-1,-1
143,1,888.05,193.45,162.32,180.21,1,-1,-1,-1
143,2,1327.89,363.19,179.02,200.86,1,-1,-1,-1
143,3,865.35,119.00,117.70,118.69,1,-1,-1,-1
143,6,1080.32,245.95,206.80,163.33,1,-1,-1,-1
143,11,1258.82,205.78,141.06,113.08,1,-1,-1,-1
143,12,1531.63,195.28,113.31,94.64,1,-1,-1,-1
144,1,887.90,192.69,162.38,181.06,1,-1,-1,-1
144,2,1323.94,376.07,178.01,184.91,1,-1,-1,-1
144,3,865.29,119.18,117.90,118.55,1,-1,-1,-1
144,6,1072.35,244.85,208.71,166.16,1,-1,-1,-1
144,11,1258.63,205.82,141.17,112.93,1,-1,-1,-1
144,12,1531.68,195.34,113.25,94.48,1,-1,-1,-1
145,1,888.04,192.64,162.01,181.41,1,-1,-1,-1
145,2,1319.44,383.06,183.08,178.16,1,-1,-1,-1
145,3,865.32,119.27,117.64,118.55,1,-1,-1,-1
145,6,1084.51,245.65,191.41,161.84,1,-1,-1,-1
145,11,1258.92,205.79,140.86,112.91,1,-1,-1,-1
145,12,1531.78,195.33,113.12,94.32,1,-1,-1,-1
146,1,888.11,192.75,162.06,181.21,1,-1,-1,-1
146,2,1306.49,355.46,193.87,162.71,1,-1,-1,-1
146,3,865.33,119.22,117.81,118.58,1,-1,-1,-1
146,6,1080.15,246.80,195.91,160.83,1,-1,-1,-1
146,11,1258.97,205.82,140.81,112.96,1,-1,-1,-1
146,12,1531.81,195.29,113.12,94.31,1,-1,-1,-1
147,1,888.14,192.75,162.00,181.15,1,-1,-1,-1
147,2,1330.82,354.00,169.73,203.39,1,-1,-1,-1
147,3,865.34,119.35,117.79,118.44,1,-1,-1,-1
147,6,1088.06,246.64,175.09,158.48,1,-1,-1,-1
147,11,1259.20,205.87,140.60,112.98,1,-1,-1,-1
147,12,1531.90,195.26,113.05,94.38,1,-1,-1,-1
148,1,887.91,192.82,162.35,181.09,1,-1,-1,-1
148,2,1291.57,357.19,182.49,158.18,1,-1,-1,-1
148,3,865.34,119.40,117.75,118.38,1,-1,-1,-1
148,6,1087.78,245.82,173.96,161.10,1,-1,-1,-1
148,11,1259.21,205.86,140.58,112.97,1,-1,-1,-1
148,12,1531.94,195.29,113.07,94.04,1,-1,-1,-1
149,1,887.99,192.93,162.08,180.96,1,-1,-1,-1
149,2,1288.56,353.59,203.60,160.23,1,-1,-1,-1
149,3,865.33,119.30,117.84,118.50,1,-1,-1,-1
149,6,1083.15,244.79,184.14,165.60,1,-1,-1,-1
149,11,1259.03,205.90,140.78,112.91,1,-1,-1,-1
149,12,1532.05,195.31,112.99,93.84,1,-1,-1,-1
150,1,887.71,192.94,162.22,180.98,1,-1,-1,-1
150,2,1284.00,353.56,207.47,177.50,1,-1,-1,-1
150,3,865.32,118.32,118.07,119.49,1,-1,-1,-1
150,6,1083.91,245.08,194.96,165.96,1,-1,-1,-1
150,11,1258.73,205.90,141.10,112.88,1,-1,-1,-1
150,12,1532.05,195.35,112.96,93.84,1,-1,-1,-1
