2,1,939.78,226.41,164.34,165.68,1,-1,-1,-1
2,2,1112.05,269.23,169.82,164.00,1,-1,-1,-1
2,3,824.47,121.29,111.75,114.74,1,-1,-1,-1
2,4,1531.50,194.80,113.45,94.59,1,-1,-1,-1
3,1,937.58,211.94,166.86,174.12,1,-1,-1,-1
3,3,824.52,121.04,111.76,114.91,1,-1,-1,-1
3,4,1531.67,195.50,113.07,95.28,1,-1,-1,-1
3,6,1227.15,211.43,127.26,111.94,1,-1,-1,-1
4,1,937.48,208.33,167.35,177.70,1,-1,-1,-1
4,3,824.81,121.40,111.32,114.48,1,-1,-1,-1
4,4,1531.63,194.79,113.16,95.08,1,-1,-1,-1
4,6,1230.57,212.23,127.82,111.58,1,-1,-1,-1
4,7,1121.01,253.55,162.01,178.43,1,-1,-1,-1
5,1,934.67,207.15,161.37,177.83,1,-1,-1,-1
5,3,825.01,121.08,111.28,114.63,1,-1,-1,-1
5,4,1531.60,194.61,113.21,94.98,1,-1,-1,-1
5,6,1234.68,213.72,125.58,110.02,1,-1,-1,-1
5,7,1117.89,255.46,166.23,174.27,1,-1,-1,-1
6,1,937.86,206.79,163.60,180.51,1,-1,-1,-1
6,3,824.82,120.77,111.40,114.87,1,-1,-1,-1
6,4,1531.50,193.59,113.68,95.56,1,-1,-1,-1
6,6,1239.66,214.30,121.97,108.47,1,-1,-1,-1
6,7,1116.17,257.61,172.53,175.56,1,-1,-1,-1
7,1,937.49,206.70,162.87,181.01,1,-1,-1,-1
7,3,824.48,120.67,111.51,115.03,1,-1,-1,-1
7,4,1531.91,193.39,113.30,95.93,1,-1,-1,-1
7,6,1239.68,214.25,120.93,107.78,1,-1,-1,-1
7,7,1114.95,253.29,178.61,179.66,1,-1,-1,-1
8,1,937.39,206.63,162.05,181.19,1,-1,-1,-1
8,3,824.15,120.39,111.76,115.35,1,-1,-1,-1
8,4,1531.68,193.13,113.56,96.05,1,-1,-1,-1
8,6,1238.27,213.14,120.88,107.83,1,-1,-1,-1
8,7,1114.08,253.89,183.13,182.89,1,-1,-1,-1
9,1,937.82,206.74,162.23,181.54,1,-1,-1,-1
9,3,824.23,119.12,111.91,116.27,1,-1,-1,-1
9,4,1532.07,193.11,113.14,96.25,1,-1,-1,-1
9,5,1222.98,-0.00,140.53,109.80,1,-1,-1,-1
9,6,1235.40,212.42,122.46,108.51,1,-1,-1,-1
9,7,1116.47,255.57,183.56,181.36,1,-1,-1,-1
10,1,935.84,206.13,159.24,181.63,1,-1,-1,-1
10,3,824.47,118.91,111.71,116.54,1,-1,-1,-1
10,4,1532.27,193.14,112.83,96.38,1,-1,-1,-1
10,5,1223.14,-0.03,140.79,109.74,1,-1,-1,-1
10,6,1231.48,211.19,125.36,109.71,1,-1,-1,-1
10,7,1117.32,253.83,184.65,181.56,1,-1,-1,-1
11,1,939.35,231.28,160.82,165.17,1,-1,-1,-1
11,3,824.48,118.82,111.69,116.78,1,-1,-1,-1
11,4,1531.91,193.95,112.94,95.86,1,-1,-1,-1
11,6,1228.13,209.70,128.37,111.10,1,-1,-1,-1
11,7,1118.44,252.95,184.67,181.09,1,-1,-1,-1
12,1,940.60,243.24,161.59,154.51,1,-1,-1,-1
12,3,824.55,118.71,111.66,116.98,1,-1,-1,-1
12,4,1531.78,194.38,113.00,95.47,1,-1,-1,-1
12,5,1223.26,0.04,140.59,109.70,1,-1,-1,-1
12,6,1226.04,208.10,130.92,112.50,1,-1,-1,-1
12,7,1122.96,256.69,182.33,178.95,1,-1,-1,-1
13,1,940.65,241.55,162.66,152.70,1,-1,-1,-1
13,3,824.31,119.36,111.66,116.68,1,-1,-1,-1
13,4,1531.71,194.59,113.07,95.19,1,-1,-1,-1
13,5,1223.33,0.01,140.43,109.60,1,-1,-1,-1
13,6,1224.00,206.47,133.58,114.07,1,-1,-1,-1
13,7,1126.05,256.28,180.74,178.63,1,-1,-1,-1
14,1,940.54,242.74,163.37,150.44,1,-1,-1,-1
14,3,824.15,118.78,111.51,116.99,1,-1,-1,-1
14,4,1531.67,194.74,113.11,95.01,1,-1,-1,-1
14,5,1223.34,-0.14,140.20,109.20,1,-1,-1,-1
14,6,1223.84,204.40,135.41,115.73,1,-1,-1,-1
14,7,1132.95,257.66,176.98,176.14,1,-1,-1,-1
15,1,939.56,229.81,165.28,157.38,1,-1,-1,-1
15,3,823.80,118.22,111.69,117.34,1,-1,-1,-1
15,4,1531.59,194.83,113.29,94.85,1,-1,-1,-1
15,5,1223.26,-0.41,139.72,108.35,1,-1,-1,-1
15,6,1221.89,202.44,138.11,117.34,1,-1,-1,-1
15,7,1138.09,258.29,174.63,174.79,1,-1,-1,-1
16,1,939.08,226.06,166.01,161.04,1,-1,-1,-1
16,3,824.33,117.83,111.34,117.61,1,-1,-1,-1
16,4,1531.62,194.84,113.32,94.67,1,-1,-1,-1
16,5,1223.23,-0.33,139.32,107.86,1,-1,-1,-1
16,6,1224.21,202.41,138.30,117.33,1,-1,-1,-1
16,7,1145.30,258.55,170.62,171.32,1,-1,-1,-1
17,1,937.94,217.68,165.69,166.56,1,-1,-1,-1
17,3,824.45,117.54,110.75,118.02,1,-1,-1,-1
17,4,1531.65,195.44,113.01,95.16,1,-1,-1,-1
17,5,1223.34,0.08,139.30,108.10,1,-1,-1,-1
17,6,1228.59,203.31,137.12,116.75,1,-1,-1,-1
17,7,1149.55,263.00,167.43,167.05,1,-1,-1,-1
18,1,939.27,215.67,166.50,169.13,1,-1,-1,-1
18,3,824.62,118.49,109.13,117.72,1,-1,-1,-1
18,4,1531.65,195.07,113.03,94.97,1,-1,-1,-1
18,5,1223.46,0.67,139.68,109.13,1,-1,-1,-1
18,6,1230.90,202.52,136.96,115.69,1,-1,-1,-1
18,7,1153.59,263.43,166.68,163.63,1,-1,-1,-1
19,1,939.02,234.00,166.88,159.55,1,-1,-1,-1
19,3,823.04,118.48,108.58,117.81,1,-1,-1,-1
19,5,1223.62,0.34,139.60,109.18,1,-1,-1,-1
19,6,1234.71,201.55,135.62,114.85,1,-1,-1,-1
19,7,1155.66,263.59,168.09,162.63,1,-1,-1,-1
20,1,938.81,239.37,166.87,155.22,1,-1,-1,-1
20,3,822.51,118.38,108.55,117.99,1,-1,-1,-1
20,4,1531.67,195.56,112.85,95.68,1,-1,-1,-1
20,6,1237.19,201.59,134.77,113.95,1,-1,-1,-1
20,7,1157.08,263.96,170.11,162.14,1,-1,-1,-1
21,1,938.63,247.56,166.89,149.66,1,-1,-1,-1
21,3,820.24,120.11,109.75,117.21,1,-1,-1,-1
21,4,1531.62,195.00,113.00,95.47,1,-1,-1,-1
21,5,1223.98,0.23,139.67,109.30,1,-1,-1,-1
21,6,1240.11,203.32,134.28,113.38,1,-1,-1,-1
21,7,1158.52,263.94,172.42,162.10,1,-1,-1,-1
22,1,939.10,227.40,167.88,158.13,1,-1,-1,-1
22,3,819.72,121.07,110.15,116.59,1,-1,-1,-1
22,4,1531.53,194.68,113.10,95.43,1,-1,-1,-1
22,6,1243.40,204.64,133.64,112.91,1,-1,-1,-1
22,7,1160.60,259.42,174.14,164.51,1,-1,-1,-1
23,1,939.22,218.11,168.25,164.54,1,-1,-1,-1
23,3,819.52,121.30,110.43,116.23,1,-1,-1,-1
23,4,1531.70,195.03,112.78,95.83,1,-1,-1,-1
23,6,1251.15,205.57,130.04,112.08,1,-1,-1,-1
23,7,1163.64,260.81,173.76,163.17,1,-1,-1,-1
24,1,938.52,237.02,168.24,155.78,1,-1,-1,-1
24,3,819.56,120.96,110.56,116.09,1,-1,-1,-1
24,7,1171.76,234.53,189.09,181.71,1,-1,-1,-1
25,1,938.90,222.74,168.81,162.54,1,-1,-1,-1
25,3,820.79,120.46,109.92,116.24,1,-1,-1,-1
25,4,1531.92,195.13,112.49,96.10,1,-1,-1,-1
25,6,1255.93,206.50,129.64,111.91,1,-1,-1,-1
25,7,1169.18,252.43,184.73,177.02,1,-1,-1,-1
26,1,938.15,215.63,169.00,167.90,1,-1,-1,-1
26,3,821.79,119.61,109.31,116.19,1,-1,-1,-1
26,4,1532.05,195.00,112.30,96.45,1,-1,-1,-1
26,7,1177.93,232.85,192.13,191.18,1,-1,-1,-1
27,1,938.16,235.59,169.01,158.06,1,-1,-1,-1
27,3,825.05,119.25,107.39,115.93,1,-1,-1,-1
27,4,1532.20,195.10,112.28,96.61,1,-1,-1,-1
27,6,1266.45,207.03,127.61,111.47,1,-1,-1,-1
27,7,1178.97,248.92,182.98,186.29,1,-1,-1,-1
28,1,937.84,223.23,169.34,164.18,1,-1,-1,-1
28,3,826.06,118.87,106.41,116.12,1,-1,-1,-1
28,4,1532.34,194.87,112.06,96.40,1,-1,-1,-1
28,6,1268.26,207.69,128.27,110.86,1,-1,-1,-1
28,7,1152.99,246.35,195.09,189.59,1,-1,-1,-1
29,1,937.75,217.43,169.47,168.87,1,-1,-1,-1
29,3,827.74,120.10,104.94,116.10,1,-1,-1,-1
29,4,1532.30,195.20,112.02,96.43,1,-1,-1,-1
29,6,1272.03,207.62,127.37,110.31,1,-1,-1,-1
29,7,1145.18,246.13,203.05,191.66,1,-1,-1,-1
30,1,938.00,216.23,169.32,171.53,1,-1,-1,-1
30,3,826.82,120.88,105.80,115.41,1,-1,-1,-1
30,4,1532.58,194.94,111.88,96.16,1,-1,-1,-1
30,6,1274.32,206.80,126.87,109.84,1,-1,-1,-1
30,7,1146.61,250.52,206.69,190.78,1,-1,-1,-1
31,1,938.04,225.05,169.10,167.39,1,-1,-1,-1
31,3,827.99,120.55,105.96,115.28,1,-1,-1,-1
31,4,1532.54,194.96,111.89,96.13,1,-1,-1,-1
31,6,1273.86,206.03,127.91,110.02,1,-1,-1,-1
31,7,1145.59,257.53,211.82,190.28,1,-1,-1,-1
32,1,938.09,235.92,169.01,160.10,1,-1,-1,-1
32,3,827.59,120.07,106.58,115.53,1,-1,-1,-1
32,4,1532.29,194.74,112.26,95.87,1,-1,-1,-1
32,6,1275.22,205.88,127.18,110.06,1,-1,-1,-1
32,7,1142.19,254.77,219.51,194.16,1,-1,-1,-1
33,1,938.35,242.92,168.85,153.91,1,-1,-1,-1
33,3,826.16,121.78,107.40,115.37,1,-1,-1,-1
33,4,1532.42,194.74,112.07,95.81,1,-1,-1,-1
33,7,1143.29,246.44,226.25,202.20,1,-1,-1,-1
34,1,938.73,246.78,168.28,149.99,1,-1,-1,-1
34,3,825.86,121.16,108.82,115.10,1,-1,-1,-1
34,4,1532.49,194.80,111.92,95.81,1,-1,-1,-1
34,7,1142.37,242.86,233.69,209.14,1,-1,-1,-1
35,1,938.82,248.89,168.13,146.71,1,-1,-1,-1
35,3,829.76,117.96,109.34,115.88,1,-1,-1,-1
35,4,1532.18,194.66,112.34,95.63,1,-1,-1,-1
35,7,1151.22,243.24,234.47,211.97,1,-1,-1,-1
36,1,940.33,232.07,168.13,154.08,1,-1,-1,-1
36,3,828.23,117.07,112.59,116.24,1,-1,-1,-1
36,4,1532.29,194.08,112.26,96.00,1,-1,-1,-1
36,6,1272.34,206.85,128.73,110.74,1,-1,-1,-1
36,7,1135.52,229.87,223.38,197.05,1,-1,-1,-1
37,1,939.50,240.70,167.78,151.08,1,-1,-1,-1
37,3,828.97,115.17,114.32,117.37,1,-1,-1,-1
37,4,1532.31,193.95,112.18,96.28,1,-1,-1,-1
37,6,1271.58,206.57,129.44,110.85,1,-1,-1,-1
37,7,1128.11,227.23,208.96,187.27,1,-1,-1,-1
37,8,1220.36,319.15,179.76,152.02,1,-1,-1,-1
38,1,938.88,224.75,169.15,159.40,1,-1,-1,-1
38,3,827.46,113.52,117.15,118.78,1,-1,-1,-1
38,4,1532.29,193.74,112.15,96.55,1,-1,-1,-1
38,8,1154.11,254.20,252.74,215.62,1,-1,-1,-1
39,1,938.66,224.43,168.92,162.34,1,-1,-1,-1
39,3,827.01,112.49,118.99,119.78,1,-1,-1,-1
39,4,1532.36,193.66,112.14,96.71,1,-1,-1,-1
39,6,1270.98,206.60,130.10,111.06,1,-1,-1,-1
39,7,1131.17,233.63,194.81,174.40,1,-1,-1,-1
39,8,1198.24,291.34,224.92,192.08,1,-1,-1,-1
40,1,938.67,237.40,168.80,156.08,1,-1,-1,-1
40,3,827.35,111.66,120.05,120.46,1,-1,-1,-1
40,4,1532.38,193.60,112.14,96.76,1,-1,-1,-1
40,6,1270.47,206.79,130.56,111.43,1,-1,-1,-1
40,7,1136.89,237.13,185.17,164.81,1,-1,-1,-1
40,8,1215.14,298.24,212.60,185.03,1,-1,-1,-1
41,1,938.72,231.18,168.60,159.19,1,-1,-1,-1
41,3,827.35,111.06,120.87,121.28,1,-1,-1,-1
41,4,1532.11,194.73,112.10,96.63,1,-1,-1,-1
41,6,1269.61,206.89,131.28,111.78,1,-1,-1,-1
41,7,1137.89,239.32,179.81,158.68,1,-1,-1,-1
41,8,1225.06,300.81,207.86,184.97,1,-1,-1,-1
42,1,938.76,240.52,168.54,153.84,1,-1,-1,-1
42,3,826.52,111.10,121.87,121.92,1,-1,-1,-1
42,4,1532.00,195.12,112.08,96.60,1,-1,-1,-1
42,6,1268.93,206.71,131.95,111.87,1,-1,-1,-1
42,7,1144.53,241.17,175.26,154.73,1,-1,-1,-1
42,8,1232.24,302.84,203.34,185.55,1,-1,-1,-1
43,1,938.72,231.33,168.67,158.11,1,-1,-1,-1
43,3,825.40,111.06,122.10,122.34,1,-1,-1,-1
43,4,1531.97,195.32,112.11,96.59,1,-1,-1,-1
43,6,1269.53,206.68,131.80,111.91,1,-1,-1,-1
43,7,1145.87,244.60,177.90,155.38,1,-1,-1,-1
43,8,1239.61,309.08,196.14,181.57,1,-1,-1,-1
44,1,938.70,233.02,168.38,157.94,1,-1,-1,-1
44,3,824.98,110.77,122.69,122.93,1,-1,-1,-1
44,4,1531.93,195.41,112.18,96.57,1,-1,-1,-1
44,6,1270.49,206.95,131.20,112.27,1,-1,-1,-1
44,7,1146.37,244.29,181.82,157.82,1,-1,-1,-1
44,8,1247.60,319.48,189.92,177.62,1,-1,-1,-1
45,1,938.70,230.89,168.29,159.56,1,-1,-1,-1
45,3,824.58,111.96,123.23,122.62,1,-1,-1,-1
45,4,1532.24,195.04,112.08,96.19,1,-1,-1,-1
45,6,1269.60,206.78,131.64,112.48,1,-1,-1,-1
45,7,1143.50,242.95,186.12,159.80,1,-1,-1,-1
45,8,1255.26,326.18,185.47,174.84,1,-1,-1,-1
46,1,939.22,219.55,168.85,165.74,1,-1,-1,-1
46,3,824.12,112.41,123.68,122.44,1,-1,-1,-1
46,4,1532.34,194.95,112.04,95.90,1,-1,-1,-1
46,6,1269.05,206.71,131.83,112.67,1,-1,-1,-1
46,7,1140.17,240.48,182.23,161.20,1,-1,-1,-1
46,8,1261.68,329.50,182.27,172.50,1,-1,-1,-1
47,1,938.62,236.19,169.15,157.85,1,-1,-1,-1
47,3,823.77,112.43,124.08,122.43,1,-1,-1,-1
47,4,1532.49,194.95,111.96,95.56,1,-1,-1,-1
47,6,1269.34,206.56,131.59,112.64,1,-1,-1,-1
47,7,1140.91,242.71,176.95,160.09,1,-1,-1,-1
47,8,1268.00,339.49,177.91,163.56,1,-1,-1,-1
48,1,938.46,245.25,169.12,151.47,1,-1,-1,-1
48,3,823.62,112.36,124.41,122.55,1,-1,-1,-1
48,4,1532.48,195.04,111.84,95.39,1,-1,-1,-1
48,6,1269.00,206.56,131.79,112.79,1,-1,-1,-1
48,7,1146.80,245.82,170.04,157.65,1,-1,-1,-1
48,8,1271.98,334.21,176.57,162.96,1,-1,-1,-1
49,1,938.52,245.45,168.85,149.63,1,-1,-1,-1
49,3,823.06,111.85,124.46,123.05,1,-1,-1,-1
49,4,1532.13,194.95,112.29,95.22,1,-1,-1,-1
49,6,1267.93,206.49,132.47,112.90,1,-1,-1,-1
49,7,1150.98,247.75,164.64,155.61,1,-1,-1,-1
49,8,1275.74,322.88,178.70,170.27,1,-1,-1,-1
50,1,938.54,236.82,168.65,153.61,1,-1,-1,-1
50,3,823.55,111.45,124.39,123.41,1,-1,-1,-1
50,4,1531.89,194.72,112.63,95.32,1,-1,-1,-1
50,6,1269.43,206.24,131.75,112.60,1,-1,-1,-1
50,7,1153.10,250.57,164.38,154.40,1,-1,-1,-1
50,8,1280.02,326.35,182.27,171.50,1,-1,-1,-1
51,1,938.70,235.52,168.31,155.04,1,-1,-1,-1
51,3,824.14,110.89,125.74,124.43,1,-1,-1,-1
51,6,1269.54,206.13,131.68,112.31,1,-1,-1,-1
51,7,1156.35,252.92,163.74,153.33,1,-1,-1,-1
51,8,1283.30,323.00,185.44,176.29,1,-1,-1,-1
52,1,938.85,238.48,167.97,153.80,1,-1,-1,-1
52,3,824.39,110.90,127.02,125.52,1,-1,-1,-1
52,4,1530.83,196.03,113.30,96.76,1,-1,-1,-1
52,6,1269.45,206.04,131.75,111.97,1,-1,-1,-1
52,7,1160.84,254.66,162.59,151.93,1,-1,-1,-1
52,8,1283.05,330.05,190.37,176.24,1,-1,-1,-1
53,1,938.93,247.65,167.84,148.07,1,-1,-1,-1
53,3,824.91,111.08,127.28,126.04,1,-1,-1,-1
53,4,1531.44,195.38,112.93,96.50,1,-1,-1,-1
53,6,1269.87,206.09,131.38,111.66,1,-1,-1,-1
53,7,1167.79,258.06,165.71,153.90,1,-1,-1,-1
53,8,1285.16,342.48,193.23,170.92,1,-1,-1,-1
54,1,939.08,250.91,167.59,144.64,1,-1,-1,-1
54,3,825.23,110.94,127.29,126.33,1,-1,-1,-1
54,4,1531.61,195.13,112.75,96.34,1,-1,-1,-1
54,6,1272.03,206.44,129.90,111.59,1,-1,-1,-1
54,7,1173.24,261.55,171.30,155.29,1,-1,-1,-1
54,8,1287.28,347.40,194.62,167.18,1,-1,-1,-1
55,1,939.49,230.03,168.73,154.33,1,-1,-1,-1
55,3,827.76,111.18,128.03,127.08,1,-1,-1,-1
55,4,1531.63,195.08,112.62,96.26,1,-1,-1,-1
55,6,1271.31,206.51,129.87,111.69,1,-1,-1,-1
55,7,1177.89,262.38,175.20,157.10,1,-1,-1,-1
55,8,1290.00,352.48,193.99,164.46,1,-1,-1,-1
56,1,940.03,220.60,168.88,161.46,1,-1,-1,-1
56,3,830.13,111.62,127.80,127.28,1,-1,-1,-1
56,4,1531.87,194.67,112.69,95.85,1,-1,-1,-1
56,6,1272.19,206.59,129.08,111.58,1,-1,-1,-1
56,7,1181.74,264.08,178.02,159.30,1,-1,-1,-1
56,8,1294.07,351.68,191.82,166.04,1,-1,-1,-1
57,1,939.27,234.00,168.59,157.09,1,-1,-1,-1
57,3,831.84,112.27,127.95,127.39,1,-1,-1,-1
57,4,1531.81,194.97,112.60,95.96,1,-1,-1,-1
57,6,1272.32,206.53,128.66,111.54,1,-1,-1,-1
57,7,1181.33,262.94,176.03,161.08,1,-1,-1,-1
57,8,1298.86,349.92,187.25,166.70,1,-1,-1,-1
58,1,939.01,233.31,168.41,157.85,1,-1,-1,-1
58,3,837.58,114.31,126.90,127.30,1,-1,-1,-1
58,4,1531.92,195.04,112.51,95.99,1,-1,-1,-1
58,6,1251.46,209.75,141.56,118.30,1,-1,-1,-1
58,7,1201.02,288.89,173.33,150.24,1,-1,-1,-1
58,8,1305.63,352.30,182.32,165.70,1,-1,-1,-1
59,1,938.92,234.74,168.25,157.36,1,-1,-1,-1
59,3,841.94,117.34,125.84,126.12,1,-1,-1,-1
59,4,1531.97,195.08,112.45,96.00,1,-1,-1,-1
59,6,1246.82,214.34,148.12,127.76,1,-1,-1,-1
59,7,1203.71,301.87,171.91,142.04,1,-1,-1,-1
59,8,1313.28,348.55,178.63,167.33,1,-1,-1,-1
60,1,938.88,241.47,168.19,153.26,1,-1,-1,-1
60,3,845.15,118.72,125.22,125.36,1,-1,-1,-1
60,4,1531.93,195.12,112.51,96.06,1,-1,-1,-1
60,6,1245.00,214.05,152.14,133.94,1,-1,-1,-1
60,7,1209.58,311.26,165.20,136.09,1,-1,-1,-1
60,8,1317.44,345.85,176.50,170.24,1,-1,-1,-1
61,1,938.90,245.83,168.10,149.61,1,-1,-1,-1
61,3,847.93,116.66,124.64,126.87,1,-1,-1,-1
61,6,1252.40,205.38,149.45,127.46,1,-1,-1,-1
61,7,1217.24,318.38,160.42,133.32,1,-1,-1,-1
61,8,1317.97,342.24,178.02,173.73,1,-1,-1,-1
62,1,938.96,248.16,167.98,146.93,1,-1,-1,-1
62,3,851.04,116.47,125.51,127.76,1,-1,-1,-1
62,6,1254.33,203.47,148.04,123.44,1,-1,-1,-1
62,8,1274.21,331.65,208.96,185.47,1,-1,-1,-1
63,1,938.89,243.57,168.02,148.48,1,-1,-1,-1
63,3,852.41,117.57,126.31,128.05,1,-1,-1,-1
63,4,1531.65,194.43,112.95,95.40,1,-1,-1,-1
63,6,1254.79,203.23,147.35,120.39,1,-1,-1,-1
63,8,1251.43,324.05,230.82,190.61,1,-1,-1,-1
64,1,938.68,234.29,168.45,153.68,1,-1,-1,-1
64,3,854.09,120.32,126.68,126.84,1,-1,-1,-1
64,4,1531.64,194.43,113.09,95.06,1,-1,-1,-1
64,6,1255.27,203.54,146.63,118.10,1,-1,-1,-1
64,7,1214.08,318.63,160.99,126.64,1,-1,-1,-1
64,8,1286.90,335.00,222.56,188.27,1,-1,-1,-1
65,1,938.36,224.88,169.06,160.46,1,-1,-1,-1
65,3,857.42,121.32,127.62,126.64,1,-1,-1,-1
65,4,1531.82,194.90,112.74,95.23,1,-1,-1,-1
65,6,1254.66,204.36,146.75,116.90,1,-1,-1,-1
65,7,1212.92,317.65,166.15,127.61,1,-1,-1,-1
65,8,1304.61,355.87,216.40,180.94,1,-1,-1,-1
66,1,938.12,218.03,169.48,166.47,1,-1,-1,-1
66,3,860.94,121.63,128.28,126.81,1,-1,-1,-1
66,4,1531.67,194.08,113.05,95.31,1,-1,-1,-1
66,6,1255.52,204.90,146.19,115.99,1,-1,-1,-1
66,7,1215.86,304.11,170.02,133.53,1,-1,-1,-1
66,8,1315.39,358.11,212.68,180.96,1,-1,-1,-1
67,1,938.07,215.43,169.54,170.56,1,-1,-1,-1
67,3,863.79,126.42,129.80,124.45,1,-1,-1,-1
67,4,1531.82,194.23,112.87,95.70,1,-1,-1,-1
67,6,1255.65,205.37,145.96,115.42,1,-1,-1,-1
67,7,1215.65,293.21,179.11,141.07,1,-1,-1,-1
67,8,1322.75,361.89,207.54,180.03,1,-1,-1,-1
68,1,938.15,216.33,169.39,172.26,1,-1,-1,-1
68,3,866.33,125.24,130.69,125.00,1,-1,-1,-1
68,4,1531.85,193.69,113.05,95.56,1,-1,-1,-1
68,6,1254.95,205.56,146.20,114.91,1,-1,-1,-1
68,7,1217.94,289.86,182.45,143.94,1,-1,-1,-1
69,1,938.20,214.48,169.33,174.48,1,-1,-1,-1
69,3,867.41,126.77,131.94,124.32,1,-1,-1,-1
69,4,1532.20,193.53,112.66,95.62,1,-1,-1,-1
69,6,1254.22,205.65,146.63,114.55,1,-1,-1,-1
69,7,1217.27,304.65,179.75,136.12,1,-1,-1,-1
69,8,1337.90,354.94,201.04,186.67,1,-1,-1,-1
70,1,938.21,212.86,169.29,176.40,1,-1,-1,-1
70,3,868.75,125.93,133.82,125.05,1,-1,-1,-1
70,4,1531.87,193.59,112.89,95.60,1,-1,-1,-1
70,6,1254.01,205.77,146.83,114.29,1,-1,-1,-1
70,7,1220.52,307.69,176.51,137.33,1,-1,-1,-1
70,8,1346.07,373.46,195.08,178.36,1,-1,-1,-1
71,1,938.25,212.57,169.27,177.47,1,-1,-1,-1
71,3,870.48,125.37,134.87,125.07,1,-1,-1,-1
71,4,1531.62,194.31,112.99,95.21,1,-1,-1,-1
71,6,1253.91,205.84,146.97,114.04,1,-1,-1,-1
71,7,1225.05,306.09,173.75,137.61,1,-1,-1,-1
71,8,1353.59,378.15,190.72,174.61,1,-1,-1,-1
72,1,938.16,212.19,169.33,178.22,1,-1,-1,-1
72,3,871.26,125.04,135.41,125.21,1,-1,-1,-1
72,4,1531.55,194.57,113.02,95.05,1,-1,-1,-1
72,6,1254.18,206.07,146.93,114.11,1,-1,-1,-1
72,7,1222.77,309.84,175.02,137.09,1,-1,-1,-1
72,8,1360.72,372.66,190.25,178.88,1,-1,-1,-1
73,1,938.09,211.78,169.38,178.86,1,-1,-1,-1
73,3,871.39,124.93,136.26,125.80,1,-1,-1,-1
73,4,1531.89,194.83,112.55,95.08,1,-1,-1,-1
73,6,1254.21,206.21,146.96,114.21,1,-1,-1,-1
73,7,1224.00,309.28,166.50,130.91,1,-1,-1,-1
73,8,1367.50,368.93,189.43,183.22,1,-1,-1,-1
74,1,938.06,211.33,169.45,179.44,1,-1,-1,-1
74,3,871.09,124.91,136.24,125.95,1,-1,-1,-1
74,4,1532.05,194.95,112.34,95.15,1,-1,-1,-1
74,6,1254.22,206.22,146.97,114.19,1,-1,-1,-1
74,7,1234.84,313.82,172.61,132.35,1,-1,-1,-1
74,8,1372.98,378.20,190.85,182.02,1,-1,-1,-1
75,1,938.08,210.91,169.47,180.07,1,-1,-1,-1
75,3,871.48,124.73,136.01,126.31,1,-1,-1,-1
75,4,1532.31,194.89,112.09,95.05,1,-1,-1,-1
75,6,1255.36,206.02,146.33,114.13,1,-1,-1,-1
75,7,1229.72,306.08,177.77,137.75,1,-1,-1,-1
75,8,1380.06,379.74,192.84,183.94,1,-1,-1,-1
76,1,938.09,210.89,169.45,180.36,1,-1,-1,-1
76,3,871.07,124.75,135.71,126.59,1,-1,-1,-1
76,4,1532.46,194.92,111.90,94.97,1,-1,-1,-1
76,6,1255.67,205.91,145.98,114.01,1,-1,-1,-1
76,7,1223.81,298.49,181.95,143.06,1,-1,-1,-1
76,8,1385.42,383.36,195.26,184.84,1,-1,-1,-1
77,1,938.11,210.80,169.45,180.68,1,-1,-1,-1
77,3,870.13,126.01,135.77,126.07,1,-1,-1,-1
77,4,1532.44,194.94,111.86,94.96,1,-1,-1,-1
77,6,1255.94,205.90,145.68,113.95,1,-1,-1,-1
77,8,1390.75,393.54,198.84,185.26,1,-1,-1,-1
78,1,938.13,211.00,169.43,180.78,1,-1,-1,-1
78,3,869.15,126.32,136.23,125.81,1,-1,-1,-1
78,4,1532.41,194.94,111.84,94.79,1,-1,-1,-1
78,6,1256.12,205.97,145.48,114.02,1,-1,-1,-1
78,7,1225.80,303.23,185.62,143.67,1,-1,-1,-1
78,8,1394.32,407.11,203.03,181.86,1,-1,-1,-1
78,9,1224.66,-0.05,143.68,110.82,1,-1,-1,-1
79,1,938.06,209.95,169.48,181.29,1,-1,-1,-1
79,3,868.27,126.61,136.71,125.68,1,-1,-1,-1
79,4,1532.15,195.09,111.85,94.83,1,-1,-1,-1
79,6,1256.20,205.88,145.31,113.91,1,-1,-1,-1
79,7,1228.42,306.58,186.47,148.36,1,-1,-1,-1
79,8,1397.78,410.07,206.32,183.31,1,-1,-1,-1
79,9,1224.89,-0.03,144.04,111.01,1,-1,-1,-1
80,1,938.02,208.72,169.57,181.88,1,-1,-1,-1
80,3,867.64,126.89,137.12,125.55,1,-1,-1,-1
80,4,1532.07,195.08,111.99,94.82,1,-1,-1,-1
80,6,1255.60,205.95,145.39,113.85,1,-1,-1,-1
80,7,1224.26,299.60,186.54,156.62,1,-1,-1,-1
80,8,1399.71,399.15,209.54,192.94,1,-1,-1,-1
80,9,1225.60,0.02,143.49,110.76,1,-1,-1,-1
81,1,937.99,208.12,169.63,182.36,1,-1,-1,-1
81,3,867.29,126.93,137.40,125.49,1,-1,-1,-1
81,4,1532.10,195.20,112.02,94.85,1,-1,-1,-1
81,6,1254.89,206.20,145.61,114.01,1,-1,-1,-1
81,8,1403.93,397.25,210.60,199.31,1,-1,-1,-1
81,9,1225.99,0.04,143.37,110.73,1,-1,-1,-1
82,1,937.95,207.84,169.66,182.68,1,-1,-1,-1
82,3,867.08,126.86,137.68,125.49,1,-1,-1,-1
82,4,1532.20,195.18,112.04,94.73,1,-1,-1,-1
82,6,1254.84,206.31,145.65,114.16,1,-1,-1,-1
82,7,1216.79,294.88,196.12,157.83,1,-1,-1,-1
82,8,1409.19,403.51,207.80,199.38,1,-1,-1,-1
82,9,1226.19,0.01,143.27,110.65,1,-1,-1,-1
83,1,937.94,207.53,169.68,183.08,1,-1,-1,-1
83,3,866.98,126.82,137.51,125.36,1,-1,-1,-1
83,4,1532.12,195.29,112.13,94.78,1,-1,-1,-1
83,6,1255.13,206.33,145.53,114.22,1,-1,-1,-1
83,8,1415.92,420.56,204.88,190.82,1,-1,-1,-1
83,9,1226.41,0.07,143.43,110.83,1,-1,-1,-1
84,1,937.97,207.70,169.68,183.18,1,-1,-1,-1
84,3,866.36,126.63,137.07,125.15,1,-1,-1,-1
84,4,1532.04,195.29,112.22,94.73,1,-1,-1,-1
84,6,1255.28,206.34,145.41,114.27,1,-1,-1,-1
84,8,1423.74,431.56,200.31,186.86,1,-1,-1,-1
84,9,1226.53,-0.00,143.42,110.75,1,-1,-1,-1
85,1,937.99,207.58,169.68,183.43,1,-1,-1,-1
85,3,865.72,126.14,137.29,125.18,1,-1,-1,-1
85,4,1531.98,195.37,112.28,94.75,1,-1,-1,-1
85,6,1254.67,206.26,145.74,114.36,1,-1,-1,-1
85,7,1218.36,289.25,202.96,161.97,1,-1,-1,-1
85,8,1431.86,425.74,196.25,191.23,1,-1,-1,-1
85,9,1226.53,-0.02,143.50,110.72,1,-1,-1,-1
86,1,938.02,207.71,169.70,183.57,1,-1,-1,-1
86,3,865.19,125.38,137.37,125.29,1,-1,-1,-1
86,4,1531.96,195.39,112.34,94.85,1,-1,-1,-1
86,6,1254.52,206.18,145.93,114.40,1,-1,-1,-1
86,7,1216.94,289.42,203.84,165.79,1,-1,-1,-1
86,8,1438.42,430.41,192.91,190.76,1,-1,-1,-1
86,9,1226.51,-0.04,143.49,110.65,1,-1,-1,-1
87,1,937.98,207.21,169.71,183.93,1,-1,-1,-1
87,3,865.04,124.39,137.06,125.25,1,-1,-1,-1
87,4,1531.91,195.44,112.29,94.95,1,-1,-1,-1
87,6,1254.80,206.20,145.81,114.47,1,-1,-1,-1
87,7,1218.54,290.80,200.72,166.23,1,-1,-1,-1
87,8,1442.84,432.81,189.95,190.12,1,-1,-1,-1
87,9,1226.45,0.04,143.36,110.70,1,-1,-1,-1
88,1,937.95,206.56,169.73,184.35,1,-1,-1,-1
88,3,864.34,122.48,136.64,125.87,1,-1,-1,-1
88,4,1531.95,195.41,112.26,94.98,1,-1,-1,-1
88,6,1255.32,206.16,145.47,114.47,1,-1,-1,-1
88,7,1220.99,291.18,193.83,165.98,1,-1,-1,-1
88,8,1445.94,434.69,188.96,189.89,1,-1,-1,-1
88,9,1226.52,-0.00,143.30,110.64,1,-1,-1,-1
89,1,938.44,205.90,169.35,184.48,1,-1,-1,-1
89,3,864.07,121.17,135.69,126.06,1,-1,-1,-1
89,4,1532.00,195.42,112.21,95.02,1,-1,-1,-1
89,6,1256.02,206.12,144.93,114.32,1,-1,-1,-1
89,7,1218.33,291.40,192.00,167.09,1,-1,-1,-1
89,8,1448.68,426.93,190.30,195.51,1,-1,-1,-1
89,9,1226.47,-0.04,143.16,110.52,1,-1,-1,-1
90,1,938.65,205.54,169.07,184.57,1,-1,-1,-1
90,3,863.35,119.18,133.81,126.86,1,-1,-1,-1
90,4,1531.96,195.48,112.25,95.14,1,-1,-1,-1
90,6,1256.16,206.17,144.67,114.17,1,-1,-1,-1
90,7,1216.86,294.34,193.48,164.22,1,-1,-1,-1
90,8,1445.20,425.48,195.11,197.96,1,-1,-1,-1
90,9,1226.49,-0.11,142.86,110.26,1,-1,-1,-1
91,1,938.79,205.54,168.96,184.58,1,-1,-1,-1
91,3,862.67,118.31,131.58,127.21,1,-1,-1,-1
91,4,1531.98,195.39,112.21,95.19,1,-1,-1,-1
91,6,1259.03,206.14,142.85,113.89,1,-1,-1,-1
91,7,1217.51,297.98,197.41,159.98,1,-1,-1,-1
91,8,1448.71,436.05,196.56,196.04,1,-1,-1,-1
91,9,1226.66,-0.12,142.74,110.07,1,-1,-1,-1
92,1,938.85,205.76,168.85,184.45,1,-1,-1,-1
92,3,862.15,117.65,130.07,127.36,1,-1,-1,-1
92,7,1211.50,276.12,204.70,170.47,1,-1,-1,-1
92,8,1443.01,426.45,202.35,203.54,1,-1,-1,-1
92,9,1226.71,-0.24,142.36,109.62,1,-1,-1,-1
93,1,938.89,206.11,168.76,184.23,1,-1,-1,-1
93,3,861.83,117.09,129.13,127.15,1,-1,-1,-1
93,7,1205.76,245.32,209.03,188.91,1,-1,-1,-1
93,8,1440.58,445.24,206.46,194.84,1,-1,-1,-1
93,9,1226.87,-0.28,142.03,109.19,1,-1,-1,-1
94,1,938.56,207.38,168.98,183.81,1,-1,-1,-1
94,3,861.55,116.28,129.06,127.36,1,-1,-1,-1
94,4,1532.02,195.29,112.08,95.00,1,-1,-1,-1
94,6,1264.99,206.17,138.47,113.68,1,-1,-1,-1
94,7,1206.40,259.44,206.98,186.54,1,-1,-1,-1
94,8,1440.02,450.87,209.31,192.73,1,-1,-1,-1
94,9,1227.06,-0.10,141.88,109.11,1,-1,-1,-1
95,1,938.43,208.02,169.12,183.41,1,-1,-1,-1
95,3,861.64,116.01,128.72,127.25,1,-1,-1,-1
95,4,1532.07,195.25,111.97,94.85,1,-1,-1,-1
95,7,1203.76,234.57,205.34,198.90,1,-1,-1,-1
95,8,1439.94,435.26,210.02,201.89,1,-1,-1,-1
95,9,1227.02,-0.02,141.98,109.07,1,-1,-1,-1
96,1,938.37,208.96,169.16,182.83,1,-1,-1,-1
96,3,860.61,116.57,128.96,126.57,1,-1,-1,-1
96,4,1532.09,194.49,112.04,95.01,1,-1,-1,-1
96,6,1266.76,206.20,135.89,113.24,1,-1,-1,-1
96,7,1200.47,262.57,199.63,187.13,1,-1,-1,-1
96,8,1439.60,426.72,205.71,205.30,1,-1,-1,-1
96,9,1226.86,0.14,141.93,109.24,1,-1,-1,-1
97,1,938.35,209.58,169.18,182.29,1,-1,-1,-1
97,3,860.51,118.56,128.63,125.03,1,-1,-1,-1
97,4,1532.12,194.14,112.12,95.11,1,-1,-1,-1
97,6,1269.29,206.24,133.22,112.97,1,-1,-1,-1
97,7,1192.89,264.37,196.18,180.93,1,-1,-1,-1
97,8,1443.23,425.42,204.02,210.73,1,-1,-1,-1
97,9,1226.79,0.23,141.82,109.44,1,-1,-1,-1
98,1,938.39,209.48,169.20,182.22,1,-1,-1,-1
98,3,860.46,118.39,129.11,124.63,1,-1,-1,-1
98,4,1532.08,193.90,112.22,95.24,1,-1,-1,-1
98,6,1267.12,206.13,133.77,112.75,1,-1,-1,-1
98,7,1185.53,286.42,199.89,163.58,1,-1,-1,-1
98,9,1226.69,0.14,141.66,109.44,1,-1,-1,-1
99,1,939.28,207.92,168.87,182.28,1,-1,-1,-1
99,3,861.45,117.71,129.27,124.59,1,-1,-1,-1
99,4,1532.18,193.87,112.10,95.34,1,-1,-1,-1
99,6,1268.32,206.10,132.83,112.71,1,-1,-1,-1
99,7,1177.55,275.11,204.06,165.04,1,-1,-1,-1
99,9,1226.19,0.29,141.61,109.73,1,-1,-1,-1
100,1,941.70,208.99,167.40,181.18,1,-1,-1,-1
100,3,861.29,117.07,128.04,124.24,1,-1,-1,-1
100,4,1532.26,193.88,112.00,95.41,1,-1,-1,-1
100,6,1270.37,206.09,131.28,112.61,1,-1,-1,-1
100,7,1170.61,268.66,208.30,168.05,1,-1,-1,-1
101,1,941.70,208.49,167.00,181.10,1,-1,-1,-1
101,3,861.84,116.01,127.22,124.06,1,-1,-1,-1
101,4,1532.25,194.57,111.80,95.19,1,-1,-1,-1
101,6,1271.20,206.05,130.34,112.45,1,-1,-1,-1
101,7,1160.78,267.12,211.16,169.16,1,-1,-1,-1
101,8,1450.08,423.07,206.54,212.20,1,-1,-1,-1
102,1,943.52,210.39,165.61,179.82,1,-1,-1,-1
102,3,862.03,116.38,126.04,123.80,1,-1,-1,-1
102,4,1532.29,194.70,111.66,95.10,1,-1,-1,-1
102,6,1270.52,205.96,130.34,112.29,1,-1,-1,-1
102,7,1151.35,262.66,211.67,166.12,1,-1,-1,-1
102,8,1452.14,421.33,211.32,215.39,1,-1,-1,-1
103,1,944.98,211.79,164.32,178.59,1,-1,-1,-1
103,3,862.09,116.33,124.45,123.73,1,-1,-1,-1
103,4,1532.35,194.88,111.50,95.11,1,-1,-1,-1
103,6,1271.39,205.93,129.65,111.98,1,-1,-1,-1
103,7,1140.67,263.45,212.50,167.66,1,-1,-1,-1
103,8,1450.28,428.61,213.83,214.05,1,-1,-1,-1
104,1,946.71,212.76,162.79,177.56,1,-1,-1,-1
104,3,862.41,116.39,122.96,123.53,1,-1,-1,-1
104,4,1532.43,194.94,111.40,95.11,1,-1,-1,-1
104,6,1268.64,206.13,131.13,112.12,1,-1,-1,-1
104,7,1129.02,261.79,209.69,165.72,1,-1,-1,-1
104,8,1448.13,423.67,215.70,218.20,1,-1,-1,-1
105,1,947.16,212.45,161.93,177.28,1,-1,-1,-1
105,3,862.84,116.36,121.47,123.51,1,-1,-1,-1
105,4,1532.45,194.98,111.33,95.14,1,-1,-1,-1
105,6,1265.27,206.03,133.44,112.36,1,-1,-1,-1
105,7,1120.51,259.47,205.92,165.10,1,-1,-1,-1
105,8,1447.65,427.47,217.48,219.09,1,-1,-1,-1
106,1,946.28,211.61,161.82,177.59,1,-1,-1,-1
106,3,863.18,116.59,120.38,123.24,1,-1,-1,-1
106,4,1532.48,195.07,111.30,95.15,1,-1,-1,-1
106,6,1261.68,205.82,136.29,112.48,1,-1,-1,-1
106,7,1113.19,255.20,200.38,162.70,1,-1,-1,-1
106,8,1449.57,425.69,218.26,217.58,1,-1,-1,-1
107,1,945.92,211.91,161.44,177.53,1,-1,-1,-1
107,3,863.43,116.99,119.55,122.97,1,-1,-1,-1
107,4,1532.48,195.09,111.30,95.09,1,-1,-1,-1
107,6,1260.83,205.74,137.77,112.62,1,-1,-1,-1
107,7,1107.14,254.89,192.80,162.36,1,-1,-1,-1
107,8,1450.68,421.51,216.47,219.30,1,-1,-1,-1
108,1,947.35,218.34,161.01,174.02,1,-1,-1,-1
108,3,863.86,117.53,119.27,122.64,1,-1,-1,-1
108,4,1532.57,195.00,111.27,95.00,1,-1,-1,-1
108,6,1260.27,205.65,138.84,112.77,1,-1,-1,-1
108,7,1100.44,253.45,186.47,161.90,1,-1,-1,-1
108,8,1453.67,423.14,213.92,222.97,1,-1,-1,-1
109,1,939.47,218.38,157.31,173.23,1,-1,-1,-1
109,3,863.90,117.85,118.74,122.52,1,-1,-1,-1
109,4,1532.63,195.01,111.20,94.92,1,-1,-1,-1
109,6,1260.06,205.65,139.48,112.87,1,-1,-1,-1
109,7,1094.16,253.57,184.85,162.82,1,-1,-1,-1
109,8,1458.17,446.94,208.99,207.72,1,-1,-1,-1
110,1,937.02,216.53,154.23,173.60,1,-1,-1,-1
110,3,864.24,118.53,118.63,122.10,1,-1,-1,-1
110,4,1532.67,195.10,111.15,94.94,1,-1,-1,-1
110,6,1260.01,205.76,139.87,112.92,1,-1,-1,-1
110,7,1089.59,251.44,184.98,162.98,1,-1,-1,-1
110,8,1464.52,433.28,204.25,212.11,1,-1,-1,-1
111,1,936.09,214.63,151.27,174.61,1,-1,-1,-1
111,3,864.27,118.41,118.47,122.02,1,-1,-1,-1
111,4,1532.68,195.13,111.14,95.01,1,-1,-1,-1
111,6,1259.79,205.75,140.23,112.94,1,-1,-1,-1
111,7,1091.96,250.19,182.94,162.92,1,-1,-1,-1
111,8,1467.63,427.39,202.04,214.45,1,-1,-1,-1
112,1,932.54,247.36,152.09,154.77,1,-1,-1,-1
112,3,864.32,119.32,118.28,121.45,1,-1,-1,-1
112,4,1532.68,195.04,111.14,95.11,1,-1,-1,-1
112,6,1259.68,205.72,140.49,112.94,1,-1,-1,-1
112,7,1093.19,250.37,181.08,163.06,1,-1,-1,-1
112,8,1466.26,422.53,201.75,216.64,1,-1,-1,-1
113,1,930.07,224.43,149.15,158.92,1,-1,-1,-1
113,3,864.12,118.60,117.86,121.35,1,-1,-1,-1
113,4,1532.65,195.01,111.15,95.17,1,-1,-1,-1
113,6,1259.54,205.72,140.71,112.94,1,-1,-1,-1
113,7,1094.77,248.20,180.40,163.16,1,-1,-1,-1
113,8,1462.79,417.25,204.54,214.78,1,-1,-1,-1
114,3,864.20,118.01,117.48,121.48,1,-1,-1,-1
114,4,1532.67,194.94,111.15,95.19,1,-1,-1,-1
114,6,1259.37,205.70,140.93,112.93,1,-1,-1,-1
114,7,1096.34,249.47,179.42,161.44,1,-1,-1,-1
114,8,1457.30,410.30,206.88,205.13,1,-1,-1,-1
115,3,864.31,117.62,117.10,121.61,1,-1,-1,-1
115,4,1532.69,194.87,111.17,95.22,1,-1,-1,-1
115,6,1259.05,205.69,141.27,112.97,1,-1,-1,-1
115,7,1094.73,249.65,180.90,161.84,1,-1,-1,-1
115,8,1463.32,409.88,195.33,197.71,1,-1,-1,-1
116,1,927.43,224.46,152.38,160.45,1,-1,-1,-1
116,3,864.30,117.25,116.59,121.82,1,-1,-1,-1
116,4,1532.71,194.85,111.15,95.25,1,-1,-1,-1
116,6,1258.83,205.68,141.54,112.97,1,-1,-1,-1
116,7,1090.68,248.04,184.84,162.25,1,-1,-1,-1
116,8,1456.18,414.93,201.48,201.14,1,-1,-1,-1
117,1,921.84,211.55,150.97,167.52,1,-1,-1,-1
117,3,864.42,118.14,116.20,121.78,1,-1,-1,-1
117,4,1532.70,194.84,111.14,95.28,1,-1,-1,-1
117,6,1258.73,205.69,141.72,113.00,1,-1,-1,-1
117,7,1087.91,245.81,188.45,162.63,1,-1,-1,-1
117,8,1453.34,419.49,207.07,208.51,1,-1,-1,-1
118,1,919.48,245.66,157.47,146.54,1,-1,-1,-1
118,3,865.01,117.34,116.77,121.99,1,-1,-1,-1
118,4,1532.67,194.91,111.14,95.34,1,-1,-1,-1
118,6,1258.79,205.65,141.78,112.96,1,-1,-1,-1
118,7,1085.37,246.71,191.74,163.35,1,-1,-1,-1
118,8,1448.31,418.40,210.16,214.94,1,-1,-1,-1
119,1,916.79,223.21,161.91,157.45,1,-1,-1,-1
119,3,865.45,117.29,117.70,121.89,1,-1,-1,-1
119,4,1532.67,194.89,111.12,95.36,1,-1,-1,-1
119,6,1258.98,205.71,141.71,112.93,1,-1,-1,-1
119,7,1085.48,245.78,190.99,162.40,1,-1,-1,-1
119,8,1441.65,416.77,207.63,218.66,1,-1,-1,-1
120,1,913.01,252.85,165.60,137.94,1,-1,-1,-1
120,3,865.25,117.54,118.01,121.56,1,-1,-1,-1
120,4,1532.69,194.91,111.09,95.43,1,-1,-1,-1
120,6,1259.30,205.77,141.51,112.95,1,-1,-1,-1
120,7,1083.68,245.75,188.96,162.28,1,-1,-1,-1
120,8,1435.22,411.63,200.65,215.06,1,-1,-1,-1
121,1,911.14,265.72,166.02,126.07,1,-1,-1,-1
121,3,864.71,117.10,117.76,121.46,1,-1,-1,-1
121,4,1532.66,194.97,111.09,95.57,1,-1,-1,-1
121,6,1259.58,205.79,141.31,112.99,1,-1,-1,-1
121,7,1084.40,245.82,185.59,161.34,1,-1,-1,-1
121,8,1433.41,411.28,199.58,218.64,1,-1,-1,-1
122,1,911.97,240.76,163.76,135.20,1,-1,-1,-1
122,3,864.12,116.96,116.71,121.38,1,-1,-1,-1
122,4,1532.66,194.95,111.11,95.67,1,-1,-1,-1
122,6,1259.42,205.77,141.34,113.08,1,-1,-1,-1
122,7,1082.21,245.50,182.29,161.29,1,-1,-1,-1
122,8,1426.15,404.19,193.99,213.58,1,-1,-1,-1
123,1,908.53,219.67,163.95,147.33,1,-1,-1,-1
123,3,863.94,116.72,115.65,121.38,1,-1,-1,-1
123,4,1532.61,194.91,111.16,95.82,1,-1,-1,-1
123,6,1259.51,205.71,141.27,113.05,1,-1,-1,-1
123,7,1085.71,245.85,181.89,161.78,1,-1,-1,-1
123,8,1424.24,421.29,194.04,208.12,1,-1,-1,-1
124,1,904.91,213.94,163.54,154.42,1,-1,-1,-1
124,3,864.50,116.03,115.23,121.91,1,-1,-1,-1
124,4,1532.53,194.84,111.30,95.78,1,-1,-1,-1
124,6,1259.33,205.70,141.36,113.07,1,-1,-1,-1
124,7,1088.90,245.32,183.71,161.74,1,-1,-1,-1
124,8,1419.75,415.52,192.18,201.02,1,-1,-1,-1
125,1,900.93,215.85,163.20,157.15,1,-1,-1,-1
125,3,864.82,115.98,115.40,121.72,1,-1,-1,-1
125,4,1532.63,195.00,111.44,95.73,1,-1,-1,-1
125,6,1259.17,205.74,141.42,113.12,1,-1,-1,-1
125,7,1087.75,245.53,188.10,162.62,1,-1,-1,-1
125,8,1416.09,413.44,192.90,204.52,1,-1,-1,-1
126,1,897.93,234.75,163.64,147.62,1,-1,-1,-1
126,3,864.85,115.97,115.36,121.48,1,-1,-1,-1
126,4,1532.54,194.31,111.72,96.04,1,-1,-1,-1
126,6,1258.46,205.86,141.86,113.40,1,-1,-1,-1
126,7,1087.07,245.35,192.78,163.16,1,-1,-1,-1
126,8,1410.94,413.00,191.41,197.82,1,-1,-1,-1
127,1,896.29,245.93,163.78,139.14,1,-1,-1,-1
127,3,864.76,116.02,115.18,121.31,1,-1,-1,-1
127,4,1532.58,193.84,111.89,96.23,1,-1,-1,-1
127,6,1258.66,205.75,141.85,113.23,1,-1,-1,-1
127,7,1081.60,246.36,198.31,163.85,1,-1,-1,-1
127,8,1404.01,425.64,192.49,184.77,1,-1,-1,-1
128,1,895.08,248.97,163.30,134.73,1,-1,-1,-1
128,3,864.74,116.05,114.97,121.18,1,-1,-1,-1
128,4,1532.55,193.75,112.05,96.25,1,-1,-1,-1
128,6,1258.01,205.66,142.31,113.13,1,-1,-1,-1
128,7,1080.00,245.79,200.13,163.63,1,-1,-1,-1
128,8,1398.69,412.00,196.13,188.87,1,-1,-1,-1
129,1,892.75,225.81,164.56,145.25,1,-1,-1,-1
129,3,864.90,116.00,114.55,121.19,1,-1,-1,-1
129,4,1532.42,193.54,112.21,96.34,1,-1,-1,-1
129,6,1258.41,205.68,142.20,113.09,1,-1,-1,-1
129,7,1080.71,245.25,197.46,162.57,1,-1,-1,-1
129,8,1391.79,402.26,199.80,194.18,1,-1,-1,-1
130,1,891.80,212.48,164.59,154.39,1,-1,-1,-1
130,3,865.00,115.88,114.84,121.38,1,-1,-1,-1
130,4,1532.30,193.53,112.28,96.39,1,-1,-1,-1
130,6,1258.47,205.71,142.17,113.13,1,-1,-1,-1
130,7,1083.29,244.93,191.21,161.40,1,-1,-1,-1
130,8,1386.47,397.26,203.64,198.46,1,-1,-1,-1
131,1,890.02,205.03,164.34,161.32,1,-1,-1,-1
131,3,865.24,116.27,115.27,121.36,1,-1,-1,-1
131,4,1532.32,194.27,112.26,96.03,1,-1,-1,-1
131,6,1258.45,205.66,142.16,113.05,1,-1,-1,-1
131,7,1081.57,245.31,186.44,161.00,1,-1,-1,-1
131,8,1380.77,393.50,206.09,202.73,1,-1,-1,-1
132,1,889.57,200.90,164.05,166.68,1,-1,-1,-1
132,3,865.84,116.73,115.69,121.02,1,-1,-1,-1
132,4,1532.35,194.64,112.28,95.87,1,-1,-1,-1
132,6,1258.74,205.63,142.02,113.01,1,-1,-1,-1
132,7,1083.64,245.73,185.82,162.24,1,-1,-1,-1
132,8,1373.70,393.12,209.58,204.80,1,-1,-1,-1
133,1,887.85,199.40,163.87,169.90,1,-1,-1,-1
133,3,866.03,118.03,116.41,121.30,1,-1,-1,-1
133,4,1532.50,194.95,112.36,95.59,1,-1,-1,-1
133,6,1258.91,205.73,141.93,113.26,1,-1,-1,-1
133,7,1088.00,246.23,186.98,163.08,1,-1,-1,-1
133,8,1366.26,389.06,212.15,207.77,1,-1,-1,-1
134,1,887.19,196.83,163.87,173.16,1,-1,-1,-1
134,3,866.25,118.36,116.90,120.43,1,-1,-1,-1
134,4,1532.42,194.96,112.43,95.43,1,-1,-1,-1
134,6,1257.97,205.79,142.39,113.28,1,-1,-1,-1
134,7,1086.32,245.70,191.97,164.06,1,-1,-1,-1
134,8,1359.41,385.29,214.22,209.74,1,-1,-1,-1
135,1,888.35,195.09,163.32,175.55,1,-1,-1,-1
135,3,866.34,118.21,117.35,119.85,1,-1,-1,-1
135,4,1532.29,195.07,112.51,95.42,1,-1,-1,-1
135,6,1258.24,205.68,142.31,113.33,1,-1,-1,-1
135,7,1085.99,245.93,195.32,164.28,1,-1,-1,-1
135,8,1352.91,388.14,214.77,207.72,1,-1,-1,-1
136,1,887.63,194.03,162.84,177.00,1,-1,-1,-1
136,3,865.76,118.57,117.20,119.40,1,-1,-1,-1
136,4,1532.31,194.95,112.26,95.29,1,-1,-1,-1
136,6,1258.61,205.59,141.83,113.19,1,-1,-1,-1
136,7,1084.22,246.00,198.00,163.88,1,-1,-1,-1
136,8,1346.92,387.23,214.74,206.72,1,-1,-1,-1
137,1,887.37,193.48,162.70,178.03,1,-1,-1,-1
137,3,865.57,118.64,117.24,119.07,1,-1,-1,-1
137,4,1532.46,194.92,112.04,95.17,1,-1,-1,-1
137,6,1258.76,205.60,141.59,113.19,1,-1,-1,-1
137,7,1080.61,245.61,197.88,163.58,1,-1,-1,-1
137,8,1339.55,390.04,214.97,202.60,1,-1,-1,-1
138,1,887.39,193.22,162.64,178.82,1,-1,-1,-1
138,3,865.57,118.81,117.52,118.82,1,-1,-1,-1
138,4,1532.53,194.85,111.95,95.11,1,-1,-1,-1
138,6,1258.64,205.61,141.60,113.20,1,-1,-1,-1
138,7,1082.05,245.25,194.62,163.12,1,-1,-1,-1
138,8,1333.74,396.28,213.68,195.03,1,-1,-1,-1
139,1,887.73,193.17,162.55,179.24,1,-1,-1,-1
139,3,865.61,119.01,117.62,118.65,1,-1,-1,-1
139,4,1532.66,194.98,111.87,94.92,1,-1,-1,-1
139,6,1258.81,205.57,141.51,113.25,1,-1,-1,-1
139,7,1083.88,245.44,189.12,163.37,1,-1,-1,-1
139,8,1327.58,407.33,211.82,184.61,1,-1,-1,-1
140,1,887.46,193.22,162.52,179.49,1,-1,-1,-1
140,3,865.52,119.01,117.69,118.66,1,-1,-1,-1
140,4,1532.55,195.25,112.30,94.60,1,-1,-1,-1
140,6,1259.01,205.69,141.28,113.30,1,-1,-1,-1
140,7,1081.53,245.09,187.30,162.42,1,-1,-1,-1
140,8,1322.96,411.46,207.91,176.04,1,-1,-1,-1
141,1,887.25,193.16,162.52,179.70,1,-1,-1,-1
141,3,865.48,118.97,117.75,118.69,1,-1,-1,-1
141,4,1532.66,195.37,112.12,94.40,1,-1,-1,-1
141,6,1258.96,205.73,141.17,113.29,1,-1,-1,-1
141,7,1081.83,245.32,188.53,162.25,1,-1,-1,-1
141,8,1320.35,411.20,202.80,168.86,1,-1,-1,-1
142,1,887.29,193.11,162.51,179.85,1,-1,-1,-1
142,3,865.44,118.90,117.75,118.72,1,-1,-1,-1
142,4,1532.45,195.53,112.53,94.28,1,-1,-1,-1
142,6,1258.85,205.75,141.17,113.29,1,-1,-1,-1
142,7,1082.42,245.39,193.67,162.23,1,-1,-1,-1
142,8,1319.27,395.34,197.31,171.98,1,-1,-1,-1
143,1,887.46,193.14,162.48,179.98,1,-1,-1,-1
143,3,865.39,118.97,117.74,118.72,1,-1,-1,-1
143,4,1532.07,195.44,112.74,94.38,1,-1,-1,-1
143,6,1258.79,205.72,141.17,113.26,1,-1,-1,-1
143,7,1083.41,245.87,197.30,162.61,1,-1,-1,-1
143,8,1319.41,379.69,192.83,178.86,1,-1,-1,-1
144,1,887.46,192.83,162.49,180.30,1,-1,-1,-1
144,3,865.36,119.08,117.78,118.67,1,-1,-1,-1
144,4,1531.91,195.39,112.88,94.40,1,-1,-1,-1
144,6,1258.65,205.71,141.20,113.20,1,-1,-1,-1
144,7,1078.30,245.79,200.49,163.68,1,-1,-1,-1
144,8,1317.88,377.59,188.79,180.32,1,-1,-1,-1
145,1,887.51,192.70,162.39,180.63,1,-1,-1,-1
145,3,865.32,119.19,117.74,118.64,1,-1,-1,-1
145,4,1531.87,195.34,112.94,94.38,1,-1,-1,-1
145,6,1258.73,205.70,141.14,113.14,1,-1,-1,-1
145,7,1080.48,245.32,198.05,163.20,1,-1,-1,-1
145,8,1316.21,379.84,187.19,179.69,1,-1,-1,-1
146,1,887.62,192.64,162.33,180.82,1,-1,-1,-1
146,3,865.35,119.21,117.76,118.62,1,-1,-1,-1
146,4,1531.86,195.30,112.99,94.36,1,-1,-1,-1
146,6,1258.80,205.73,141.08,113.12,1,-1,-1,-1
146,7,1079.76,245.79,197.50,162.58,1,-1,-1,-1
146,8,1309.54,360.08,189.09,174.72,1,-1,-1,-1
147,1,887.70,192.60,162.26,180.94,1,-1,-1,-1
147,3,865.36,119.28,117.77,118.57,1,-1,-1,-1
147,4,1531.89,195.28,113.00,94.36,1,-1,-1,-1
147,6,1258.95,205.78,140.98,113.10,1,-1,-1,-1
147,7,1080.81,245.52,191.38,161.50,1,-1,-1,-1
147,8,1317.94,360.68,184.24,181.47,1,-1,-1,-1
148,1,887.67,192.61,162.32,181.01,1,-1,-1,-1
148,3,865.35,119.34,117.76,118.52,1,-1,-1,-1
148,4,1531.94,195.22,113.02,94.27,1,-1,-1,-1
148,6,1259.02,205.79,140.90,113.09,1,-1,-1,-1
148,7,1081.90,245.62,186.61,161.34,1,-1,-1,-1
148,8,1299.03,353.00,183.94,174.74,1,-1,-1,-1
149,1,887.67,192.66,162.28,181.02,1,-1,-1,-1
149,3,865.36,119.32,117.78,118.52,1,-1,-1,-1
149,4,1532.01,195.20,113.01,94.15,1,-1,-1,-1
149,6,1258.99,205.82,140.89,113.06,1,-1,-1,-1
149,7,1082.05,245.86,185.95,162.47,1,-1,-1,-1
149,8,1294.17,349.45,189.34,170.33,1,-1,-1,-1
150,1,887.53,192.70,162.29,181.04,1,-1,-1,-1
150,3,865.39,118.86,117.87,118.78,1,-1,-1,-1
150,4,1532.04,195.23,112.99,94.06,1,-1,-1,-1
150,6,1258.84,205.83,140.98,113.04,1,-1,-1,-1
150,7,1084.79,245.97,188.44,163.47,1,-1,-1,-1
150,8,1289.30,351.98,194.32,172.41,1,-1,-1,-1
