2,1,585.79,404.24,157.03,171.76,1,-1,-1,-1
2,2,1669.67,463.20,152.02,150.68,1,-1,-1,-1
2,3,1077.00,526.80,135.55,166.62,1,-1,-1,-1
2,4,1028.23,614.08,92.15,105.00,1,-1,-1,-1
2,5,1600.02,529.58,91.64,91.14,1,-1,-1,-1
2,7,304.93,116.47,93.99,69.77,1,-1,-1,-1
2,8,1521.95,117.56,92.21,70.36,1,-1,-1,-1
2,9,1644.77,123.09,93.09,67.58,1,-1,-1,-1
2,10,182.08,121.43,95.07,68.18,1,-1,-1,-1
3,1,605.88,397.19,147.31,164.60,1,-1,-1,-1
3,2,1700.91,465.29,145.71,144.47,1,-1,-1,-1
3,3,1097.44,530.92,136.36,161.44,1,-1,-1,-1
3,4,1037.85,607.49,101.85,116.47,1,-1,-1,-1
3,5,1610.70,523.09,98.33,92.18,1,-1,-1,-1
3,7,304.94,116.80,91.77,69.40,1,-1,-1,-1
3,8,1522.71,117.08,92.32,71.09,1,-1,-1,-1
3,9,1646.42,123.32,92.06,67.86,1,-1,-1,-1
3,10,180.55,120.72,95.75,67.84,1,-1,-1,-1
3,11,1171.21,639.88,80.48,86.92,1,-1,-1,-1
4,1,619.29,393.53,144.68,162.94,1,-1,-1,-1
4,2,1705.21,453.24,155.45,150.14,1,-1,-1,-1
4,3,1103.66,528.98,136.67,159.50,1,-1,-1,-1
4,4,1043.48,602.99,108.78,125.83,1,-1,-1,-1
4,5,1622.27,529.16,99.62,87.90,1,-1,-1,-1
4,7,305.41,117.25,91.27,69.90,1,-1,-1,-1
4,8,1522.89,116.75,91.99,70.86,1,-1,-1,-1
4,9,1646.99,122.85,92.20,68.34,1,-1,-1,-1
4,10,180.56,120.52,94.95,66.94,1,-1,-1,-1
4,11,1169.09,638.33,85.32,89.28,1,-1,-1,-1
5,1,629.89,399.20,139.64,155.32,1,-1,-1,-1
5,2,1714.63,447.57,153.75,147.97,1,-1,-1,-1
5,3,1077.45,523.11,157.44,185.10,1,-1,-1,-1
5,5,1625.54,516.58,98.38,89.70,1,-1,-1,-1
5,7,305.99,117.43,91.67,71.05,1,-1,-1,-1
5,8,1522.26,117.82,92.65,70.71,1,-1,-1,-1
5,9,1646.30,122.76,93.38,68.52,1,-1,-1,-1
5,10,180.17,120.57,95.96,67.42,1,-1,-1,-1
6,1,639.21,403.33,134.52,147.13,1,-1,-1,-1
6,2,1719.67,443.32,156.72,149.12,1,-1,-1,-1
6,3,1071.86,520.26,168.02,194.37,1,-1,-1,-1
6,5,1642.14,504.43,109.62,98.65,1,-1,-1,-1
6,7,306.21,117.20,91.70,71.45,1,-1,-1,-1
6,8,1522.69,117.91,91.83,69.94,1,-1,-1,-1
6,9,1645.85,122.56,94.14,68.73,1,-1,-1,-1
6,10,180.28,120.69,96.84,67.55,1,-1,-1,-1
7,1,656.04,400.21,131.12,144.42,1,-1,-1,-1
7,2,1732.16,440.17,161.83,151.78,1,-1,-1,-1
7,3,1058.99,532.34,167.51,189.11,1,-1,-1,-1
7,5,1652.72,498.93,113.13,104.11,1,-1,-1,-1
7,7,306.72,117.42,92.04,72.03,1,-1,-1,-1
7,8,1522.14,117.76,91.06,69.24,1,-1,-1,-1
7,9,1645.17,122.40,94.29,69.54,1,-1,-1,-1
7,10,179.14,120.79,98.38,67.72,1,-1,-1,-1
8,1,668.10,401.12,128.35,138.91,1,-1,-1,-1
8,2,1729.52,441.76,173.27,161.21,1,-1,-1,-1
8,3,1047.39,540.16,164.07,178.22,1,-1,-1,-1
8,7,306.84,117.65,92.78,72.66,1,-1,-1,-1
8,8,1521.81,117.66,90.81,68.91,1,-1,-1,-1
8,9,1644.90,122.29,94.20,69.53,1,-1,-1,-1
8,10,178.21,120.80,99.58,67.89,1,-1,-1,-1
9,1,672.13,402.58,126.86,135.41,1,-1,-1,-1
9,2,1725.80,441.58,180.44,166.72,1,-1,-1,-1
9,3,1044.29,543.80,162.40,171.74,1,-1,-1,-1
9,7,306.79,117.63,93.22,73.03,1,-1,-1,-1
9,8,1521.76,117.66,90.67,68.71,1,-1,-1,-1
9,9,1644.80,122.27,94.15,69.51,1,-1,-1,-1
9,10,178.46,120.84,99.83,67.77,1,-1,-1,-1
10,1,684.79,400.60,126.93,136.20,1,-1,-1,-1
10,2,1745.07,435.77,170.78,162.10,1,-1,-1,-1
10,3,1025.88,575.25,138.85,147.53,1,-1,-1,-1
10,4,1086.87,547.41,155.30,178.50,1,-1,-1,-1
10,5,1683.30,497.50,126.76,109.22,1,-1,-1,-1
10,7,306.81,117.67,93.17,72.94,1,-1,-1,-1
10,8,1522.86,117.75,90.52,68.56,1,-1,-1,-1
10,9,1643.73,122.32,94.30,70.59,1,-1,-1,-1
10,10,178.05,121.20,100.18,68.06,1,-1,-1,-1
10,11,1194.14,668.19,75.70,79.59,1,-1,-1,-1
11,1,688.79,399.14,127.38,137.22,1,-1,-1,-1
11,2,1753.38,434.07,164.07,159.03,1,-1,-1,-1
11,3,1022.61,587.49,120.98,132.79,1,-1,-1,-1
11,4,1106.04,553.15,151.56,179.19,1,-1,-1,-1
11,5,1685.39,498.72,130.33,108.41,1,-1,-1,-1
11,7,306.75,117.77,93.16,72.95,1,-1,-1,-1
11,8,1523.28,117.81,90.49,68.43,1,-1,-1,-1
11,9,1643.34,122.10,94.32,71.30,1,-1,-1,-1
11,10,177.88,121.30,100.49,68.31,1,-1,-1,-1
12,1,695.25,401.96,123.22,135.54,1,-1,-1,-1
12,2,1763.15,434.07,153.41,145.47,1,-1,-1,-1
12,4,1088.40,552.40,164.21,192.72,1,-1,-1,-1
12,5,1698.63,511.81,126.34,103.40,1,-1,-1,-1
12,7,306.47,117.93,93.19,72.91,1,-1,-1,-1
12,8,1523.77,117.98,90.35,68.28,1,-1,-1,-1
12,9,1643.72,121.41,93.70,71.30,1,-1,-1,-1
12,10,177.84,121.16,100.14,68.22,1,-1,-1,-1
13,1,702.94,405.23,118.62,132.21,1,-1,-1,-1
13,4,1081.86,558.87,169.61,200.21,1,-1,-1,-1
13,5,1712.92,486.97,147.65,124.70,1,-1,-1,-1
13,7,306.32,117.95,93.12,72.82,1,-1,-1,-1
13,8,1523.86,118.22,89.92,68.08,1,-1,-1,-1
13,9,1643.84,120.91,93.26,71.20,1,-1,-1,-1
13,10,178.35,120.85,99.29,67.76,1,-1,-1,-1
14,1,708.35,405.76,115.25,131.05,1,-1,-1,-1
14,4,1051.39,576.13,184.55,200.74,1,-1,-1,-1
14,5,1723.50,469.06,160.86,139.86,1,-1,-1,-1
14,7,306.23,117.92,92.92,72.53,1,-1,-1,-1
14,8,1523.66,118.34,89.90,68.12,1,-1,-1,-1
14,9,1644.14,120.87,92.89,70.73,1,-1,-1,-1
14,10,178.59,120.80,98.58,67.49,1,-1,-1,-1
15,1,712.59,405.55,112.26,129.87,1,-1,-1,-1
15,4,1047.01,564.89,197.15,205.69,1,-1,-1,-1
15,5,1741.34,461.04,163.99,146.68,1,-1,-1,-1
15,7,306.20,117.91,92.96,72.58,1,-1,-1,-1
15,8,1523.20,118.48,90.20,68.29,1,-1,-1,-1
15,9,1644.31,121.26,92.49,70.09,1,-1,-1,-1
15,10,178.59,120.99,98.12,67.36,1,-1,-1,-1
16,1,720.74,403.74,110.32,127.42,1,-1,-1,-1
16,5,1751.40,456.82,162.20,150.70,1,-1,-1,-1
16,7,306.10,117.81,93.89,73.27,1,-1,-1,-1
16,8,1522.02,118.78,91.26,68.91,1,-1,-1,-1
16,9,1644.38,121.79,92.69,69.58,1,-1,-1,-1
16,10,178.06,121.06,98.63,67.55,1,-1,-1,-1
17,1,728.18,401.68,107.62,125.31,1,-1,-1,-1
17,5,1742.34,447.48,174.19,163.40,1,-1,-1,-1
17,7,306.19,117.56,94.09,73.64,1,-1,-1,-1
17,8,1522.15,118.71,91.74,69.39,1,-1,-1,-1
17,9,1644.96,122.03,92.45,68.84,1,-1,-1,-1
17,10,177.93,121.08,99.16,67.72,1,-1,-1,-1
17,12,1048.53,572.29,81.95,70.22,1,-1,-1,-1
18,1,737.45,400.49,103.54,123.63,1,-1,-1,-1
18,2,1806.35,435.26,122.26,130.75,1,-1,-1,-1
18,3,990.75,648.66,102.24,112.67,1,-1,-1,-1
18,5,1733.53,476.62,165.68,149.01,1,-1,-1,-1
18,7,306.28,117.64,94.20,73.79,1,-1,-1,-1
18,8,1521.89,118.23,92.24,69.78,1,-1,-1,-1
18,9,1645.08,122.42,92.63,68.31,1,-1,-1,-1
18,10,177.98,120.83,100.09,68.17,1,-1,-1,-1
18,13,1143.79,668.30,97.47,118.37,1,-1,-1,-1
19,1,741.34,400.38,100.79,122.56,1,-1,-1,-1
19,2,1811.63,437.73,112.44,126.46,1,-1,-1,-1
19,3,990.07,652.48,104.46,112.70,1,-1,-1,-1
19,5,1731.90,490.62,158.49,138.31,1,-1,-1,-1
19,7,306.33,117.56,94.36,74.01,1,-1,-1,-1
19,8,1522.15,117.00,92.38,70.54,1,-1,-1,-1
19,9,1645.06,122.59,92.78,67.96,1,-1,-1,-1
19,10,177.74,120.67,100.97,68.61,1,-1,-1,-1
19,13,1141.53,665.96,99.17,125.86,1,-1,-1,-1
20,1,745.89,398.82,98.65,121.08,1,-1,-1,-1
20,2,1818.83,438.95,104.16,124.06,1,-1,-1,-1
20,5,1736.43,494.55,151.28,132.63,1,-1,-1,-1
20,7,305.97,117.73,94.20,74.34,1,-1,-1,-1
20,8,1521.64,116.22,92.52,71.50,1,-1,-1,-1
20,9,1645.06,122.71,92.70,67.42,1,-1,-1,-1
20,10,177.53,120.08,101.68,69.08,1,-1,-1,-1
20,13,1160.12,659.06,92.60,124.99,1,-1,-1,-1
21,1,749.66,397.74,95.74,120.36,1,-1,-1,-1
21,4,1011.04,608.82,228.80,195.42,1,-1,-1,-1
21,5,1744.15,465.32,161.92,147.09,1,-1,-1,-1
21,7,305.61,117.57,93.94,74.47,1,-1,-1,-1
21,8,1521.00,115.55,92.56,72.03,1,-1,-1,-1
21,9,1645.33,122.57,92.78,67.12,1,-1,-1,-1
21,10,178.18,118.96,101.50,69.00,1,-1,-1,-1
21,14,1047.86,565.32,84.11,85.64,1,-1,-1,-1
22,1,753.22,395.46,93.84,120.52,1,-1,-1,-1
22,5,1744.04,462.19,162.93,152.74,1,-1,-1,-1
22,7,305.58,117.28,93.19,74.31,1,-1,-1,-1
22,8,1521.22,115.49,92.22,72.17,1,-1,-1,-1
22,9,1645.44,122.66,93.17,66.91,1,-1,-1,-1
22,10,178.18,117.92,101.38,68.55,1,-1,-1,-1
22,14,1050.73,571.63,114.71,123.34,1,-1,-1,-1
23,1,759.99,390.44,93.85,119.16,1,-1,-1,-1
23,3,985.79,673.32,84.42,91.79,1,-1,-1,-1
23,5,1765.77,494.90,153.42,139.46,1,-1,-1,-1
23,7,304.72,116.12,92.64,74.71,1,-1,-1,-1
23,8,1521.43,116.44,91.94,72.01,1,-1,-1,-1
23,9,1645.26,122.55,93.94,67.07,1,-1,-1,-1
23,10,177.84,118.10,100.50,67.87,1,-1,-1,-1
23,14,1054.43,561.62,131.16,139.12,1,-1,-1,-1
24,1,762.25,388.77,93.82,118.24,1,-1,-1,-1
24,3,987.52,675.98,79.64,86.88,1,-1,-1,-1
24,5,1776.01,509.80,145.75,129.46,1,-1,-1,-1
24,7,304.51,115.56,92.23,74.97,1,-1,-1,-1
24,8,1521.48,116.88,91.79,71.89,1,-1,-1,-1
24,9,1645.13,122.48,94.43,67.13,1,-1,-1,-1
24,10,177.93,118.23,99.65,67.11,1,-1,-1,-1
24,14,1053.99,557.84,137.39,144.50,1,-1,-1,-1
25,1,764.45,385.06,95.22,117.97,1,-1,-1,-1
25,5,1781.25,511.06,140.46,123.43,1,-1,-1,-1
25,7,304.92,114.38,91.66,74.60,1,-1,-1,-1
25,8,1520.27,117.02,93.15,72.09,1,-1,-1,-1
25,9,1644.76,121.75,94.36,67.78,1,-1,-1,-1
25,10,176.94,117.02,100.21,67.64,1,-1,-1,-1
25,14,1059.09,554.79,143.74,148.93,1,-1,-1,-1
26,1,774.80,376.46,97.86,117.53,1,-1,-1,-1
26,5,1779.13,497.99,138.27,121.45,1,-1,-1,-1
26,7,305.40,112.44,92.35,75.56,1,-1,-1,-1
26,8,1520.62,117.03,93.86,71.72,1,-1,-1,-1
26,9,1644.15,121.41,95.01,68.32,1,-1,-1,-1
26,10,175.49,115.52,100.31,68.75,1,-1,-1,-1
26,14,1076.14,555.29,148.17,156.01,1,-1,-1,-1
27,1,782.32,367.04,100.80,119.46,1,-1,-1,-1
27,5,1785.17,495.09,135.36,117.75,1,-1,-1,-1
27,8,1520.44,118.00,94.06,71.03,1,-1,-1,-1
27,9,1643.73,121.87,95.45,68.87,1,-1,-1,-1
27,10,175.53,114.97,99.43,68.59,1,-1,-1,-1
27,14,1087.86,549.24,146.95,157.11,1,-1,-1,-1
28,1,789.89,359.97,104.59,122.41,1,-1,-1,-1
28,5,1795.52,495.17,130.16,114.26,1,-1,-1,-1
28,8,1521.62,118.49,92.81,69.95,1,-1,-1,-1
28,9,1644.06,121.84,95.46,69.01,1,-1,-1,-1
28,10,178.30,115.37,97.74,67.58,1,-1,-1,-1
28,14,1094.53,542.17,145.84,154.06,1,-1,-1,-1
29,1,791.76,356.97,107.54,124.40,1,-1,-1,-1
29,5,1799.42,495.71,126.75,111.74,1,-1,-1,-1
29,8,1522.31,118.88,91.91,69.17,1,-1,-1,-1
29,9,1644.20,121.81,95.47,69.11,1,-1,-1,-1
29,10,179.61,115.81,96.49,66.82,1,-1,-1,-1
29,14,1096.59,540.05,145.01,151.79,1,-1,-1,-1
30,1,797.25,354.08,111.08,126.26,1,-1,-1,-1
30,5,1812.12,492.10,116.07,110.20,1,-1,-1,-1
30,7,305.69,109.52,93.45,76.11,1,-1,-1,-1
30,8,1522.48,117.61,91.54,69.24,1,-1,-1,-1
30,9,1644.46,121.94,95.64,69.56,1,-1,-1,-1
30,10,180.74,117.14,95.39,66.40,1,-1,-1,-1
30,13,1207.98,684.90,115.69,124.79,1,-1,-1,-1
30,14,1083.48,559.58,158.71,178.39,1,-1,-1,-1
31,1,804.19,353.32,113.67,126.81,1,-1,-1,-1
31,5,1825.15,490.27,105.70,108.23,1,-1,-1,-1
31,7,305.60,111.39,92.89,75.11,1,-1,-1,-1
31,9,1644.22,121.88,95.55,69.28,1,-1,-1,-1
31,10,181.34,116.92,94.80,66.54,1,-1,-1,-1
31,13,1225.46,705.51,104.48,107.67,1,-1,-1,-1
31,14,1081.19,570.22,162.15,191.42,1,-1,-1,-1
32,1,817.68,355.30,115.04,128.00,1,-1,-1,-1
32,7,306.88,111.94,93.56,74.49,1,-1,-1,-1
32,8,1524.92,117.31,90.92,70.07,1,-1,-1,-1
32,9,1644.62,121.18,95.59,69.20,1,-1,-1,-1
32,10,182.35,116.55,94.08,66.66,1,-1,-1,-1
32,14,1129.68,553.80,155.11,182.24,1,-1,-1,-1
33,1,822.38,355.94,116.04,128.90,1,-1,-1,-1
33,5,1843.81,486.45,91.31,109.35,1,-1,-1,-1
33,7,307.25,112.18,94.05,74.13,1,-1,-1,-1
33,8,1525.61,117.02,90.50,70.59,1,-1,-1,-1
33,9,1644.80,120.92,95.69,69.19,1,-1,-1,-1
33,10,182.85,116.41,93.57,66.75,1,-1,-1,-1
33,14,1148.72,548.98,149.82,174.91,1,-1,-1,-1
33,15,1269.59,648.00,91.43,103.29,1,-1,-1,-1
34,1,828.52,353.37,120.34,133.11,1,-1,-1,-1
34,7,307.15,112.20,95.02,73.82,1,-1,-1,-1
34,8,1523.41,116.61,89.89,70.24,1,-1,-1,-1
34,9,1645.47,121.83,95.44,68.85,1,-1,-1,-1
34,10,183.31,116.67,93.66,67.49,1,-1,-1,-1
34,14,1165.38,547.81,145.70,167.17,1,-1,-1,-1
35,1,833.39,356.31,123.17,134.75,1,-1,-1,-1
35,7,306.45,112.37,95.85,73.42,1,-1,-1,-1
35,8,1523.57,117.60,89.17,69.42,1,-1,-1,-1
35,9,1644.29,122.77,95.82,69.25,1,-1,-1,-1
35,10,182.63,116.37,93.87,68.08,1,-1,-1,-1
35,14,1181.75,551.60,140.98,161.10,1,-1,-1,-1
35,16,1314.49,348.94,74.96,82.15,1,-1,-1,-1
36,1,834.84,356.45,125.21,136.40,1,-1,-1,-1
36,7,306.06,112.57,96.38,73.06,1,-1,-1,-1
36,8,1523.70,118.14,88.66,68.68,1,-1,-1,-1
36,9,1643.75,122.98,96.02,69.46,1,-1,-1,-1
36,10,182.37,116.11,94.01,68.53,1,-1,-1,-1
36,14,1190.03,553.93,135.77,155.62,1,-1,-1,-1
36,16,1315.94,348.68,74.58,83.13,1,-1,-1,-1
37,1,838.09,356.41,128.13,136.00,1,-1,-1,-1
37,7,305.93,113.08,96.74,72.51,1,-1,-1,-1
37,8,1523.26,117.83,88.34,68.85,1,-1,-1,-1
37,9,1644.46,123.03,96.41,69.19,1,-1,-1,-1
37,10,181.13,116.93,94.63,68.83,1,-1,-1,-1
37,14,1200.27,554.21,133.80,146.75,1,-1,-1,-1
37,16,1330.89,352.17,76.01,83.89,1,-1,-1,-1
38,1,850.85,357.67,133.55,136.34,1,-1,-1,-1
38,7,305.06,114.00,95.21,71.83,1,-1,-1,-1
38,8,1524.51,118.40,88.17,69.26,1,-1,-1,-1
38,9,1644.42,122.52,95.71,68.26,1,-1,-1,-1
38,10,181.17,117.99,95.04,68.47,1,-1,-1,-1
38,14,1237.35,555.98,129.34,143.31,1,-1,-1,-1
38,16,1363.81,332.78,99.61,104.21,1,-1,-1,-1
39,1,860.95,353.15,138.08,138.71,1,-1,-1,-1
39,7,304.78,114.80,93.46,71.33,1,-1,-1,-1
39,9,1644.78,122.50,95.33,67.91,1,-1,-1,-1
39,10,182.09,118.46,94.94,68.13,1,-1,-1,-1
39,14,1259.36,554.59,127.33,138.96,1,-1,-1,-1
39,16,1388.15,324.07,109.35,112.71,1,-1,-1,-1
40,1,871.96,349.69,142.08,140.59,1,-1,-1,-1
40,7,304.62,115.04,92.82,71.15,1,-1,-1,-1
40,8,1523.80,118.69,87.89,69.07,1,-1,-1,-1
40,9,1645.20,122.48,95.33,67.67,1,-1,-1,-1
40,10,182.61,119.47,94.88,67.87,1,-1,-1,-1
40,14,1279.16,558.16,124.64,140.67,1,-1,-1,-1
40,16,1401.78,316.74,121.37,119.79,1,-1,-1,-1
40,18,1212.59,640.41,73.65,74.73,1,-1,-1,-1
41,1,874.87,349.48,144.41,140.75,1,-1,-1,-1
41,7,304.68,115.18,92.36,71.02,1,-1,-1,-1
41,8,1523.67,118.70,87.84,69.05,1,-1,-1,-1
41,9,1645.33,122.49,95.34,67.48,1,-1,-1,-1
41,10,182.81,119.88,94.84,67.69,1,-1,-1,-1
41,14,1286.57,559.36,122.73,142.15,1,-1,-1,-1
41,16,1403.96,313.81,128.28,123.02,1,-1,-1,-1
41,18,1214.78,641.20,70.78,72.32,1,-1,-1,-1
42,1,881.35,341.73,145.02,141.26,1,-1,-1,-1
42,7,305.35,115.86,92.52,71.50,1,-1,-1,-1
42,9,1645.06,122.13,95.18,67.68,1,-1,-1,-1
42,10,181.28,121.63,95.48,68.49,1,-1,-1,-1
42,14,1302.65,539.51,118.01,132.47,1,-1,-1,-1
42,16,1424.45,308.05,137.26,124.00,1,-1,-1,-1
43,1,883.49,338.86,145.50,141.63,1,-1,-1,-1
43,7,305.61,116.04,92.60,71.89,1,-1,-1,-1
43,9,1644.99,121.95,95.08,67.83,1,-1,-1,-1
43,10,180.59,122.15,95.94,69.06,1,-1,-1,-1
43,14,1309.29,533.91,114.44,125.66,1,-1,-1,-1
43,16,1429.94,306.24,143.15,124.04,1,-1,-1,-1
44,1,884.98,328.24,148.28,144.24,1,-1,-1,-1
44,7,305.46,115.42,92.10,73.04,1,-1,-1,-1
44,8,1523.22,118.51,88.63,70.70,1,-1,-1,-1
44,9,1644.94,122.83,94.88,68.53,1,-1,-1,-1
44,10,180.64,121.43,96.18,69.51,1,-1,-1,-1
44,14,1324.08,530.31,112.96,125.65,1,-1,-1,-1
44,16,1444.57,291.51,155.11,127.40,1,-1,-1,-1
45,1,884.81,323.93,150.29,146.12,1,-1,-1,-1
45,7,306.52,116.17,90.98,73.63,1,-1,-1,-1
45,8,1523.04,118.18,89.05,71.70,1,-1,-1,-1
45,9,1644.93,123.18,94.74,69.15,1,-1,-1,-1
45,10,180.59,121.15,96.44,69.94,1,-1,-1,-1
45,14,1329.52,529.13,111.63,125.85,1,-1,-1,-1
45,16,1447.86,285.87,162.94,129.11,1,-1,-1,-1
46,1,884.94,317.68,151.53,147.52,1,-1,-1,-1
46,7,305.88,115.20,90.12,73.79,1,-1,-1,-1
46,8,1519.95,118.14,90.58,77.12,1,-1,-1,-1
46,9,1645.06,123.10,94.42,69.25,1,-1,-1,-1
46,10,180.82,120.31,96.17,70.19,1,-1,-1,-1
46,16,1461.76,278.69,165.43,128.73,1,-1,-1,-1
47,1,884.55,315.05,152.40,148.55,1,-1,-1,-1
47,7,305.74,114.83,89.49,73.87,1,-1,-1,-1
47,8,1518.71,117.33,91.35,80.94,1,-1,-1,-1
47,9,1645.14,123.07,94.19,69.34,1,-1,-1,-1
47,10,180.95,119.97,95.98,70.36,1,-1,-1,-1
47,16,1466.01,276.34,167.54,128.37,1,-1,-1,-1
48,1,884.18,315.43,153.18,147.73,1,-1,-1,-1
48,7,306.46,115.09,89.14,74.01,1,-1,-1,-1
48,9,1645.03,122.89,94.21,69.31,1,-1,-1,-1
48,10,181.34,118.75,95.31,70.40,1,-1,-1,-1
48,16,1477.40,273.56,171.83,127.84,1,-1,-1,-1
49,1,881.08,316.37,159.93,142.67,1,-1,-1,-1
49,7,307.05,116.28,89.52,73.58,1,-1,-1,-1
49,9,1645.12,123.04,94.09,69.51,1,-1,-1,-1
49,10,181.75,118.42,94.21,69.05,1,-1,-1,-1
49,16,1495.08,263.74,173.23,129.10,1,-1,-1,-1
49,19,1222.57,583.41,115.68,122.41,1,-1,-1,-1
50,1,864.88,304.88,153.65,137.76,1,-1,-1,-1
50,7,307.88,117.07,89.63,73.28,1,-1,-1,-1
50,9,1645.18,122.93,93.83,69.49,1,-1,-1,-1
50,10,182.14,118.62,93.53,68.29,1,-1,-1,-1
50,16,1509.36,257.97,173.30,129.80,1,-1,-1,-1
50,19,1220.81,580.88,115.05,122.33,1,-1,-1,-1
51,1,860.67,301.13,158.19,137.65,1,-1,-1,-1
51,7,308.91,117.05,89.70,73.07,1,-1,-1,-1
51,9,1645.02,122.69,93.84,69.52,1,-1,-1,-1
51,10,182.02,119.39,93.36,67.84,1,-1,-1,-1
51,16,1520.42,251.70,169.05,128.69,1,-1,-1,-1
51,19,1219.65,582.64,115.56,130.58,1,-1,-1,-1
52,1,854.21,298.33,163.49,138.49,1,-1,-1,-1
52,7,308.96,116.64,90.10,72.64,1,-1,-1,-1
52,9,1645.29,122.36,93.66,69.45,1,-1,-1,-1
52,10,182.28,119.94,92.95,67.56,1,-1,-1,-1
52,16,1536.18,251.19,172.29,129.03,1,-1,-1,-1
52,19,1237.26,630.27,104.33,111.57,1,-1,-1,-1
53,1,852.94,299.41,167.26,137.14,1,-1,-1,-1
53,7,308.13,116.22,90.78,72.34,1,-1,-1,-1
53,9,1645.12,122.32,93.67,69.32,1,-1,-1,-1
53,10,183.15,119.58,92.67,67.05,1,-1,-1,-1
53,16,1547.31,248.03,174.42,128.74,1,-1,-1,-1
53,19,1254.80,647.42,98.29,100.67,1,-1,-1,-1
53,20,1419.01,666.33,92.04,82.96,1,-1,-1,-1
54,1,839.01,290.00,164.57,138.01,1,-1,-1,-1
54,7,307.86,115.94,91.66,72.10,1,-1,-1,-1
54,9,1644.99,122.52,93.74,69.35,1,-1,-1,-1
54,10,183.47,119.51,92.24,66.80,1,-1,-1,-1
54,16,1559.91,241.65,173.15,130.35,1,-1,-1,-1
54,19,1280.65,661.84,90.08,89.31,1,-1,-1,-1
54,21,1235.37,576.43,77.28,90.43,1,-1,-1,-1
55,1,834.02,286.33,162.19,138.61,1,-1,-1,-1
55,7,307.61,115.83,92.25,71.90,1,-1,-1,-1
55,8,1518.47,116.69,91.21,75.54,1,-1,-1,-1
55,9,1644.85,122.61,93.85,69.44,1,-1,-1,-1
55,10,183.64,119.51,91.89,66.56,1,-1,-1,-1
55,16,1564.33,239.35,172.05,131.26,1,-1,-1,-1
55,21,1235.72,576.57,76.99,90.08,1,-1,-1,-1
56,1,832.87,279.91,162.42,139.02,1,-1,-1,-1
56,7,307.74,116.95,92.41,71.10,1,-1,-1,-1
56,8,1518.81,117.72,90.65,73.62,1,-1,-1,-1
56,9,1645.09,123.45,92.43,69.90,1,-1,-1,-1
56,10,183.94,119.40,91.90,66.66,1,-1,-1,-1
56,16,1580.96,234.48,169.85,130.72,1,-1,-1,-1
57,1,832.30,277.60,162.61,139.26,1,-1,-1,-1
57,7,307.79,117.50,92.44,70.51,1,-1,-1,-1
57,8,1518.98,118.32,90.38,72.72,1,-1,-1,-1
57,9,1646.32,123.89,91.43,70.28,1,-1,-1,-1
57,10,183.99,119.30,91.92,66.69,1,-1,-1,-1
57,16,1588.47,236.14,169.77,128.98,1,-1,-1,-1
58,1,829.41,273.77,172.51,141.71,1,-1,-1,-1
58,7,307.36,116.76,92.94,70.64,1,-1,-1,-1
58,8,1520.35,118.95,89.64,71.34,1,-1,-1,-1
58,9,1647.14,122.62,91.28,69.60,1,-1,-1,-1
58,10,184.34,119.78,91.79,66.69,1,-1,-1,-1
58,16,1590.07,227.61,168.40,132.86,1,-1,-1,-1
59,1,826.98,272.02,179.76,142.17,1,-1,-1,-1
59,7,307.14,116.54,93.23,70.72,1,-1,-1,-1
59,8,1522.76,119.91,88.77,70.52,1,-1,-1,-1
59,9,1647.49,122.41,91.06,69.10,1,-1,-1,-1
59,10,184.51,119.98,91.70,66.77,1,-1,-1,-1
59,16,1590.58,224.04,167.78,135.88,1,-1,-1,-1
60,1,805.83,264.15,169.34,143.78,1,-1,-1,-1
60,7,307.03,116.14,93.70,70.82,1,-1,-1,-1
60,8,1524.46,119.82,88.13,70.03,1,-1,-1,-1
60,9,1647.38,122.34,90.59,68.27,1,-1,-1,-1
60,10,183.25,120.52,92.17,66.73,1,-1,-1,-1
60,16,1616.22,223.80,165.19,137.71,1,-1,-1,-1
61,7,306.83,114.32,93.31,71.75,1,-1,-1,-1
61,9,1646.47,121.34,91.42,68.19,1,-1,-1,-1
61,10,185.70,94.71,99.89,78.53,1,-1,-1,-1
61,16,1628.41,267.28,159.24,140.65,1,-1,-1,-1
62,7,306.84,113.49,93.01,72.46,1,-1,-1,-1
62,9,1645.99,120.94,91.99,68.16,1,-1,-1,-1
62,10,185.98,82.91,104.00,87.21,1,-1,-1,-1
62,16,1639.43,287.85,154.32,139.26,1,-1,-1,-1
62,23,984.76,399.85,187.56,163.72,1,-1,-1,-1
62,24,1840.09,581.26,80.05,154.89,1,-1,-1,-1
63,7,306.78,112.97,92.80,73.10,1,-1,-1,-1
63,9,1645.73,120.91,92.34,68.12,1,-1,-1,-1
63,10,185.53,77.43,106.13,93.47,1,-1,-1,-1
63,16,1654.88,299.59,153.09,136.16,1,-1,-1,-1
63,23,986.67,404.46,196.65,160.88,1,-1,-1,-1
63,24,1840.34,585.56,79.17,156.31,1,-1,-1,-1
64,7,306.82,112.70,92.60,73.61,1,-1,-1,-1
64,9,1645.60,120.90,92.57,68.13,1,-1,-1,-1
64,10,185.22,74.41,107.34,98.13,1,-1,-1,-1
64,16,1668.35,302.96,149.42,131.00,1,-1,-1,-1
64,23,989.09,403.44,193.82,157.99,1,-1,-1,-1
65,7,306.88,112.44,92.45,74.00,1,-1,-1,-1
65,9,1645.53,120.93,92.78,68.14,1,-1,-1,-1
65,10,184.89,72.52,108.08,101.60,1,-1,-1,-1
65,16,1668.18,304.59,150.80,131.38,1,-1,-1,-1
65,23,987.84,397.24,199.42,163.38,1,-1,-1,-1
66,7,307.02,112.14,92.29,74.33,1,-1,-1,-1
66,9,1645.40,120.87,92.89,68.19,1,-1,-1,-1
66,10,184.79,70.99,108.65,104.31,1,-1,-1,-1
66,16,1674.97,304.70,152.84,131.20,1,-1,-1,-1
66,23,986.74,394.77,201.67,166.10,1,-1,-1,-1
67,7,307.06,111.70,92.16,74.71,1,-1,-1,-1
67,9,1645.31,120.80,93.00,68.24,1,-1,-1,-1
67,10,184.82,70.02,109.00,106.28,1,-1,-1,-1
67,16,1690.41,305.81,154.99,131.51,1,-1,-1,-1
67,23,991.60,389.84,211.13,167.69,1,-1,-1,-1
68,7,307.10,111.35,92.05,75.12,1,-1,-1,-1
68,9,1645.22,120.89,93.14,68.37,1,-1,-1,-1
68,10,184.93,69.41,109.17,107.57,1,-1,-1,-1
68,16,1704.30,308.19,151.52,129.78,1,-1,-1,-1
68,23,992.29,383.42,217.08,168.37,1,-1,-1,-1
69,7,307.13,111.14,91.99,75.41,1,-1,-1,-1
69,9,1645.13,120.85,93.23,68.48,1,-1,-1,-1
69,10,185.03,69.06,109.26,108.44,1,-1,-1,-1
69,16,1706.80,310.18,148.99,128.22,1,-1,-1,-1
69,23,979.76,383.59,195.32,163.89,1,-1,-1,-1
70,7,307.15,110.82,91.90,75.74,1,-1,-1,-1
70,9,1645.03,120.92,93.33,68.57,1,-1,-1,-1
70,10,185.15,68.50,109.39,109.16,1,-1,-1,-1
70,16,1721.37,311.28,153.07,130.13,1,-1,-1,-1
70,23,980.02,380.50,181.82,162.27,1,-1,-1,-1
70,25,1102.95,421.54,115.58,115.75,1,-1,-1,-1
71,7,307.13,110.35,91.89,76.19,1,-1,-1,-1
71,9,1644.92,121.00,93.41,68.64,1,-1,-1,-1
71,10,185.23,68.01,109.54,109.72,1,-1,-1,-1
71,16,1735.38,314.78,159.50,133.19,1,-1,-1,-1
71,23,997.13,374.08,193.93,164.65,1,-1,-1,-1
72,7,307.19,110.31,91.84,76.37,1,-1,-1,-1
72,9,1644.83,120.94,93.47,68.75,1,-1,-1,-1
72,10,184.99,67.72,109.62,110.19,1,-1,-1,-1
72,16,1747.53,316.66,159.15,135.45,1,-1,-1,-1
72,23,992.34,374.72,185.62,163.81,1,-1,-1,-1
73,7,307.21,110.19,91.79,76.52,1,-1,-1,-1
73,9,1644.75,120.95,93.49,68.84,1,-1,-1,-1
73,10,184.68,67.82,109.63,110.39,1,-1,-1,-1
73,16,1751.79,316.84,158.73,137.04,1,-1,-1,-1
73,23,991.93,375.13,179.99,163.40,1,-1,-1,-1
74,7,307.29,110.26,91.72,76.45,1,-1,-1,-1
74,9,1644.72,121.03,93.54,68.86,1,-1,-1,-1
74,10,184.66,68.18,109.59,110.35,1,-1,-1,-1
74,16,1763.57,320.21,156.71,137.61,1,-1,-1,-1
74,23,1004.63,371.06,190.57,163.92,1,-1,-1,-1
75,7,307.34,110.51,91.68,76.03,1,-1,-1,-1
75,9,1644.67,121.03,93.72,69.00,1,-1,-1,-1
75,10,184.70,68.14,109.55,110.52,1,-1,-1,-1
75,16,1775.39,321.22,150.34,136.92,1,-1,-1,-1
75,23,994.74,371.82,172.94,159.68,1,-1,-1,-1
75,25,1101.09,405.83,123.90,122.69,1,-1,-1,-1
76,7,307.38,110.70,91.73,75.75,1,-1,-1,-1
76,9,1644.66,121.14,93.82,69.08,1,-1,-1,-1
76,10,184.68,67.22,109.73,111.21,1,-1,-1,-1
76,16,1785.05,325.51,145.06,137.25,1,-1,-1,-1
76,23,1011.56,371.24,186.95,158.31,1,-1,-1,-1
77,7,307.53,111.09,91.77,75.35,1,-1,-1,-1
77,9,1644.65,121.16,93.88,69.11,1,-1,-1,-1
77,10,184.57,67.04,109.74,111.53,1,-1,-1,-1
77,16,1793.18,327.45,137.69,136.00,1,-1,-1,-1
77,23,1029.74,378.07,178.16,151.90,1,-1,-1,-1
77,26,1874.11,596.22,43.30,96.09,1,-1,-1,-1
78,7,307.61,111.46,91.83,75.03,1,-1,-1,-1
78,9,1644.70,121.22,93.97,69.10,1,-1,-1,-1
78,10,184.69,66.82,109.79,111.80,1,-1,-1,-1
78,16,1797.17,328.13,132.37,134.99,1,-1,-1,-1
78,23,1037.90,381.77,171.72,147.26,1,-1,-1,-1
78,26,1875.40,596.11,42.46,94.44,1,-1,-1,-1
79,7,307.44,111.56,91.84,74.91,1,-1,-1,-1
79,9,1644.72,121.31,94.08,69.21,1,-1,-1,-1
79,10,184.99,66.28,110.01,112.18,1,-1,-1,-1
79,16,1803.93,331.23,125.93,136.03,1,-1,-1,-1
79,23,1021.47,375.21,162.42,145.94,1,-1,-1,-1
80,7,307.05,111.50,91.83,75.06,1,-1,-1,-1
80,9,1644.64,121.36,93.98,69.04,1,-1,-1,-1
80,10,180.51,91.16,105.80,99.07,1,-1,-1,-1
80,16,1804.75,335.02,123.31,137.38,1,-1,-1,-1
80,23,1027.39,370.38,170.15,147.86,1,-1,-1,-1
81,7,307.22,111.52,91.78,74.91,1,-1,-1,-1
81,9,1644.51,121.46,93.98,68.92,1,-1,-1,-1
81,10,184.37,77.80,107.42,102.77,1,-1,-1,-1
81,16,1806.76,343.67,119.60,135.62,1,-1,-1,-1
81,23,1032.62,372.18,174.39,145.18,1,-1,-1,-1
82,7,307.34,111.67,91.81,74.73,1,-1,-1,-1
82,9,1644.42,121.51,93.98,68.82,1,-1,-1,-1
82,10,185.44,71.58,108.70,105.80,1,-1,-1,-1
82,16,1811.02,350.22,115.57,132.87,1,-1,-1,-1
82,23,1033.83,370.30,175.25,144.25,1,-1,-1,-1
83,7,307.36,111.83,91.86,74.62,1,-1,-1,-1
83,9,1644.22,121.43,94.03,68.80,1,-1,-1,-1
83,10,185.20,69.57,109.15,107.56,1,-1,-1,-1
83,16,1815.45,358.37,110.97,128.27,1,-1,-1,-1
83,23,1038.07,369.13,179.47,144.01,1,-1,-1,-1
84,7,307.13,111.65,91.95,74.61,1,-1,-1,-1
84,9,1644.37,121.34,94.13,68.89,1,-1,-1,-1
84,10,184.91,70.29,109.08,107.84,1,-1,-1,-1
84,16,1818.28,363.39,106.82,124.10,1,-1,-1,-1
84,23,1040.54,370.51,181.65,140.86,1,-1,-1,-1
85,7,307.12,111.59,92.11,74.68,1,-1,-1,-1
85,9,1644.52,121.40,94.09,68.93,1,-1,-1,-1
85,10,184.84,70.87,109.00,107.97,1,-1,-1,-1
85,16,1821.79,364.15,102.56,122.15,1,-1,-1,-1
85,23,1041.28,369.42,185.80,140.27,1,-1,-1,-1
85,27,1857.38,612.10,57.18,127.82,1,-1,-1,-1
86,7,307.05,111.94,92.21,74.42,1,-1,-1,-1
86,9,1644.64,121.34,94.05,68.94,1,-1,-1,-1
86,10,184.93,70.58,109.09,108.33,1,-1,-1,-1
86,16,1825.74,367.29,97.86,119.77,1,-1,-1,-1
86,23,1041.96,366.92,188.78,139.59,1,-1,-1,-1
86,27,1853.46,600.01,61.83,130.74,1,-1,-1,-1
87,7,307.05,112.07,92.40,74.14,1,-1,-1,-1
87,9,1644.73,121.20,93.99,68.91,1,-1,-1,-1
87,10,185.05,70.68,109.09,108.43,1,-1,-1,-1
87,16,1828.62,372.10,95.01,120.32,1,-1,-1,-1
87,23,1042.83,367.42,189.52,137.29,1,-1,-1,-1
88,7,306.99,111.90,92.47,74.09,1,-1,-1,-1
88,9,1644.72,121.15,94.03,68.92,1,-1,-1,-1
88,10,185.12,70.46,109.12,108.64,1,-1,-1,-1
88,16,1831.98,374.44,92.46,120.59,1,-1,-1,-1
88,23,1039.72,364.44,192.37,135.88,1,-1,-1,-1
89,7,306.98,111.41,92.73,74.43,1,-1,-1,-1
89,9,1644.65,121.20,94.18,69.06,1,-1,-1,-1
89,10,185.34,70.04,109.44,108.84,1,-1,-1,-1
89,16,1835.06,374.75,89.31,120.46,1,-1,-1,-1
89,23,1038.04,360.18,193.51,138.01,1,-1,-1,-1
90,7,306.82,111.16,92.82,74.82,1,-1,-1,-1
90,9,1644.62,121.16,94.30,69.17,1,-1,-1,-1
90,10,185.22,69.10,109.79,109.38,1,-1,-1,-1
90,16,1835.76,377.80,87.75,120.71,1,-1,-1,-1
90,23,1040.26,355.04,189.91,139.69,1,-1,-1,-1
91,7,306.80,111.04,92.86,75.09,1,-1,-1,-1
91,9,1644.65,121.22,94.35,69.24,1,-1,-1,-1
91,10,185.10,68.73,110.05,109.78,1,-1,-1,-1
91,16,1836.24,378.63,86.56,121.11,1,-1,-1,-1
91,23,1041.79,352.57,187.65,141.14,1,-1,-1,-1
92,7,306.83,110.95,92.93,75.29,1,-1,-1,-1
92,9,1644.72,121.25,94.40,69.25,1,-1,-1,-1
92,10,184.95,68.26,110.32,110.17,1,-1,-1,-1
92,16,1832.54,381.35,87.82,124.82,1,-1,-1,-1
92,23,1043.61,346.98,188.69,144.38,1,-1,-1,-1
93,7,306.84,110.92,92.99,75.47,1,-1,-1,-1
93,9,1644.74,121.24,94.43,69.24,1,-1,-1,-1
93,10,185.01,68.42,110.41,110.19,1,-1,-1,-1
93,16,1831.16,382.19,89.22,127.88,1,-1,-1,-1
93,23,1044.15,344.17,189.40,146.79,1,-1,-1,-1
94,7,306.78,110.85,92.99,75.66,1,-1,-1,-1
94,9,1644.66,121.32,94.50,69.38,1,-1,-1,-1
94,10,184.91,68.32,110.54,110.31,1,-1,-1,-1
94,16,1827.54,383.93,90.05,128.79,1,-1,-1,-1
94,23,1046.51,343.22,187.34,145.56,1,-1,-1,-1
95,7,306.70,110.56,92.99,75.88,1,-1,-1,-1
95,9,1644.66,121.19,94.53,69.61,1,-1,-1,-1
95,10,184.80,68.35,110.55,110.41,1,-1,-1,-1
95,16,1825.17,383.84,92.21,131.52,1,-1,-1,-1
95,23,1046.93,337.46,184.76,147.02,1,-1,-1,-1
95,28,1851.81,601.15,65.73,117.78,1,-1,-1,-1
96,7,306.64,110.22,92.94,76.15,1,-1,-1,-1
96,9,1644.66,121.03,94.51,69.77,1,-1,-1,-1
96,10,184.77,68.33,110.61,110.44,1,-1,-1,-1
96,16,1822.09,388.00,93.99,131.77,1,-1,-1,-1
96,23,1048.20,332.72,183.17,148.34,1,-1,-1,-1
96,28,1858.74,594.11,59.75,117.22,1,-1,-1,-1
97,7,306.62,109.99,92.89,76.30,1,-1,-1,-1
97,9,1644.84,120.76,94.35,69.60,1,-1,-1,-1
97,10,184.73,68.51,110.66,110.35,1,-1,-1,-1
97,16,1821.69,386.25,95.46,135.41,1,-1,-1,-1
97,23,1049.85,330.12,183.48,148.63,1,-1,-1,-1
97,28,1847.84,592.11,69.43,128.32,1,-1,-1,-1
98,7,306.72,109.92,92.81,76.33,1,-1,-1,-1
98,9,1644.93,120.66,94.20,69.43,1,-1,-1,-1
98,10,184.87,68.86,110.67,110.10,1,-1,-1,-1
98,16,1821.25,384.50,96.52,138.15,1,-1,-1,-1
98,23,1050.34,329.11,183.71,148.99,1,-1,-1,-1
98,28,1847.29,590.57,71.07,132.91,1,-1,-1,-1
99,7,306.70,109.90,92.73,76.42,1,-1,-1,-1
99,9,1645.01,120.60,94.07,69.25,1,-1,-1,-1
99,10,184.99,68.81,110.65,110.06,1,-1,-1,-1
99,16,1819.90,391.31,98.07,137.69,1,-1,-1,-1
99,23,1051.34,326.80,181.57,147.53,1,-1,-1,-1
99,28,1862.12,591.85,60.42,117.51,1,-1,-1,-1
100,7,306.64,109.98,92.69,76.49,1,-1,-1,-1
100,9,1645.04,120.72,94.05,69.13,1,-1,-1,-1
100,10,184.79,68.82,110.49,110.04,1,-1,-1,-1
100,16,1821.15,397.96,97.58,135.22,1,-1,-1,-1
100,23,1054.27,329.16,180.75,144.79,1,-1,-1,-1
101,7,306.67,110.13,92.62,76.47,1,-1,-1,-1
101,9,1644.97,120.44,93.65,68.91,1,-1,-1,-1
101,10,184.62,69.25,110.34,109.86,1,-1,-1,-1
101,16,1825.04,405.89,94.33,132.98,1,-1,-1,-1
101,23,1055.76,328.26,178.22,142.94,1,-1,-1,-1
102,7,306.60,110.20,92.58,76.46,1,-1,-1,-1
102,9,1645.20,120.63,93.64,68.82,1,-1,-1,-1
102,10,184.51,69.10,110.23,109.93,1,-1,-1,-1
102,16,1826.86,409.74,92.98,132.13,1,-1,-1,-1
102,23,1058.66,327.95,175.06,140.99,1,-1,-1,-1
103,7,306.75,110.39,92.66,76.50,1,-1,-1,-1
103,9,1645.40,120.68,93.64,68.80,1,-1,-1,-1
103,10,184.60,69.26,110.09,109.84,1,-1,-1,-1
103,16,1830.12,411.16,90.51,133.09,1,-1,-1,-1
103,23,1060.35,324.98,171.45,141.04,1,-1,-1,-1
104,7,306.73,110.49,92.78,76.42,1,-1,-1,-1
104,9,1645.49,120.72,93.58,68.72,1,-1,-1,-1
104,10,183.98,68.63,109.91,110.34,1,-1,-1,-1
104,16,1835.06,414.96,87.46,133.75,1,-1,-1,-1
104,23,1062.46,326.64,167.95,137.96,1,-1,-1,-1
105,7,306.88,111.36,92.74,76.07,1,-1,-1,-1
105,9,1645.45,120.84,93.52,68.57,1,-1,-1,-1
105,10,180.19,92.68,105.69,97.72,1,-1,-1,-1
105,16,1843.50,424.35,80.09,131.31,1,-1,-1,-1
105,23,1065.99,328.82,164.90,134.10,1,-1,-1,-1
106,7,306.79,111.73,92.41,75.63,1,-1,-1,-1
106,9,1645.41,120.86,93.48,68.44,1,-1,-1,-1
106,10,179.66,105.35,102.50,87.31,1,-1,-1,-1
106,16,1850.78,427.74,73.41,130.21,1,-1,-1,-1
106,23,1067.92,325.01,162.97,133.91,1,-1,-1,-1
106,28,1864.31,578.26,53.91,131.61,1,-1,-1,-1
107,7,306.83,111.92,92.12,75.32,1,-1,-1,-1
107,9,1645.41,121.04,93.47,68.26,1,-1,-1,-1
107,10,180.47,111.82,99.26,79.97,1,-1,-1,-1
107,16,1854.97,429.54,68.34,129.03,1,-1,-1,-1
107,23,1068.88,323.48,161.81,133.86,1,-1,-1,-1
107,28,1864.85,575.04,51.83,139.06,1,-1,-1,-1
108,7,307.92,112.97,92.00,73.95,1,-1,-1,-1
108,9,1645.35,121.11,93.55,68.21,1,-1,-1,-1
108,10,181.97,113.68,95.66,76.16,1,-1,-1,-1
108,16,1861.52,436.47,62.58,125.51,1,-1,-1,-1
108,23,1068.94,325.03,161.71,131.56,1,-1,-1,-1
108,28,1863.38,574.72,52.93,141.15,1,-1,-1,-1
109,7,307.47,113.06,91.61,74.27,1,-1,-1,-1
109,9,1645.27,121.10,93.57,68.12,1,-1,-1,-1
109,10,184.94,91.91,100.58,85.05,1,-1,-1,-1
109,16,1869.69,434.69,54.85,123.22,1,-1,-1,-1
109,23,1070.14,323.18,159.89,130.42,1,-1,-1,-1
109,28,1853.59,584.05,60.87,143.10,1,-1,-1,-1
110,7,307.02,112.25,91.52,74.00,1,-1,-1,-1
110,9,1645.17,121.28,93.65,68.16,1,-1,-1,-1
110,10,184.62,83.15,104.03,93.26,1,-1,-1,-1
110,16,1875.55,446.33,48.79,119.50,1,-1,-1,-1
110,23,1066.58,316.88,155.88,129.99,1,-1,-1,-1
110,28,1849.02,575.43,66.68,154.20,1,-1,-1,-1
111,7,306.83,111.85,91.45,74.05,1,-1,-1,-1
111,9,1645.14,121.42,93.71,68.22,1,-1,-1,-1
111,10,184.87,77.38,105.26,97.68,1,-1,-1,-1
111,16,1883.03,455.57,42.43,116.40,1,-1,-1,-1
111,23,1067.36,311.47,152.81,130.00,1,-1,-1,-1
111,28,1846.31,564.62,70.52,160.23,1,-1,-1,-1
112,7,306.68,111.64,91.46,74.20,1,-1,-1,-1
112,9,1645.18,121.34,93.72,68.22,1,-1,-1,-1
112,10,184.44,74.24,105.89,101.06,1,-1,-1,-1
112,23,1064.25,311.30,144.98,126.38,1,-1,-1,-1
112,28,1847.21,553.51,71.38,166.08,1,-1,-1,-1
113,7,306.82,112.11,91.68,73.76,1,-1,-1,-1
113,9,1645.31,121.34,93.73,68.19,1,-1,-1,-1
113,10,184.21,72.42,106.27,103.58,1,-1,-1,-1
113,23,1079.57,312.87,152.90,127.06,1,-1,-1,-1
114,7,306.80,112.58,91.68,73.25,1,-1,-1,-1
114,9,1645.34,121.34,93.76,68.17,1,-1,-1,-1
114,10,184.10,71.15,106.62,105.46,1,-1,-1,-1
114,23,1087.03,313.60,158.71,126.77,1,-1,-1,-1
115,7,307.47,113.59,91.99,72.51,1,-1,-1,-1
115,9,1645.34,121.42,93.80,68.17,1,-1,-1,-1
115,10,184.40,69.92,107.25,107.23,1,-1,-1,-1
115,23,1091.21,311.73,163.31,127.19,1,-1,-1,-1
116,7,307.62,115.14,92.55,73.54,1,-1,-1,-1
116,9,1645.28,121.34,93.83,68.25,1,-1,-1,-1
116,10,184.14,69.10,107.72,108.37,1,-1,-1,-1
116,23,1096.92,307.67,165.25,128.90,1,-1,-1,-1
117,7,306.59,114.61,92.00,73.18,1,-1,-1,-1
117,9,1645.26,121.33,93.92,68.38,1,-1,-1,-1
117,10,181.05,92.95,103.73,96.24,1,-1,-1,-1
117,23,1099.80,306.69,166.28,129.69,1,-1,-1,-1
118,7,306.86,113.78,92.14,72.95,1,-1,-1,-1
118,9,1644.91,121.49,93.97,68.36,1,-1,-1,-1
118,10,183.39,80.71,104.96,99.90,1,-1,-1,-1
118,23,1105.41,306.19,165.37,129.21,1,-1,-1,-1
119,7,306.97,113.52,92.23,72.75,1,-1,-1,-1
119,9,1644.82,121.64,94.03,68.43,1,-1,-1,-1
119,10,184.15,75.48,105.76,102.59,1,-1,-1,-1
119,23,1107.65,306.17,164.67,128.83,1,-1,-1,-1
120,7,307.05,113.42,92.25,72.58,1,-1,-1,-1
120,9,1644.58,121.75,94.23,68.62,1,-1,-1,-1
120,10,184.11,73.58,106.04,104.05,1,-1,-1,-1
120,23,1111.59,306.03,165.21,128.49,1,-1,-1,-1
120,28,1827.16,543.45,87.22,139.79,1,-1,-1,-1
121,7,307.16,113.35,92.25,72.42,1,-1,-1,-1
121,9,1644.59,121.71,94.31,68.65,1,-1,-1,-1
121,10,184.12,71.39,106.71,105.95,1,-1,-1,-1
121,23,1119.25,304.86,162.96,129.67,1,-1,-1,-1
121,28,1828.77,529.07,86.35,142.36,1,-1,-1,-1
122,7,307.22,113.54,92.24,72.32,1,-1,-1,-1
122,9,1644.52,121.70,94.35,68.66,1,-1,-1,-1
122,10,183.92,70.00,107.20,107.48,1,-1,-1,-1
122,23,1133.32,305.22,161.63,129.27,1,-1,-1,-1
122,28,1828.36,534.01,86.41,136.15,1,-1,-1,-1
123,7,307.30,113.62,92.19,72.25,1,-1,-1,-1
123,9,1644.45,121.70,94.37,68.72,1,-1,-1,-1
123,10,183.87,69.42,107.61,108.56,1,-1,-1,-1
123,23,1138.84,305.43,160.73,129.00,1,-1,-1,-1
123,28,1828.30,536.77,86.41,132.34,1,-1,-1,-1
124,7,307.27,113.46,92.13,72.21,1,-1,-1,-1
124,9,1644.33,121.65,94.40,68.76,1,-1,-1,-1
124,10,183.64,68.94,107.78,109.28,1,-1,-1,-1
124,23,1147.77,303.58,161.96,128.86,1,-1,-1,-1
124,28,1841.41,535.88,78.65,131.17,1,-1,-1,-1
125,7,307.20,113.48,92.14,72.12,1,-1,-1,-1
125,9,1644.19,121.84,94.40,68.78,1,-1,-1,-1
125,10,183.62,68.70,107.95,109.72,1,-1,-1,-1
125,23,1154.57,305.25,161.59,129.10,1,-1,-1,-1
125,28,1846.36,533.11,73.43,131.41,1,-1,-1,-1
126,7,307.17,113.44,92.10,72.00,1,-1,-1,-1
126,9,1644.18,121.89,94.36,68.74,1,-1,-1,-1
126,10,183.50,68.40,108.08,110.06,1,-1,-1,-1
126,23,1160.21,303.83,164.36,128.52,1,-1,-1,-1
126,28,1852.33,529.76,67.90,131.34,1,-1,-1,-1
127,7,307.11,113.34,92.10,71.99,1,-1,-1,-1
127,9,1644.20,121.94,94.41,68.85,1,-1,-1,-1
127,10,183.41,68.29,108.12,110.26,1,-1,-1,-1
127,23,1165.09,303.85,165.45,127.80,1,-1,-1,-1
127,28,1857.78,527.42,62.59,131.59,1,-1,-1,-1
128,7,307.09,113.27,92.07,72.02,1,-1,-1,-1
128,9,1644.28,121.86,94.35,68.82,1,-1,-1,-1
128,10,183.30,68.76,107.93,110.09,1,-1,-1,-1
128,23,1172.49,302.63,166.00,128.27,1,-1,-1,-1
128,28,1865.05,527.79,57.60,131.44,1,-1,-1,-1
129,7,307.02,113.17,92.06,72.09,1,-1,-1,-1
129,9,1644.30,121.86,94.30,68.84,1,-1,-1,-1
129,10,183.33,69.01,107.81,109.95,1,-1,-1,-1
129,23,1180.14,301.82,162.95,129.84,1,-1,-1,-1
129,28,1873.11,528.00,51.48,129.52,1,-1,-1,-1
130,7,307.07,113.24,91.98,72.10,1,-1,-1,-1
130,9,1644.32,121.79,94.28,68.80,1,-1,-1,-1
130,10,183.18,69.89,107.55,109.37,1,-1,-1,-1
130,23,1188.20,300.17,157.89,130.04,1,-1,-1,-1
131,7,307.09,113.11,91.96,72.15,1,-1,-1,-1
131,9,1644.31,121.77,94.23,68.76,1,-1,-1,-1
131,10,183.17,70.46,107.32,108.90,1,-1,-1,-1
131,23,1203.83,300.68,163.13,131.62,1,-1,-1,-1
132,7,307.06,113.05,91.93,72.18,1,-1,-1,-1
132,9,1644.33,121.75,94.18,68.70,1,-1,-1,-1
132,10,183.09,70.88,107.08,108.49,1,-1,-1,-1
132,23,1206.48,298.74,156.87,130.81,1,-1,-1,-1
132,28,1883.51,513.68,42.37,120.38,1,-1,-1,-1
133,7,307.08,113.13,91.89,72.16,1,-1,-1,-1
133,9,1644.41,121.77,94.09,68.64,1,-1,-1,-1
133,10,183.23,72.21,106.68,107.47,1,-1,-1,-1
133,23,1213.29,300.03,150.66,129.38,1,-1,-1,-1
134,7,307.10,113.15,91.90,72.13,1,-1,-1,-1
134,9,1644.22,121.84,94.15,68.67,1,-1,-1,-1
134,10,183.51,73.31,106.39,106.50,1,-1,-1,-1
134,23,1221.35,300.18,143.88,128.24,1,-1,-1,-1
135,7,307.17,113.13,91.91,72.11,1,-1,-1,-1
135,9,1644.03,121.82,94.21,68.66,1,-1,-1,-1
135,10,183.80,74.41,106.13,105.46,1,-1,-1,-1
135,23,1225.20,300.24,139.14,127.51,1,-1,-1,-1
136,7,307.18,113.24,91.93,72.03,1,-1,-1,-1
136,9,1644.03,121.76,94.20,68.62,1,-1,-1,-1
136,10,183.97,74.68,105.97,104.88,1,-1,-1,-1
136,23,1240.01,298.99,132.07,127.12,1,-1,-1,-1
136,28,1878.57,519.48,38.58,103.91,1,-1,-1,-1
137,7,307.18,113.28,91.96,71.97,1,-1,-1,-1
137,9,1644.07,121.74,94.18,68.58,1,-1,-1,-1
137,10,184.25,74.21,106.00,104.88,1,-1,-1,-1
137,23,1246.57,298.53,126.95,126.79,1,-1,-1,-1
137,28,1878.08,522.31,37.37,97.98,1,-1,-1,-1
138,7,307.21,113.32,91.98,71.98,1,-1,-1,-1
138,9,1644.10,121.67,94.21,68.43,1,-1,-1,-1
138,10,184.38,74.64,105.94,104.46,1,-1,-1,-1
138,23,1258.62,298.77,118.96,125.74,1,-1,-1,-1
138,28,1875.40,517.73,39.65,97.02,1,-1,-1,-1
139,7,307.23,113.33,91.99,72.03,1,-1,-1,-1
139,9,1644.02,121.80,94.31,68.45,1,-1,-1,-1
139,10,184.46,75.15,105.96,104.07,1,-1,-1,-1
139,23,1268.53,301.11,110.20,124.36,1,-1,-1,-1
139,28,1865.15,515.42,46.98,98.21,1,-1,-1,-1
140,7,307.22,113.26,92.01,72.11,1,-1,-1,-1
140,9,1644.12,121.70,94.38,68.38,1,-1,-1,-1
140,10,184.44,74.58,106.26,104.23,1,-1,-1,-1
140,23,1276.99,301.81,101.44,121.63,1,-1,-1,-1
140,28,1855.71,509.42,54.57,99.64,1,-1,-1,-1
141,7,307.26,112.90,92.01,72.43,1,-1,-1,-1
141,9,1644.24,121.77,94.44,68.34,1,-1,-1,-1
141,10,184.41,71.46,107.05,106.19,1,-1,-1,-1
141,23,1281.68,302.71,95.12,119.33,1,-1,-1,-1
141,28,1850.86,507.02,59.92,100.46,1,-1,-1,-1
142,7,307.26,112.74,91.99,72.56,1,-1,-1,-1
142,9,1644.42,121.86,94.34,68.31,1,-1,-1,-1
142,10,184.12,71.65,107.18,106.52,1,-1,-1,-1
142,23,1298.52,301.49,94.11,117.41,1,-1,-1,-1
142,28,1848.15,497.88,64.32,102.70,1,-1,-1,-1
143,7,307.33,112.55,91.95,72.69,1,-1,-1,-1
143,10,183.76,73.25,106.82,105.76,1,-1,-1,-1
143,23,1307.51,305.06,89.67,113.30,1,-1,-1,-1
143,28,1834.53,492.27,74.36,106.72,1,-1,-1,-1
144,7,307.39,112.52,91.88,72.73,1,-1,-1,-1
144,10,183.66,74.45,106.47,104.89,1,-1,-1,-1
144,28,1823.65,488.65,83.54,107.46,1,-1,-1,-1
145,7,307.42,112.41,91.82,72.79,1,-1,-1,-1
145,10,183.68,74.68,106.30,104.49,1,-1,-1,-1
145,28,1812.87,485.22,92.65,109.50,1,-1,-1,-1
146,7,307.42,112.37,91.80,72.79,1,-1,-1,-1
146,10,183.72,73.82,106.42,104.89,1,-1,-1,-1
146,28,1801.50,481.49,99.36,110.53,1,-1,-1,-1
147,7,307.50,112.38,91.75,72.81,1,-1,-1,-1
147,10,183.56,72.78,106.61,105.62,1,-1,-1,-1
147,28,1794.91,477.19,103.53,112.58,1,-1,-1,-1
147,30,1871.56,413.52,50.19,92.85,1,-1,-1,-1
148,7,307.55,112.45,91.69,72.75,1,-1,-1,-1
148,10,183.46,71.62,106.91,106.53,1,-1,-1,-1
148,28,1788.06,477.15,105.03,111.35,1,-1,-1,-1
149,7,307.58,112.51,91.66,72.69,1,-1,-1,-1
149,10,183.41,70.93,107.13,107.28,1,-1,-1,-1
149,28,1785.22,477.54,106.08,110.38,1,-1,-1,-1
150,7,307.53,112.47,91.64,72.63,1,-1,-1,-1
150,10,183.35,69.70,107.41,108.39,1,-1,-1,-1
150,28,1781.76,471.92,106.18,112.17,1,-1,-1,-1
