1,1,938.6,218.93,166.89,172.78,1,car,1
1,2,1110.04,217.24,173.12,216.53,1,car,1
1,3,824.4,121.25,111.87,114.88,1,car,1
1,4,1531.51,194.78,113.46,94.58,1,car,1
2,1,938.76,216.59,166.54,174.77,1,car,1
2,2,1110.64,225.73,174.43,207.69,1,car,1
2,3,824.46,121.11,111.79,114.95,1,car,1
2,4,1531.5,194.44,113.53,94.9,1,car,1
2,5,1222.68,0.0,141.5,110.56,1,car,1
2,6,1222.97,209.21,128.45,114.26,1,car,1
3,1,938.92,214.24,166.19,176.76,1,car,1
3,2,1111.25,234.22,175.74,198.86,1,car,1
3,3,824.52,120.97,111.72,115.02,1,car,1
3,4,1531.49,194.09,113.61,95.22,1,car,1
3,5,1222.73,0.0,141.38,110.4,1,car,1
3,6,1226.01,210.07,127.02,113.14,1,car,1
4,1,939.08,211.9,165.84,178.75,1,car,1
4,2,1111.85,242.71,177.05,190.02,1,car,1
4,3,824.58,120.83,111.64,115.09,1,car,1
4,4,1531.48,193.74,113.69,95.53,1,car,1
4,5,1222.78,0.0,141.27,110.24,1,car,1
4,6,1229.06,210.94,125.58,112.02,1,car,1
5,1,939.25,209.55,165.49,180.74,1,car,1
5,2,1112.45,251.2,178.36,181.19,1,car,1
5,3,824.64,120.69,111.57,115.16,1,car,1
5,4,1531.47,193.4,113.76,95.85,1,car,1
5,5,1222.84,0.0,141.16,110.08,1,car,1
5,6,1232.1,211.8,124.15,110.91,1,car,1
6,1,939.41,207.2,165.14,182.73,1,car,1
6,2,1113.05,259.69,179.67,172.35,1,car,1
6,3,824.7,120.56,111.49,115.23,1,car,1
6,4,1531.46,193.05,113.84,96.17,1,car,1
6,5,1222.89,0.0,141.04,109.92,1,car,1
6,6,1235.14,212.66,122.72,109.79,1,car,1
7,1,939.15,216.65,165.77,173.45,1,car,1
7,2,1114.3,258.52,180.29,173.48,1,car,1
7,3,824.69,120.2,111.46,115.6,1,car,1
7,4,1531.47,193.42,113.75,95.86,1,car,1
7,5,1222.94,0.0,140.93,109.75,1,car,1
7,6,1238.18,213.52,121.29,108.68,1,car,1
8,1,938.89,226.1,166.4,164.16,1,car,1
8,2,1115.54,257.35,180.92,174.6,1,car,1
8,3,824.68,119.84,111.43,115.98,1,car,1
8,4,1531.48,193.79,113.66,95.55,1,car,1
8,5,1223.0,0.0,140.82,109.59,1,car,1
8,6,1235.26,212.23,124.06,109.74,1,car,1
9,1,938.63,235.55,167.03,154.88,1,car,1
9,2,1116.79,256.19,181.55,175.73,1,car,1
9,3,824.67,119.48,111.4,116.35,1,car,1
9,4,1531.49,194.16,113.58,95.24,1,car,1
9,5,1223.05,0.0,140.7,109.43,1,car,1
9,6,1232.33,210.94,126.84,110.81,1,car,1
10,1,938.37,244.99,167.66,145.59,1,car,1
10,2,1118.03,255.02,182.17,176.86,1,car,1
10,3,824.66,119.12,111.37,116.73,1,car,1
10,4,1531.5,194.53,113.49,94.93,1,car,1
10,5,1223.1,0.0,140.59,109.27,1,car,1
10,6,1229.4,209.65,129.61,111.87,1,car,1
11,1,938.11,254.44,168.28,136.31,1,car,1
11,2,1119.28,253.85,182.8,177.99,1,car,1
11,3,824.65,118.76,111.34,117.1,1,car,1
11,4,1531.51,194.9,113.4,94.62,1,car,1
11,5,1223.16,0.0,140.48,109.11,1,car,1
11,6,1226.48,208.36,132.39,112.94,1,car,1
12,1,938.17,247.57,168.06,143.2,1,car,1
12,2,1125.54,255.24,178.84,175.4,1,car,1
12,3,824.74,118.5,111.12,117.32,1,car,1
12,4,1531.52,194.92,113.42,94.55,1,car,1
12,5,1223.21,0.0,140.36,108.95,1,car,1
12,6,1223.55,207.07,135.16,114.01,1,car,1
13,1,938.22,240.7,167.83,150.09,1,car,1
13,2,1131.79,256.63,174.88,172.82,1,car,1
13,3,824.83,118.25,110.9,117.53,1,car,1
13,4,1531.53,194.93,113.43,94.48,1,car,1
13,5,1223.26,0.0,140.25,108.79,1,car,1
13,6,1225.33,206.66,134.77,114.11,1,car,1
14,1,938.27,233.84,167.6,156.99,1,car,1
14,2,1138.05,258.01,170.92,170.24,1,car,1
14,3,824.92,117.99,110.67,117.75,1,car,1
14,4,1531.54,194.95,113.44,94.42,1,car,1
14,5,1223.32,0.0,140.14,108.63,1,car,1
14,6,1227.11,206.25,134.37,114.21,1,car,1
15,1,938.33,226.97,167.37,163.88,1,car,1
15,2,1144.31,259.4,166.97,167.66,1,car,1
15,3,825.01,117.73,110.45,117.96,1,car,1
15,4,1531.56,194.97,113.45,94.35,1,car,1
15,5,1223.39,0.0,140.03,108.8,1,car,1
15,6,1228.9,205.84,133.98,114.31,1,car,1
16,1,938.38,220.1,167.15,170.77,1,car,1
16,2,1150.57,260.79,163.01,165.08,1,car,1
16,3,825.1,117.47,110.22,118.18,1,car,1
16,4,1531.57,194.99,113.47,94.28,1,car,1
16,5,1223.46,0.0,139.92,108.97,1,car,1
16,6,1230.68,205.43,133.58,114.41,1,car,1
17,1,938.19,227.2,167.53,164.26,1,car,1
17,2,1151.47,261.37,166.24,164.55,1,car,1
17,3,823.68,118.36,110.75,117.56,1,car,1
17,4,1531.54,194.91,113.44,94.45,1,car,1
17,5,1223.53,0.0,139.82,109.14,1,car,1
17,6,1232.46,205.02,133.19,114.51,1,car,1
18,1,937.99,234.31,167.91,157.74,1,car,1
18,2,1152.37,261.95,169.47,164.03,1,car,1
18,3,822.25,119.25,111.27,116.94,1,car,1
18,4,1531.51,194.84,113.42,94.62,1,car,1
18,5,1223.61,0.0,139.71,109.31,1,car,1
18,6,1235.03,205.25,132.88,113.9,1,car,1
19,1,937.79,241.41,168.29,151.23,1,car,1
19,2,1153.28,262.53,172.69,163.51,1,car,1
19,3,820.83,120.13,111.8,116.32,1,car,1
19,4,1531.49,194.77,113.39,94.79,1,car,1
19,5,1223.68,0.0,139.61,109.48,1,car,1
19,6,1237.61,205.47,132.57,113.28,1,car,1
20,1,937.6,248.52,168.67,144.71,1,car,1
20,2,1154.18,263.11,175.92,162.98,1,car,1
20,3,819.4,121.02,112.32,115.71,1,car,1
20,4,1531.46,194.69,113.37,94.97,1,car,1
20,5,1223.71,0.0,139.66,109.5,1,car,1
20,6,1240.18,205.7,132.26,112.67,1,car,1
21,1,937.4,255.62,169.05,138.2,1,car,1
21,2,1155.09,263.69,179.15,162.46,1,car,1
21,3,817.98,121.9,112.84,115.09,1,car,1
21,4,1531.43,194.62,113.34,95.14,1,car,1
21,5,1223.75,0.0,139.72,109.52,1,car,1
21,6,1242.76,205.93,131.95,112.05,1,car,1
22,1,937.59,245.75,168.8,147.04,1,car,1
22,2,1159.64,264.93,176.54,162.82,1,car,1
22,3,818.98,121.34,111.84,115.32,1,car,1
22,4,1531.4,194.55,113.31,95.31,1,car,1
22,5,1223.79,0.0,139.77,109.54,1,car,1
22,6,1245.33,206.16,131.64,111.44,1,car,1
23,1,937.77,235.88,168.55,155.87,1,car,1
23,2,1164.19,266.16,173.93,163.17,1,car,1
23,3,819.99,120.78,110.84,115.55,1,car,1
23,4,1531.6,194.61,113.02,95.4,1,car,1
23,5,1223.82,0.0,139.83,109.56,1,car,1
23,6,1249.01,206.56,131.33,111.12,1,car,1
24,1,937.96,226.0,168.29,164.71,1,car,1
24,2,1168.74,267.39,171.32,163.52,1,car,1
24,3,820.99,120.22,109.84,115.77,1,car,1
24,4,1531.8,194.67,112.72,95.5,1,car,1
24,5,1223.86,0.0,139.89,109.58,1,car,1
24,6,1252.69,206.95,131.02,110.79,1,car,1
25,1,938.14,216.13,168.04,173.55,1,car,1
25,2,1173.29,268.63,168.71,163.88,1,car,1
25,3,822.0,119.66,108.85,116.0,1,car,1
25,4,1532.0,194.73,112.43,95.59,1,car,1
25,5,1223.89,0.0,139.94,109.6,1,car,1
25,6,1256.36,207.35,130.71,110.47,1,car,1
26,1,938.33,206.26,167.79,182.39,1,car,1
26,2,1177.85,269.86,166.1,164.23,1,car,1
26,3,823.0,119.1,107.85,116.23,1,car,1
26,4,1532.2,194.79,112.13,95.69,1,car,1
26,5,1223.93,0.0,140.0,109.63,1,car,1
26,6,1260.04,207.75,130.4,110.15,1,car,1
27,1,938.3,211.79,167.97,177.37,1,car,1
27,2,1170.4,268.46,177.37,168.66,1,car,1
27,3,824.05,119.35,107.6,116.02,1,car,1
27,4,1532.4,194.85,111.84,95.78,1,car,1
27,5,1223.96,0.0,140.05,109.65,1,car,1
27,6,1263.72,208.15,130.09,109.83,1,car,1
28,1,938.26,217.33,168.16,172.35,1,car,1
28,2,1162.95,267.06,188.64,173.08,1,car,1
28,3,825.1,119.61,107.36,115.82,1,car,1
28,4,1532.6,194.91,111.54,95.88,1,car,1
28,5,1224.0,0.0,140.11,109.67,1,car,1
28,6,1267.4,208.55,129.78,109.51,1,car,1
29,1,938.23,222.86,168.34,167.33,1,car,1
29,2,1155.5,265.65,199.91,177.51,1,car,1
29,3,826.14,119.86,107.12,115.61,1,car,1
29,4,1532.62,194.89,111.55,95.84,1,car,1
29,5,1224.03,0.0,140.16,109.69,1,car,1
29,6,1268.38,208.01,129.6,109.84,1,car,1
30,1,938.2,228.39,168.53,162.31,1,car,1
30,2,1148.05,264.25,211.19,181.93,1,car,1
30,3,827.19,120.11,106.88,115.4,1,car,1
30,4,1532.63,194.86,111.56,95.79,1,car,1
30,5,1224.07,0.0,140.22,109.71,1,car,1
30,6,1269.37,207.47,129.42,110.18,1,car,1
31,1,938.16,233.93,168.71,157.29,1,car,1
31,2,1140.6,262.85,222.46,186.36,1,car,1
31,3,828.24,120.36,106.64,115.19,1,car,1
31,4,1532.65,194.84,111.57,95.75,1,car,1
31,5,1224.11,0.0,140.28,109.73,1,car,1
31,6,1270.35,206.93,129.24,110.51,1,car,1
32,1,938.98,229.86,168.14,161.0,1,car,1
32,2,1140.72,258.21,215.39,180.07,1,car,1
32,3,827.37,119.61,109.48,115.48,1,car,1
32,4,1532.66,194.82,111.58,95.71,1,car,1
32,5,1224.14,0.0,140.33,109.75,1,car,1
32,6,1271.34,206.39,129.06,110.85,1,car,1
33,1,939.8,225.8,167.56,164.71,1,car,1
33,2,1140.85,253.56,208.32,173.78,1,car,1
33,3,826.5,118.86,112.32,115.76,1,car,1
33,4,1532.68,194.8,111.59,95.67,1,car,1
33,5,1224.18,0.0,140.39,109.77,1,car,1
33,6,1272.32,205.85,128.88,111.18,1,car,1
34,1,940.62,221.74,166.99,168.42,1,car,1
34,2,1140.98,248.92,201.26,167.5,1,car,1
34,3,825.63,118.12,115.16,116.05,1,car,1
34,4,1532.61,194.52,111.68,95.99,1,car,1
34,5,1224.21,0.0,140.44,109.79,1,car,1
34,6,1271.67,205.96,129.48,111.41,1,car,1
35,1,941.44,217.68,166.41,172.13,1,car,1
35,2,1141.11,244.27,194.19,161.21,1,car,1
35,3,824.76,117.37,118.0,116.33,1,car,1
35,4,1532.54,194.23,111.77,96.3,1,car,1
35,5,1224.25,0.0,140.5,109.81,1,car,1
35,6,1271.01,206.07,130.08,111.64,1,car,1
36,1,942.26,213.62,165.84,175.84,1,car,1
36,2,1141.23,239.62,187.13,154.92,1,car,1
36,3,823.9,116.62,120.84,116.62,1,car,1
36,4,1532.47,193.95,111.86,96.62,1,car,1
36,5,1224.28,0.0,140.55,109.83,1,car,1
36,6,1270.36,206.18,130.69,111.88,1,car,1
36,7,1242.29,325.38,154.32,138.89,1,car,1
37,1,941.62,215.71,166.23,174.27,1,car,1
37,2,1143.16,240.77,183.39,153.37,1,car,1
37,3,824.42,115.38,121.15,117.85,1,car,1
37,4,1532.4,193.67,111.95,96.94,1,car,1
37,5,1224.32,0.0,140.61,109.85,1,car,1
37,6,1269.71,206.3,131.29,112.11,1,car,1
37,7,1240.36,320.76,162.26,147.72,1,car,1
38,1,940.99,217.8,166.62,172.7,1,car,1
38,2,1145.09,241.92,179.66,151.81,1,car,1
38,3,824.95,114.14,121.46,119.08,1,car,1
38,4,1532.34,193.38,112.03,97.26,1,car,1
38,5,1224.35,0.0,140.67,109.87,1,car,1
38,6,1269.05,206.41,131.89,112.34,1,car,1
38,7,1238.42,316.14,170.21,156.54,1,car,1
39,1,940.36,219.88,167.01,171.13,1,car,1
39,2,1147.01,243.06,175.92,150.26,1,car,1
39,3,825.47,112.91,121.78,120.32,1,car,1
39,4,1532.26,193.79,112.06,97.12,1,car,1
39,5,1224.39,0.0,140.72,109.89,1,car,1
39,6,1269.2,206.46,131.76,112.25,1,car,1
39,7,1236.49,311.52,178.16,165.37,1,car,1
40,1,939.72,221.97,167.4,169.56,1,car,1
40,2,1148.94,244.21,172.19,148.7,1,car,1
40,3,826.0,111.67,122.09,121.55,1,car,1
40,4,1532.18,194.19,112.09,96.98,1,car,1
40,5,1224.43,0.0,140.78,109.91,1,car,1
40,6,1269.34,206.52,131.63,112.16,1,car,1
40,7,1234.56,306.91,186.11,174.19,1,car,1
41,1,939.09,224.06,167.78,167.99,1,car,1
41,2,1150.86,245.35,168.45,147.15,1,car,1
41,3,826.53,110.43,122.4,122.78,1,car,1
41,4,1532.1,194.59,112.11,96.84,1,car,1
41,5,1224.46,0.0,140.83,109.93,1,car,1
41,6,1269.49,206.57,131.5,112.06,1,car,1
41,7,1232.63,302.29,194.06,183.01,1,car,1
42,1,939.22,220.56,167.96,171.0,1,car,1
42,2,1152.79,246.5,164.72,145.59,1,car,1
42,3,825.94,110.99,122.78,122.5,1,car,1
42,4,1532.03,195.0,112.14,96.7,1,car,1
42,5,1224.5,0.0,140.89,109.95,1,car,1
42,6,1269.63,206.62,131.37,111.97,1,car,1
42,7,1238.92,307.93,190.62,180.25,1,car,1
43,1,939.35,217.06,168.14,174.0,1,car,1
43,2,1151.6,246.23,164.52,148.04,1,car,1
43,3,825.34,111.54,123.15,122.22,1,car,1
43,4,1531.95,195.4,112.17,96.56,1,car,1
43,5,1224.53,0.0,140.95,109.97,1,car,1
43,6,1269.77,206.68,131.24,111.88,1,car,1
43,7,1245.22,313.57,187.18,177.49,1,car,1
44,1,939.48,213.56,168.31,177.0,1,car,1
44,2,1150.42,245.96,164.33,150.5,1,car,1
44,3,824.75,112.1,123.53,121.94,1,car,1
44,4,1532.07,195.37,112.05,96.24,1,car,1
44,5,1224.57,0.0,141.0,109.99,1,car,1
44,6,1269.52,206.64,131.42,112.1,1,car,1
44,7,1251.51,319.21,183.75,174.73,1,car,1
45,1,939.61,210.06,168.49,180.0,1,car,1
45,2,1149.23,245.7,164.14,152.95,1,car,1
45,3,824.16,112.65,123.9,121.66,1,car,1
45,4,1532.19,195.34,111.94,95.93,1,car,1
45,5,1224.6,0.0,141.06,110.01,1,car,1
45,6,1269.27,206.6,131.6,112.32,1,car,1
45,7,1257.8,324.85,180.31,171.97,1,car,1
46,1,939.74,206.56,168.66,183.01,1,car,1
46,2,1148.05,245.43,163.94,155.41,1,car,1
46,3,823.57,113.21,124.28,121.38,1,car,1
46,4,1532.31,195.32,111.82,95.61,1,car,1
46,5,1224.64,0.0,141.11,110.03,1,car,1
46,6,1269.01,206.56,131.79,112.55,1,car,1
46,7,1264.1,330.49,176.87,169.21,1,car,1
47,1,939.6,211.85,168.46,178.26,1,car,1
47,2,1146.86,245.16,163.75,157.86,1,car,1
47,3,823.52,112.56,125.14,122.38,1,car,1
47,4,1532.43,195.29,111.71,95.29,1,car,1
47,5,1224.67,0.0,141.17,110.05,1,car,1
47,6,1268.76,206.52,131.97,112.77,1,car,1
47,7,1267.38,327.69,179.65,172.68,1,car,1
48,1,939.46,217.15,168.27,173.52,1,car,1
48,2,1150.24,247.42,163.16,156.16,1,car,1
48,3,823.48,111.91,125.99,123.37,1,car,1
48,4,1532.55,195.26,111.6,94.98,1,car,1
48,5,1224.71,0.0,141.22,110.08,1,car,1
48,6,1268.5,206.48,132.15,112.99,1,car,1
48,7,1270.67,324.89,182.43,176.16,1,car,1
49,1,939.31,222.44,168.07,168.77,1,car,1
49,2,1153.61,249.67,162.56,154.47,1,car,1
49,3,823.43,111.27,126.85,124.37,1,car,1
49,4,1532.44,195.24,111.71,95.14,1,car,1
49,5,1224.75,0.0,141.28,110.1,1,car,1
49,6,1268.88,206.48,131.79,112.54,1,car,1
49,7,1273.95,322.09,185.22,179.63,1,car,1
50,1,939.17,227.74,167.87,164.03,1,car,1
50,2,1156.99,251.92,161.97,152.77,1,car,1
50,3,823.38,110.62,127.71,125.36,1,car,1
50,4,1532.33,195.21,111.83,95.29,1,car,1
50,5,1224.78,0.0,141.34,110.12,1,car,1
50,6,1269.25,206.49,131.43,112.1,1,car,1
50,7,1277.24,319.29,188.0,183.1,1,car,1
51,1,939.02,233.03,167.67,159.29,1,car,1
51,2,1160.36,254.17,161.37,151.07,1,car,1
51,3,823.34,109.97,128.56,126.36,1,car,1
51,4,1532.22,195.19,111.95,95.45,1,car,1
51,5,1224.82,0.0,141.39,110.14,1,car,1
51,6,1269.63,206.5,131.06,111.65,1,car,1
51,7,1280.52,316.49,190.78,186.58,1,car,1
52,1,939.45,227.93,167.58,163.85,1,car,1
52,2,1163.74,256.42,160.78,149.38,1,car,1
52,3,825.0,110.37,128.15,126.52,1,car,1
52,4,1532.11,195.17,112.07,95.61,1,car,1
52,5,1224.85,0.0,141.45,110.16,1,car,1
52,6,1270.01,206.5,130.7,111.2,1,car,1
52,7,1283.67,322.75,189.84,183.42,1,car,1
53,1,939.87,222.82,167.49,168.42,1,car,1
53,2,1167.35,257.03,162.8,152.81,1,car,1
53,3,826.67,110.76,127.74,126.68,1,car,1
53,4,1532.01,195.15,112.19,95.77,1,car,1
53,5,1224.89,0.0,141.5,110.18,1,car,1
53,6,1270.38,206.51,130.34,110.76,1,car,1
53,7,1286.82,329.01,188.9,180.26,1,car,1
54,1,940.3,217.72,167.4,172.99,1,car,1
54,2,1170.97,257.64,164.82,156.25,1,car,1
54,3,828.34,111.16,127.33,126.84,1,car,1
54,4,1531.9,195.12,112.31,95.93,1,car,1
54,5,1224.92,0.0,141.56,110.2,1,car,1
54,6,1261.92,206.53,138.83,114.92,1,car,1
54,7,1289.97,335.27,187.96,177.11,1,car,1
55,1,940.73,212.61,167.3,177.56,1,car,1
55,2,1174.58,258.25,166.84,159.69,1,car,1
55,3,830.01,111.55,126.92,127.01,1,car,1
55,4,1531.93,195.12,112.31,95.95,1,car,1
55,5,1224.96,0.0,141.61,110.22,1,car,1
55,6,1253.46,206.56,147.31,119.08,1,car,1
55,7,1293.12,341.53,187.02,173.95,1,car,1
56,1,941.15,207.51,167.21,182.12,1,car,1
56,2,1178.19,258.86,168.86,163.13,1,car,1
56,3,831.68,111.94,126.51,127.17,1,car,1
56,4,1531.96,195.11,112.3,95.98,1,car,1
56,5,1224.99,0.0,141.67,110.24,1,car,1
56,6,1245.0,206.59,155.8,123.24,1,car,1
56,7,1296.27,347.79,186.08,170.79,1,car,1
57,1,940.69,216.27,167.42,173.87,1,car,1
57,2,1181.81,259.47,170.88,166.56,1,car,1
57,3,835.25,112.33,125.69,127.83,1,car,1
57,4,1531.99,195.1,112.3,96.0,1,car,1
57,5,1225.03,0.0,141.73,110.26,1,car,1
57,6,1236.53,206.61,164.28,127.4,1,car,1
57,7,1299.98,345.43,185.13,173.19,1,car,1
58,1,940.22,225.02,167.62,165.62,1,car,1
58,2,1185.73,268.06,170.09,159.75,1,car,1
58,3,838.82,112.71,124.87,128.5,1,car,1
58,4,1532.02,195.09,112.3,96.02,1,car,1
58,5,1225.07,0.0,141.78,110.28,1,car,1
58,6,1228.07,206.64,172.77,131.56,1,car,1
58,7,1303.7,343.06,184.18,175.58,1,car,1
59,1,939.76,233.78,167.82,157.37,1,car,1
59,2,1189.64,276.66,169.29,152.94,1,car,1
59,3,842.39,113.09,124.05,129.16,1,car,1
59,4,1532.05,195.08,112.3,96.04,1,car,1
59,5,1225.1,0.0,141.84,110.3,1,car,1
59,6,1233.72,206.61,167.14,127.66,1,car,1
59,7,1307.41,340.7,183.23,177.98,1,car,1
60,1,939.29,242.54,168.03,149.12,1,car,1
60,2,1193.56,285.26,168.5,146.13,1,car,1
60,3,845.96,113.48,123.23,129.82,1,car,1
60,4,1531.95,194.87,112.52,95.96,1,car,1
60,5,1225.14,0.0,141.89,110.32,1,car,1
60,6,1239.37,206.58,161.5,123.76,1,car,1
60,7,1311.13,338.33,182.28,180.37,1,car,1
61,1,938.82,251.29,168.23,140.87,1,car,1
61,2,1197.48,293.85,167.7,139.32,1,car,1
61,3,849.54,113.86,122.41,130.49,1,car,1
61,4,1531.84,194.66,112.73,95.88,1,car,1
61,5,1225.17,0.0,141.95,110.34,1,car,1
61,6,1245.03,206.55,155.87,119.86,1,car,1
61,7,1314.84,335.97,181.32,182.77,1,car,1
62,1,938.72,242.63,168.41,149.37,1,car,1
62,2,1201.39,302.45,166.91,132.51,1,car,1
62,3,851.9,115.4,123.81,129.72,1,car,1
62,4,1531.73,194.45,112.95,95.8,1,car,1
62,5,1225.21,0.0,142.0,110.36,1,car,1
62,6,1250.68,206.53,150.24,115.97,1,car,1
62,7,1316.61,340.46,185.38,182.24,1,car,1
63,1,938.61,233.97,168.59,157.87,1,car,1
63,2,1205.31,311.04,166.11,125.7,1,car,1
63,3,854.26,116.95,125.22,128.96,1,car,1
63,4,1531.62,194.24,113.16,95.72,1,car,1
63,5,1225.24,0.0,142.06,110.38,1,car,1
63,6,1256.33,206.5,144.61,112.07,1,car,1
63,7,1318.38,344.96,189.44,181.71,1,car,1
64,1,938.51,225.31,168.76,166.37,1,car,1
64,2,1209.23,319.64,165.32,118.89,1,car,1
64,3,856.62,118.49,126.62,128.19,1,car,1
64,4,1531.51,194.03,113.38,95.63,1,car,1
64,5,1225.28,0.0,142.12,110.4,1,car,1
64,6,1255.98,206.49,144.97,112.3,1,car,1
64,7,1320.16,349.45,193.5,181.18,1,car,1
65,1,938.4,216.65,168.94,174.88,1,car,1
65,2,1211.12,319.64,166.6,118.62,1,car,1
65,3,858.98,120.04,128.02,127.43,1,car,1
65,4,1531.4,193.82,113.59,95.55,1,car,1
65,5,1225.31,0.0,142.17,110.42,1,car,1
65,6,1255.63,206.49,145.33,112.52,1,car,1
65,7,1321.93,353.94,197.56,180.65,1,car,1
66,1,938.3,207.99,169.12,183.38,1,car,1
66,2,1213.01,319.63,167.89,118.35,1,car,1
66,3,861.35,121.58,129.43,126.66,1,car,1
66,4,1531.29,193.6,113.81,95.47,1,car,1
66,5,1225.35,0.0,142.23,110.44,1,car,1
66,6,1255.29,206.48,145.69,112.75,1,car,1
66,7,1323.7,358.44,201.61,180.12,1,car,1
67,1,938.33,208.75,169.08,182.72,1,car,1
67,2,1214.9,319.62,169.18,118.08,1,car,1
67,3,862.95,122.27,130.95,126.23,1,car,1
67,4,1531.31,193.91,113.71,95.22,1,car,1
67,5,1225.39,0.0,142.28,110.46,1,car,1
67,6,1254.94,206.47,146.05,112.98,1,car,1
67,7,1330.28,359.34,199.3,181.74,1,car,1
68,1,938.36,209.51,169.04,182.07,1,car,1
68,2,1216.8,319.62,170.46,117.81,1,car,1
68,3,864.56,122.96,132.47,125.79,1,car,1
68,4,1531.32,194.22,113.61,94.96,1,car,1
68,5,1225.42,0.0,142.34,110.48,1,car,1
68,6,1254.59,206.47,146.41,113.21,1,car,1
68,7,1336.86,360.25,196.99,183.36,1,car,1
69,1,938.39,210.28,169.0,181.41,1,car,1
69,2,1218.69,319.61,171.75,117.54,1,car,1
69,3,866.17,123.65,133.98,125.35,1,car,1
69,4,1531.33,194.53,113.51,94.71,1,car,1
69,5,1225.46,0.0,142.4,110.5,1,car,1
69,6,1254.57,206.45,146.45,113.4,1,car,1
69,7,1343.44,361.15,194.67,184.99,1,car,1
70,1,938.42,211.04,168.96,180.75,1,car,1
70,2,1221.52,318.52,175.33,121.29,1,car,1
70,3,867.78,124.34,135.5,124.92,1,car,1
70,4,1531.35,194.84,113.4,94.45,1,car,1
70,5,1225.49,0.0,142.45,110.53,1,car,1
70,6,1254.55,206.44,146.48,113.59,1,car,1
70,7,1350.02,362.06,192.36,186.61,1,car,1
71,1,938.45,211.8,168.92,180.1,1,car,1
71,2,1224.36,317.43,178.91,125.05,1,car,1
71,3,869.39,125.03,137.02,124.48,1,car,1
71,4,1531.36,195.15,113.3,94.2,1,car,1
71,5,1225.53,0.0,142.51,110.55,1,car,1
71,6,1254.53,206.43,146.52,113.78,1,car,1
71,7,1356.59,362.96,190.05,188.24,1,car,1
72,1,938.41,211.64,168.96,180.25,1,car,1
72,2,1227.19,316.34,182.49,128.8,1,car,1
72,3,869.63,124.94,136.47,124.94,1,car,1
72,4,1531.63,195.12,112.93,94.31,1,car,1
72,5,1225.56,0.0,142.56,110.57,1,car,1
72,6,1254.51,206.41,146.56,113.96,1,car,1
72,7,1363.17,363.87,187.73,189.86,1,car,1
73,1,938.37,211.47,169.0,180.39,1,car,1
73,2,1230.02,315.25,186.08,132.56,1,car,1
73,3,869.87,124.84,135.92,125.4,1,car,1
73,4,1531.91,195.09,112.55,94.43,1,car,1
73,5,1225.6,0.0,142.62,110.59,1,car,1
73,6,1254.48,206.4,146.6,114.15,1,car,1
73,7,1368.02,370.62,191.64,188.94,1,car,1
74,1,938.33,211.31,169.05,180.54,1,car,1
74,2,1232.86,314.16,189.66,136.31,1,car,1
74,3,870.12,124.74,135.38,125.85,1,car,1
74,4,1532.18,195.06,112.17,94.55,1,car,1
74,5,1225.63,0.0,142.67,110.61,1,car,1
74,6,1254.91,206.35,146.19,114.11,1,car,1
74,7,1372.86,377.38,195.55,188.01,1,car,1
75,1,938.29,211.15,169.09,180.69,1,car,1
75,2,1231.13,309.49,188.69,143.49,1,car,1
75,3,870.36,124.65,134.83,126.31,1,car,1
75,4,1532.45,195.03,111.79,94.66,1,car,1
75,5,1225.67,0.0,142.73,110.63,1,car,1
75,6,1255.33,206.29,145.79,114.06,1,car,1
75,7,1377.71,384.13,199.46,187.08,1,car,1
76,1,938.25,210.98,169.13,180.84,1,car,1
76,2,1229.4,304.82,187.71,150.68,1,car,1
76,3,870.6,124.55,134.28,126.77,1,car,1
76,4,1532.72,195.0,111.42,94.78,1,car,1
76,5,1225.7,0.0,142.79,110.65,1,car,1
76,6,1255.76,206.23,145.39,114.02,1,car,1
76,7,1382.55,390.89,203.37,186.16,1,car,1
77,1,938.21,210.32,169.2,181.34,1,car,1
77,2,1227.67,300.15,186.74,157.86,1,car,1
77,3,869.81,125.06,134.94,126.37,1,car,1
77,4,1532.59,195.04,111.56,94.81,1,car,1
77,5,1225.74,0.0,142.84,110.67,1,car,1
77,6,1256.18,206.17,144.98,113.97,1,car,1
77,7,1387.39,397.64,207.27,185.23,1,car,1
78,1,938.17,209.66,169.28,181.84,1,car,1
78,2,1225.93,295.48,185.77,165.04,1,car,1
78,3,869.03,125.57,135.59,125.97,1,car,1
78,4,1532.46,195.09,111.7,94.85,1,car,1
78,5,1225.78,0.0,142.9,110.69,1,car,1
78,6,1256.61,206.12,144.58,113.92,1,car,1
78,7,1392.47,399.25,205.65,187.88,1,car,1
79,1,938.13,209.0,169.35,182.34,1,car,1
79,2,1224.2,290.81,184.79,172.22,1,car,1
79,3,868.24,126.08,136.25,125.57,1,car,1
79,4,1532.33,195.13,111.84,94.88,1,car,1
79,5,1225.81,0.0,142.95,110.71,1,car,1
79,6,1256.41,206.18,144.63,113.96,1,car,1
79,7,1397.54,400.87,204.02,190.52,1,car,1
80,1,938.1,208.33,169.42,182.84,1,car,1
80,2,1222.47,286.14,183.82,179.4,1,car,1
80,3,867.45,126.59,136.91,125.17,1,car,1
80,4,1532.2,195.17,111.98,94.91,1,car,1
80,5,1225.85,0.0,143.01,110.73,1,car,1
80,6,1256.22,206.24,144.69,114.0,1,car,1
80,7,1402.61,402.48,202.39,193.17,1,car,1
81,1,938.06,207.67,169.5,183.34,1,car,1
81,2,1223.24,286.81,182.93,177.65,1,car,1
81,3,866.66,127.1,137.57,124.77,1,car,1
81,4,1532.07,195.22,112.12,94.95,1,car,1
81,5,1225.94,0.0,143.15,110.71,1,car,1
81,6,1256.03,206.3,144.74,114.04,1,car,1
81,7,1407.68,404.09,200.76,195.82,1,car,1
82,1,938.08,207.72,169.49,183.4,1,car,1
82,2,1224.01,287.48,182.04,175.9,1,car,1
82,3,866.32,126.69,137.46,124.82,1,car,1
82,4,1532.04,195.23,112.2,94.98,1,car,1
82,5,1226.04,0.0,143.29,110.7,1,car,1
82,6,1255.83,206.36,144.79,114.08,1,car,1
82,7,1412.75,405.7,199.13,198.46,1,car,1
83,1,938.1,207.78,169.48,183.45,1,car,1
83,2,1224.77,288.15,181.15,174.15,1,car,1
83,3,865.97,126.28,137.35,124.88,1,car,1
83,4,1532.0,195.24,112.27,95.01,1,car,1
83,5,1226.13,0.0,143.43,110.68,1,car,1
83,6,1255.64,206.42,144.85,114.11,1,car,1
83,7,1419.34,411.14,195.65,196.38,1,car,1
84,1,938.12,207.83,169.47,183.51,1,car,1
84,2,1225.54,288.82,180.26,172.41,1,car,1
84,3,865.62,125.87,137.24,124.94,1,car,1
84,4,1531.96,195.25,112.34,95.05,1,car,1
84,5,1226.23,0.0,143.57,110.66,1,car,1
84,6,1255.74,206.39,144.73,114.13,1,car,1
84,7,1425.93,416.57,192.17,194.3,1,car,1
85,1,938.14,207.89,169.47,183.57,1,car,1
85,2,1226.3,289.49,179.38,170.66,1,car,1
85,3,865.27,125.45,137.13,125.0,1,car,1
85,4,1531.92,195.27,112.41,95.08,1,car,1
85,5,1226.32,0.0,143.71,110.64,1,car,1
85,6,1255.84,206.36,144.61,114.15,1,car,1
85,7,1432.52,422.0,188.69,192.22,1,car,1
86,1,938.16,207.94,169.46,183.62,1,car,1
86,2,1227.07,290.15,178.49,168.91,1,car,1
86,3,864.92,125.04,137.02,125.05,1,car,1
86,4,1531.88,195.28,112.49,95.11,1,car,1
86,5,1226.38,0.0,143.45,110.48,1,car,1
86,6,1255.94,206.33,144.49,114.17,1,car,1
86,7,1439.11,427.43,185.21,190.15,1,car,1
87,1,938.34,207.52,169.25,183.77,1,car,1
87,2,1227.83,290.82,177.6,167.16,1,car,1
87,3,864.93,123.6,134.66,125.62,1,car,1
87,4,1531.91,195.28,112.41,95.16,1,car,1
87,5,1226.43,0.0,143.19,110.33,1,car,1
87,6,1256.05,206.3,144.37,114.19,1,car,1
87,7,1445.71,432.87,181.73,188.07,1,car,1
88,1,938.53,207.09,169.04,183.91,1,car,1
88,2,1228.6,291.49,176.71,165.41,1,car,1
88,3,864.94,122.15,132.3,126.19,1,car,1
88,4,1531.94,195.28,112.34,95.2,1,car,1
88,5,1226.49,0.0,142.93,110.17,1,car,1
88,6,1256.15,206.27,144.25,114.21,1,car,1
88,7,1443.18,428.86,188.35,194.69,1,car,1
89,1,938.72,206.67,168.82,184.05,1,car,1
89,2,1223.68,286.3,183.09,169.47,1,car,1
89,3,864.95,120.7,129.94,126.76,1,car,1
89,4,1531.97,195.27,112.27,95.24,1,car,1
89,5,1226.54,0.0,142.67,110.01,1,car,1
89,6,1257.74,206.31,142.63,113.98,1,car,1
89,7,1440.64,424.85,194.97,201.31,1,car,1
90,1,938.91,206.24,168.61,184.2,1,car,1
90,2,1218.76,281.12,189.47,173.52,1,car,1
90,3,864.95,119.25,127.58,127.33,1,car,1
90,4,1532.0,195.27,112.19,95.28,1,car,1
90,5,1226.6,0.0,142.41,109.85,1,car,1
90,6,1259.34,206.34,141.02,113.76,1,car,1
90,7,1438.11,420.84,201.59,207.94,1,car,1
91,1,939.1,205.82,168.4,184.34,1,car,1
91,2,1213.84,275.93,195.85,177.58,1,car,1
91,3,864.96,117.81,125.23,127.9,1,car,1
91,4,1532.03,195.27,112.12,95.33,1,car,1
91,5,1226.62,0.0,142.43,109.72,1,car,1
91,6,1260.94,206.38,139.4,113.54,1,car,1
91,7,1435.58,416.83,208.21,214.56,1,car,1
92,1,938.96,206.7,168.54,183.68,1,car,1
92,2,1208.92,270.74,202.23,181.63,1,car,1
92,3,864.0,117.84,126.03,127.22,1,car,1
92,4,1532.02,195.04,112.17,95.37,1,car,1
92,5,1226.65,0.0,142.45,109.58,1,car,1
92,6,1262.53,206.42,137.78,113.32,1,car,1
92,7,1433.05,412.83,214.83,221.19,1,car,1
93,1,938.82,207.57,168.67,183.02,1,car,1
93,2,1204.0,265.55,208.61,185.69,1,car,1
93,3,863.05,117.88,126.83,126.53,1,car,1
93,4,1532.01,194.81,112.22,95.41,1,car,1
93,5,1226.68,0.0,142.47,109.45,1,car,1
93,6,1264.13,206.46,136.17,113.09,1,car,1
93,7,1435.8,413.9,211.35,221.99,1,car,1
94,1,938.67,208.45,168.8,182.36,1,car,1
94,2,1199.8,274.98,207.08,173.76,1,car,1
94,3,862.09,117.92,127.64,125.84,1,car,1
94,4,1532.0,194.59,112.27,95.44,1,car,1
94,5,1226.7,0.0,142.49,109.32,1,car,1
94,6,1265.73,206.49,134.55,112.87,1,car,1
94,7,1438.55,414.97,207.88,222.79,1,car,1
95,1,938.53,209.33,168.94,181.7,1,car,1
95,2,1195.61,284.42,205.54,161.84,1,car,1
95,3,861.13,117.95,128.44,125.15,1,car,1
95,4,1531.99,194.36,112.32,95.48,1,car,1
95,5,1226.73,0.0,142.51,109.19,1,car,1
95,6,1267.32,206.53,132.93,112.65,1,car,1
95,7,1441.29,416.04,204.4,223.59,1,car,1
96,1,938.39,210.2,169.07,181.04,1,car,1
96,2,1191.41,293.86,204.01,149.91,1,car,1
96,3,860.17,117.99,129.24,124.46,1,car,1
96,4,1531.98,194.13,112.36,95.52,1,car,1
96,5,1226.63,0.0,142.54,109.21,1,car,1
96,6,1268.92,206.57,131.32,112.42,1,car,1
96,7,1444.04,417.11,200.93,224.4,1,car,1
97,1,939.13,209.84,168.42,180.98,1,car,1
97,2,1187.21,303.29,202.48,137.98,1,car,1
97,3,860.79,117.58,128.35,124.23,1,car,1
97,4,1531.97,193.9,112.41,95.56,1,car,1
97,5,1226.54,0.0,142.58,109.23,1,car,1
97,6,1269.61,206.5,130.64,112.35,1,car,1
97,7,1446.79,418.19,197.45,225.2,1,car,1
98,1,939.87,209.49,167.76,180.92,1,car,1
98,2,1183.01,312.73,200.94,126.06,1,car,1
98,3,861.41,117.17,127.46,124.01,1,car,1
98,4,1531.96,193.68,112.46,95.6,1,car,1
98,5,1226.44,0.0,142.61,109.26,1,car,1
98,6,1270.31,206.42,129.96,112.28,1,car,1
98,7,1446.61,419.52,200.34,224.53,1,car,1
99,1,940.6,209.13,167.11,180.86,1,car,1
99,2,1173.69,302.82,203.55,135.11,1,car,1
99,3,862.03,116.77,126.56,123.78,1,car,1
99,4,1532.07,193.93,112.19,95.51,1,car,1
99,5,1226.35,0.0,142.65,109.28,1,car,1
99,6,1271.01,206.35,129.28,112.21,1,car,1
99,7,1446.43,420.86,203.23,223.86,1,car,1
100,1,941.34,208.77,166.45,180.8,1,car,1
100,2,1164.38,292.92,206.17,144.16,1,car,1
100,3,862.65,116.36,125.67,123.55,1,car,1
100,4,1532.19,194.19,111.93,95.42,1,car,1
100,5,1226.25,0.0,142.68,109.31,1,car,1
100,6,1271.7,206.28,128.59,112.14,1,car,1
100,7,1446.24,422.19,206.11,223.19,1,car,1
101,1,942.08,208.41,165.79,180.74,1,car,1
101,2,1155.06,283.01,208.78,153.21,1,car,1
101,3,863.27,115.95,124.78,123.33,1,car,1
101,4,1532.3,194.44,111.66,95.33,1,car,1
101,5,1226.16,0.0,142.71,109.33,1,car,1
101,6,1272.4,206.21,127.91,112.07,1,car,1
101,7,1446.06,423.53,209.0,222.52,1,car,1
102,1,942.81,208.88,164.94,180.28,1,car,1
102,2,1145.75,273.1,211.39,162.26,1,car,1
102,3,863.56,116.2,123.29,123.15,1,car,1
102,4,1532.42,194.7,111.39,95.24,1,car,1
102,5,1226.06,0.0,142.75,109.36,1,car,1
102,6,1269.28,206.11,131.08,112.18,1,car,1
102,7,1445.88,424.86,211.89,221.86,1,car,1
103,1,943.55,209.36,164.08,179.81,1,car,1
103,2,1136.43,263.2,214.0,171.32,1,car,1
103,3,863.85,116.45,121.81,122.97,1,car,1
103,4,1532.54,194.96,111.12,95.15,1,car,1
103,5,1225.96,0.0,142.78,109.38,1,car,1
103,6,1266.17,206.01,134.25,112.28,1,car,1
103,7,1445.7,426.2,214.77,221.19,1,car,1
104,1,944.29,209.84,163.22,179.34,1,car,1
104,2,1130.53,261.35,205.14,169.22,1,car,1
104,3,864.15,116.7,120.33,122.79,1,car,1
104,4,1532.55,194.97,111.14,95.08,1,car,1
104,5,1225.87,0.0,142.82,109.41,1,car,1
104,6,1263.06,205.91,137.42,112.39,1,car,1
104,7,1445.52,427.54,217.66,220.52,1,car,1
105,1,945.02,210.32,162.36,178.88,1,car,1
105,2,1124.63,259.51,196.29,167.12,1,car,1
105,3,864.44,116.95,118.85,122.61,1,car,1
105,4,1532.57,194.98,111.16,95.01,1,car,1
105,5,1225.77,0.0,142.85,109.43,1,car,1
105,6,1259.95,205.81,140.59,112.49,1,car,1
105,7,1445.34,428.87,220.55,219.85,1,car,1
106,1,945.76,210.79,161.51,178.41,1,car,1
106,2,1118.74,257.66,187.43,165.02,1,car,1
106,3,864.73,117.2,117.37,122.43,1,car,1
106,4,1532.59,195.0,111.18,94.94,1,car,1
106,5,1225.68,0.0,142.88,109.46,1,car,1
106,6,1256.84,205.71,143.76,112.6,1,car,1
106,7,1450.84,427.06,214.46,220.8,1,car,1
107,1,944.44,211.06,157.91,178.32,1,car,1
107,2,1112.84,255.81,178.57,162.92,1,car,1
107,3,864.7,117.46,117.49,122.29,1,car,1
107,4,1532.61,195.01,111.2,94.87,1,car,1
107,5,1225.58,0.0,142.92,109.48,1,car,1
107,6,1257.36,205.73,143.22,112.65,1,car,1
107,7,1456.33,425.25,208.38,221.74,1,car,1
108,1,943.13,211.32,154.32,178.22,1,car,1
108,2,1106.94,253.97,169.71,160.82,1,car,1
108,3,864.68,117.72,117.61,122.16,1,car,1
108,4,1532.63,195.03,111.22,94.8,1,car,1
108,5,1225.48,0.0,142.95,109.51,1,car,1
108,6,1257.88,205.75,142.68,112.71,1,car,1
108,7,1461.82,423.44,202.29,222.69,1,car,1
109,1,941.81,211.59,150.73,178.13,1,car,1
109,2,1105.36,252.69,171.51,161.37,1,car,1
109,3,864.65,117.97,117.73,122.02,1,car,1
109,4,1532.62,195.0,111.22,94.91,1,car,1
109,5,1225.39,0.0,142.99,109.53,1,car,1
109,6,1258.41,205.77,142.14,112.76,1,car,1
109,7,1467.32,421.63,196.21,223.64,1,car,1
110,1,940.49,211.85,147.13,178.03,1,car,1
110,2,1103.79,251.41,173.3,161.91,1,car,1
110,3,864.62,118.23,117.85,121.88,1,car,1
110,4,1532.62,194.98,111.22,95.02,1,car,1
110,5,1225.29,0.0,143.02,109.55,1,car,1
110,6,1258.93,205.79,141.6,112.82,1,car,1
110,7,1472.81,419.82,190.12,224.58,1,car,1
111,1,939.18,212.12,143.54,177.94,1,car,1
111,2,1102.21,250.14,175.1,162.45,1,car,1
111,3,864.6,118.49,117.97,121.75,1,car,1
111,4,1532.61,194.96,111.22,95.13,1,car,1
111,5,1225.2,0.0,143.05,109.58,1,car,1
111,6,1259.45,205.81,141.06,112.88,1,car,1
111,7,1474.08,419.83,184.73,214.67,1,car,1
112,1,936.07,221.33,146.5,168.26,1,car,1
112,2,1100.64,248.86,176.89,163.0,1,car,1
112,3,864.67,118.17,117.41,121.87,1,car,1
112,4,1532.61,194.94,111.22,95.24,1,car,1
112,5,1225.1,0.0,143.09,109.6,1,car,1
112,6,1259.28,205.8,141.26,112.87,1,car,1
112,7,1475.34,419.84,179.34,204.75,1,car,1
113,1,932.96,230.55,149.46,158.58,1,car,1
113,2,1099.07,247.58,178.69,163.54,1,car,1
113,3,864.74,117.86,116.86,122.0,1,car,1
113,4,1532.6,194.92,111.22,95.35,1,car,1
113,5,1225.0,0.0,143.12,109.63,1,car,1
113,6,1259.1,205.78,141.47,112.86,1,car,1
113,7,1476.6,419.85,173.95,194.83,1,car,1
114,1,929.85,239.76,152.43,148.91,1,car,1
114,2,1095.74,247.51,183.03,163.83,1,car,1
114,3,864.81,117.54,116.3,122.12,1,car,1
114,4,1532.61,194.91,111.21,95.38,1,car,1
114,5,1224.91,0.0,143.16,109.65,1,car,1
114,6,1258.93,205.77,141.67,112.85,1,car,1
114,7,1477.87,419.86,168.56,184.91,1,car,1
115,1,926.74,248.98,155.39,139.23,1,car,1
115,2,1092.41,247.43,187.36,164.11,1,car,1
115,3,864.88,117.22,115.74,122.25,1,car,1
115,4,1532.62,194.9,111.19,95.42,1,car,1
115,5,1224.81,0.0,143.19,109.68,1,car,1
115,6,1258.76,205.76,141.88,112.84,1,car,1
115,7,1479.13,419.87,163.17,174.99,1,car,1
116,1,923.63,258.19,158.35,129.55,1,car,1
116,2,1089.08,247.35,191.7,164.39,1,car,1
116,3,864.95,116.91,115.19,122.37,1,car,1
116,4,1532.63,194.89,111.18,95.46,1,car,1
116,5,1224.72,0.0,143.22,109.7,1,car,1
116,6,1258.58,205.75,142.08,112.83,1,car,1
116,7,1471.32,418.58,166.79,180.81,1,car,1
117,1,920.52,267.4,161.32,119.88,1,car,1
117,2,1085.75,247.28,196.03,164.68,1,car,1
117,3,864.9,116.93,115.56,122.13,1,car,1
117,4,1532.64,194.88,111.17,95.49,1,car,1
117,5,1224.62,0.0,143.26,109.73,1,car,1
117,6,1258.88,205.76,141.79,112.86,1,car,1
117,7,1463.5,417.29,170.41,186.62,1,car,1
118,1,917.41,276.62,164.28,110.2,1,car,1
118,2,1082.42,247.2,200.36,164.96,1,car,1
118,3,864.86,116.96,115.93,121.89,1,car,1
118,4,1532.64,194.87,111.16,95.53,1,car,1
118,5,1224.53,0.0,143.29,109.75,1,car,1
118,6,1259.17,205.78,141.49,112.88,1,car,1
118,7,1455.69,416.0,174.03,192.44,1,car,1
119,1,915.99,259.7,163.08,125.47,1,car,1
119,2,1083.83,246.94,196.47,164.62,1,car,1
119,3,864.81,116.98,116.3,121.65,1,car,1
119,4,1532.62,194.84,111.18,95.67,1,car,1
119,5,1224.43,0.0,143.33,109.78,1,car,1
119,6,1259.46,205.79,141.2,112.91,1,car,1
119,7,1447.88,414.71,177.64,198.25,1,car,1
120,1,914.57,242.79,161.88,140.74,1,car,1
120,2,1085.24,246.68,192.57,164.27,1,car,1
120,3,864.76,117.01,116.68,121.41,1,car,1
120,4,1532.6,194.81,111.21,95.8,1,car,1
120,5,1224.33,0.0,143.36,109.8,1,car,1
120,6,1259.76,205.8,140.9,112.94,1,car,1
120,7,1440.06,413.42,181.26,204.06,1,car,1
121,1,913.15,225.88,160.68,156.01,1,car,1
121,2,1086.66,246.41,188.68,163.92,1,car,1
121,3,864.71,117.04,117.05,121.17,1,car,1
121,4,1532.57,194.78,111.24,95.94,1,car,1
121,5,1224.24,0.0,143.39,109.83,1,car,1
121,6,1260.05,205.82,140.6,112.97,1,car,1
121,7,1435.1,412.57,183.8,205.95,1,car,1
122,1,911.72,208.96,159.48,171.28,1,car,1
122,2,1088.07,246.15,184.79,163.57,1,car,1
122,3,864.76,116.89,116.69,121.1,1,car,1
122,4,1532.55,194.75,111.27,96.08,1,car,1
122,5,1224.14,0.0,143.43,109.85,1,car,1
122,6,1259.58,205.79,141.05,113.17,1,car,1
122,7,1430.13,411.71,186.34,207.83,1,car,1
123,1,910.3,192.05,158.28,186.55,1,car,1
123,2,1089.48,245.88,180.89,163.22,1,car,1
123,3,864.81,116.74,116.33,121.04,1,car,1
123,4,1532.53,194.72,111.29,96.21,1,car,1
123,5,1224.05,0.0,143.46,109.88,1,car,1
123,6,1259.12,205.77,141.5,113.38,1,car,1
123,7,1425.16,410.86,188.88,209.71,1,car,1
124,1,907.43,204.48,159.05,174.07,1,car,1
124,2,1087.19,245.91,185.66,163.15,1,car,1
124,3,864.86,116.6,115.98,120.97,1,car,1
124,4,1532.49,194.52,111.53,96.23,1,car,1
124,5,1223.95,0.0,143.5,109.9,1,car,1
124,6,1258.66,205.75,141.95,113.59,1,car,1
124,7,1420.19,410.0,191.42,211.6,1,car,1
125,1,904.55,216.91,159.82,161.58,1,car,1
125,2,1084.9,245.93,190.44,163.07,1,car,1
125,3,864.91,116.45,115.62,120.91,1,car,1
125,4,1532.46,194.31,111.76,96.24,1,car,1
125,5,1223.85,0.0,143.53,109.92,1,car,1
125,6,1258.19,205.72,142.4,113.8,1,car,1
125,7,1415.22,409.14,193.96,213.48,1,car,1
126,1,901.68,229.34,160.6,149.1,1,car,1
126,2,1082.6,245.96,195.21,162.99,1,car,1
126,3,864.96,116.31,115.26,120.84,1,car,1
126,4,1532.43,194.11,111.99,96.26,1,car,1
126,5,1223.76,0.0,143.56,109.95,1,car,1
126,6,1257.73,205.7,142.85,114.01,1,car,1
126,7,1408.58,405.62,197.7,212.55,1,car,1
127,1,898.81,241.77,161.37,136.61,1,car,1
127,2,1080.31,245.98,199.98,162.92,1,car,1
127,3,864.96,116.36,115.49,120.93,1,car,1
127,4,1532.4,193.91,112.22,96.28,1,car,1
127,5,1223.66,0.0,143.6,109.97,1,car,1
127,6,1257.89,205.71,142.68,113.76,1,car,1
127,7,1401.93,402.1,201.45,211.62,1,car,1
128,1,895.93,254.2,162.15,124.13,1,car,1
128,2,1078.02,246.01,204.76,162.84,1,car,1
128,3,864.96,116.42,115.72,121.02,1,car,1
128,4,1532.36,193.71,112.46,96.29,1,car,1
128,5,1223.57,0.0,143.63,110.0,1,car,1
128,6,1258.06,205.73,142.5,113.5,1,car,1
128,7,1395.28,398.57,205.19,210.7,1,car,1
129,1,894.4,242.53,162.31,135.08,1,car,1
129,2,1080.36,245.96,201.81,163.32,1,car,1
129,3,864.95,116.47,115.95,121.1,1,car,1
129,4,1532.39,194.05,112.48,96.01,1,car,1
129,5,1223.47,0.0,143.67,110.02,1,car,1
129,6,1258.22,205.74,142.33,113.25,1,car,1
129,7,1388.64,395.05,208.94,209.77,1,car,1
130,1,892.86,230.86,162.47,146.02,1,car,1
130,2,1082.69,245.92,198.86,163.8,1,car,1
130,3,864.95,116.53,116.18,121.19,1,car,1
130,4,1532.41,194.39,112.51,95.72,1,car,1
130,5,1223.37,0.0,143.7,110.05,1,car,1
130,6,1258.38,205.75,142.16,113.0,1,car,1
130,7,1381.99,391.52,212.69,208.84,1,car,1
131,1,891.33,219.19,162.63,156.97,1,car,1
131,2,1085.03,245.87,195.92,164.28,1,car,1
131,3,864.95,116.58,116.41,121.28,1,car,1
131,4,1532.43,194.73,112.54,95.43,1,car,1
131,5,1223.28,0.0,143.73,110.07,1,car,1
131,6,1258.54,205.77,141.98,112.74,1,car,1
131,7,1375.89,391.84,213.23,207.42,1,car,1
132,1,889.79,207.52,162.79,167.92,1,car,1
132,2,1087.37,245.83,192.97,164.76,1,car,1
132,3,865.07,117.11,116.49,120.67,1,car,1
132,4,1532.46,195.07,112.56,95.14,1,car,1
132,5,1223.18,0.0,143.77,110.1,1,car,1
132,6,1258.72,205.76,141.67,112.74,1,car,1
132,7,1369.78,392.15,213.78,205.99,1,car,1
133,1,888.25,195.86,162.95,178.87,1,car,1
133,2,1089.7,245.78,190.02,165.23,1,car,1
133,3,865.18,117.64,116.57,120.06,1,car,1
133,4,1532.48,195.4,112.59,94.86,1,car,1
133,5,1223.09,0.0,143.8,110.12,1,car,1
133,6,1258.89,205.75,141.36,112.74,1,car,1
133,7,1363.67,392.47,214.33,204.57,1,car,1
134,1,888.24,195.26,162.83,179.27,1,car,1
134,2,1089.09,245.76,189.19,164.56,1,car,1
134,3,865.3,118.16,116.65,119.45,1,car,1
134,4,1532.51,195.3,112.42,94.87,1,car,1
134,5,1222.99,0.0,143.84,110.15,1,car,1
134,6,1259.06,205.75,141.05,112.74,1,car,1
134,7,1357.57,392.78,214.87,203.14,1,car,1
135,1,888.23,194.67,162.72,179.66,1,car,1
135,2,1088.48,245.73,188.36,163.88,1,car,1
135,3,865.42,118.69,116.72,118.84,1,car,1
135,4,1532.55,195.2,112.25,94.89,1,car,1
135,5,1222.9,0.0,143.87,110.17,1,car,1
135,6,1259.24,205.74,140.74,112.74,1,car,1
135,7,1351.46,393.1,215.42,201.72,1,car,1
136,1,888.22,194.08,162.6,180.06,1,car,1
136,2,1087.87,245.71,187.53,163.2,1,car,1
136,3,865.54,119.21,116.8,118.23,1,car,1
136,4,1532.58,195.09,112.08,94.91,1,car,1
136,5,1222.8,0.0,143.9,110.2,1,car,1
136,6,1259.41,205.74,140.43,112.74,1,car,1
136,7,1346.85,399.03,211.42,192.1,1,car,1
137,1,888.2,193.48,162.48,180.46,1,car,1
137,2,1087.26,245.68,186.7,162.52,1,car,1
137,3,865.5,119.15,117.03,118.34,1,car,1
137,4,1532.62,194.99,111.91,94.93,1,car,1
137,5,1222.7,0.0,143.94,110.22,1,car,1
137,6,1259.35,205.75,140.5,112.83,1,car,1
137,7,1342.24,404.97,207.41,182.48,1,car,1
138,1,888.19,192.89,162.36,180.86,1,car,1
138,2,1086.65,245.66,185.86,161.84,1,car,1
138,3,865.46,119.09,117.25,118.45,1,car,1
138,4,1532.65,194.88,111.74,94.94,1,car,1
138,5,1222.61,0.0,143.97,110.24,1,car,1
138,6,1259.29,205.77,140.57,112.91,1,car,1
138,7,1337.63,410.9,203.41,172.86,1,car,1
139,1,888.16,193.0,162.35,180.73,1,car,1
139,2,1085.39,245.72,190.05,162.14,1,car,1
139,3,865.43,119.02,117.48,118.56,1,car,1
139,4,1532.45,194.96,112.05,94.88,1,car,1
139,5,1222.51,0.0,144.01,110.27,1,car,1
139,6,1259.23,205.78,140.64,113.0,1,car,1
139,7,1333.02,416.83,199.41,163.25,1,car,1
140,1,888.14,193.11,162.35,180.6,1,car,1
140,2,1084.12,245.77,194.24,162.44,1,car,1
140,3,865.39,118.96,117.7,118.68,1,car,1
140,4,1532.25,195.04,112.37,94.82,1,car,1
140,5,1222.42,0.0,144.04,110.29,1,car,1
140,6,1259.17,205.8,140.71,113.08,1,car,1
140,7,1328.41,422.77,195.4,153.63,1,car,1
141,1,888.11,193.22,162.34,180.47,1,car,1
141,2,1082.85,245.83,198.43,162.73,1,car,1
141,3,865.36,118.89,117.93,118.79,1,car,1
141,4,1532.04,195.12,112.68,94.76,1,car,1
141,5,1222.32,0.0,144.07,110.32,1,car,1
141,6,1259.11,205.81,140.78,113.17,1,car,1
141,7,1326.61,414.83,192.94,158.54,1,car,1
142,1,888.08,193.33,162.33,180.34,1,car,1
142,2,1081.59,245.89,202.61,163.03,1,car,1
142,3,865.35,118.96,117.91,118.75,1,car,1
142,4,1531.84,195.2,112.99,94.7,1,car,1
142,5,1222.22,0.0,144.11,110.34,1,car,1
142,6,1259.08,205.81,140.79,113.13,1,car,1
142,7,1324.82,406.88,190.48,163.44,1,car,1
143,1,888.05,193.45,162.32,180.21,1,car,1
143,2,1080.32,245.95,206.8,163.33,1,car,1
143,3,865.35,119.02,117.88,118.71,1,car,1
143,4,1531.63,195.28,113.31,94.64,1,car,1
143,5,1222.13,0.0,144.14,110.37,1,car,1
143,6,1259.05,205.81,140.79,113.09,1,car,1
143,7,1323.03,398.94,188.01,168.35,1,car,1
144,1,888.02,193.32,162.33,180.38,1,car,1
144,2,1081.81,245.92,200.23,162.88,1,car,1
144,3,865.34,119.09,117.86,118.67,1,car,1
144,4,1531.69,195.28,113.26,94.52,1,car,1
144,5,1222.03,0.0,144.18,110.39,1,car,1
144,6,1259.03,205.82,140.8,113.05,1,car,1
144,7,1321.24,391.0,185.55,173.26,1,car,1
145,1,888.0,193.19,162.33,180.56,1,car,1
145,2,1083.31,245.9,193.67,162.44,1,car,1
145,3,865.34,119.15,117.84,118.62,1,car,1
145,4,1531.76,195.28,113.21,94.4,1,car,1
145,5,1221.94,0.0,144.21,110.42,1,car,1
145,6,1259.0,205.82,140.81,113.01,1,car,1
145,7,1319.44,383.06,183.08,178.16,1,car,1
146,1,887.97,193.07,162.34,180.73,1,car,1
146,2,1084.8,245.87,187.1,161.99,1,car,1
146,3,865.33,119.22,117.81,118.58,1,car,1
146,4,1531.82,195.28,113.16,94.28,1,car,1
146,5,1221.84,0.0,144.24,110.44,1,car,1
146,6,1258.97,205.82,140.81,112.96,1,car,1
146,7,1312.35,377.16,187.96,178.03,1,car,1
147,1,887.94,192.94,162.34,180.91,1,car,1
147,2,1086.29,245.84,180.53,161.55,1,car,1
147,3,865.35,118.79,118.08,118.89,1,car,1
147,4,1531.88,195.29,113.11,94.16,1,car,1
147,5,1221.74,0.0,144.28,110.47,1,car,1
147,6,1258.89,205.79,140.98,112.94,1,car,1
147,7,1305.27,371.26,192.84,177.9,1,car,1
148,1,887.91,192.82,162.35,181.09,1,car,1
148,2,1087.78,245.82,173.96,161.1,1,car,1
148,3,865.36,118.37,118.35,119.19,1,car,1
148,4,1531.94,195.29,113.07,94.04,1,car,1
148,5,1221.65,0.0,144.31,110.49,1,car,1
148,6,1258.81,205.76,141.14,112.92,1,car,1
148,7,1298.18,365.36,197.72,177.76,1,car,1
149,1,887.7,192.86,162.33,181.06,1,car,1
149,2,1086.96,246.21,179.6,161.18,1,car,1
149,3,865.38,117.94,118.61,119.5,1,car,1
149,4,1531.99,195.21,112.98,94.13,1,car,1
149,5,1221.55,0.0,144.35,110.52,1,car,1
149,6,1258.73,205.73,141.3,112.9,1,car,1
149,7,1291.09,359.46,202.59,177.63,1,car,1
150,1,887.48,192.91,162.32,181.03,1,car,1
150,2,1086.14,246.61,185.23,161.27,1,car,1
150,3,865.4,117.52,118.88,119.8,1,car,1
150,4,1532.04,195.14,112.89,94.22,1,car,1
150,5,1221.46,0.0,144.38,110.54,1,car,1
150,6,1258.65,205.7,141.47,112.88,1,car,1
150,7,1284.0,353.56,207.47,177.5,1,car,1
151,1,887.27,192.96,162.3,181.0,1,car,1
151,2,1085.32,247.01,190.86,161.35,1,car,1
151,3,865.41,117.09,119.14,120.1,1,car,1
151,4,1532.09,195.07,112.8,94.31,1,car,1
151,5,1221.36,0.0,144.41,110.57,1,car,1
151,6,1258.57,205.67,141.63,112.86,1,car,1
151,7,1281.62,352.15,206.67,185.19,1,car,1
152,1,887.05,193.01,162.28,180.97,1,car,1
152,2,1084.5,247.41,196.49,161.43,1,car,1
152,3,865.58,117.08,118.49,120.48,1,car,1
152,4,1532.13,194.99,112.71,94.41,1,car,1
152,5,1221.27,0.0,144.45,110.59,1,car,1
152,6,1258.58,205.96,141.43,112.93,1,car,1
152,7,1279.24,350.74,205.88,192.88,1,car,1
153,1,886.84,193.06,162.26,180.94,1,car,1
153,2,1083.68,247.81,202.13,161.52,1,car,1
153,3,865.74,117.07,117.83,120.86,1,car,1
153,4,1532.18,194.92,112.62,94.5,1,car,1
153,5,1221.17,0.0,144.48,110.61,1,car,1
153,6,1258.59,206.24,141.23,112.99,1,car,1
153,7,1276.86,349.33,205.08,200.58,1,car,1
154,1,886.82,193.31,162.31,180.87,1,car,1
154,2,1083.32,247.6,199.92,160.93,1,car,1
154,3,865.9,117.06,117.18,121.23,1,car,1
154,4,1532.12,195.12,112.63,94.68,1,car,1
154,5,1221.07,0.0,144.52,110.64,1,car,1
154,6,1258.6,206.52,141.02,113.06,1,car,1
154,7,1274.48,347.92,204.29,208.27,1,car,1
155,1,886.79,193.55,162.36,180.81,1,car,1
155,2,1082.95,247.39,197.72,160.35,1,car,1
155,3,866.06,117.06,116.53,121.61,1,car,1
155,4,1532.05,195.32,112.63,94.87,1,car,1
155,5,1220.98,0.0,144.55,110.66,1,car,1
155,6,1258.61,206.8,140.82,113.12,1,car,1
155,7,1272.1,346.52,203.49,215.96,1,car,1
156,1,886.77,193.8,162.41,180.74,1,car,1
156,2,1082.58,247.18,195.52,159.77,1,car,1
156,3,866.23,117.05,115.87,121.98,1,car,1
156,4,1531.99,195.52,112.64,95.05,1,car,1
156,5,1220.88,0.0,144.58,110.69,1,car,1
156,6,1258.62,207.09,140.62,113.19,1,car,1
156,7,1270.38,346.02,203.46,214.2,1,car,1
157,1,886.74,194.04,162.46,180.68,1,car,1
157,2,1082.22,246.97,193.32,159.19,1,car,1
157,3,866.03,117.03,116.34,122.37,1,car,1
157,4,1531.92,195.72,112.64,95.24,1,car,1
157,5,1220.79,0.0,144.62,110.71,1,car,1
157,6,1258.78,207.17,140.49,112.9,1,car,1
157,7,1268.66,345.53,203.43,212.43,1,car,1
158,1,886.72,194.29,162.51,180.61,1,car,1
158,2,1081.85,246.76,191.11,158.6,1,car,1
158,3,865.84,117.02,116.81,122.76,1,car,1
158,4,1531.85,195.92,112.64,95.42,1,car,1
158,5,1220.8,0.0,144.64,110.69,1,car,1
158,6,1258.94,207.25,140.37,112.61,1,car,1
158,7,1266.94,345.04,203.4,210.66,1,car,1
159,1,886.22,194.08,163.08,180.85,1,car,1
159,2,1081.13,246.92,192.26,159.21,1,car,1
159,3,865.65,117.01,117.28,123.15,1,car,1
159,4,1531.83,195.9,112.66,95.31,1,car,1
159,5,1220.82,0.0,144.66,110.68,1,car,1
159,6,1259.1,207.33,140.24,112.32,1,car,1
159,7,1265.22,344.55,203.36,208.9,1,car,1
160,1,885.71,193.88,163.65,181.09,1,car,1
160,2,1080.41,247.08,193.41,159.82,1,car,1
160,3,865.46,116.99,117.75,123.54,1,car,1
160,4,1531.81,195.87,112.68,95.19,1,car,1
160,5,1220.84,0.0,144.68,110.66,1,car,1
160,6,1259.26,207.42,140.12,112.03,1,car,1
160,7,1263.5,344.06,203.33,207.13,1,car,1
161,1,885.21,193.68,164.22,181.33,1,car,1
161,2,1079.69,247.24,194.57,160.43,1,car,1
161,3,865.27,116.98,118.22,123.93,1,car,1
161,4,1531.78,195.85,112.69,95.07,1,car,1
161,5,1220.86,0.0,144.7,110.64,1,car,1
161,6,1259.41,207.5,139.99,111.75,1,car,1
161,7,1261.65,348.4,204.98,204.07,1,car,1
162,1,884.71,193.47,164.79,181.56,1,car,1
162,2,1078.97,247.4,195.72,161.04,1,car,1
162,3,865.63,117.3,117.98,123.43,1,car,1
162,4,1531.76,195.83,112.71,94.96,1,car,1
162,5,1220.88,0.0,144.72,110.62,1,car,1
162,6,1259.53,207.37,139.99,111.87,1,car,1
162,7,1259.8,352.74,206.62,201.01,1,car,1
163,1,884.21,193.27,165.37,181.8,1,car,1
163,2,1078.25,247.56,196.87,161.65,1,car,1
163,3,865.98,117.62,117.73,122.94,1,car,1
163,4,1531.73,195.81,112.73,94.84,1,car,1
163,5,1220.89,0.0,144.74,110.6,1,car,1
163,6,1259.64,207.25,139.99,111.99,1,car,1
163,7,1257.95,357.08,208.26,197.95,1,car,1
164,1,883.86,193.11,165.84,181.99,1,car,1
164,2,1079.18,247.27,197.72,161.91,1,car,1
164,3,866.34,117.94,117.49,122.45,1,car,1
164,4,1531.83,195.79,112.63,94.73,1,car,1
164,5,1220.91,0.0,144.76,110.58,1,car,1
164,6,1259.75,207.12,139.98,112.12,1,car,1
164,7,1256.1,361.42,209.91,194.89,1,car,1
165,1,883.52,192.95,166.31,182.17,1,car,1
165,2,1080.1,246.98,198.58,162.18,1,car,1
165,3,866.7,118.26,117.24,121.95,1,car,1
165,4,1531.92,195.77,112.53,94.62,1,car,1
165,5,1220.93,0.0,144.78,110.57,1,car,1
165,6,1259.86,206.99,139.98,112.24,1,car,1
165,7,1254.25,365.76,211.55,191.83,1,car,1
166,1,883.17,192.8,166.79,182.36,1,car,1
166,2,1081.02,246.69,199.44,162.44,1,car,1
166,3,867.05,118.58,117.0,121.46,1,car,1
166,4,1532.01,195.76,112.43,94.51,1,car,1
166,5,1220.95,0.0,144.8,110.55,1,car,1
166,6,1259.97,206.86,139.98,112.36,1,car,1
166,7,1257.05,362.81,206.17,195.4,1,car,1
167,1,882.83,192.64,167.26,182.54,1,car,1
167,2,1081.94,246.4,200.3,162.71,1,car,1
167,3,868.11,118.87,118.67,120.67,1,car,1
167,4,1532.1,195.74,112.34,94.4,1,car,1
167,5,1220.97,0.0,144.82,110.53,1,car,1
167,6,1260.03,206.86,139.89,112.34,1,car,1
167,7,1259.85,359.86,200.78,198.97,1,car,1
168,1,882.48,192.48,167.74,182.73,1,car,1
168,2,1082.86,246.11,201.16,162.98,1,car,1
168,3,869.16,119.15,120.33,119.87,1,car,1
168,4,1532.19,195.72,112.24,94.29,1,car,1
168,5,1220.98,0.0,144.84,110.51,1,car,1
168,6,1260.09,206.86,139.8,112.31,1,car,1
168,7,1262.65,356.92,195.39,202.54,1,car,1
169,1,881.66,177.52,168.52,197.56,1,car,1
169,2,1084.41,246.09,195.45,162.46,1,car,1
169,3,870.22,119.44,121.99,119.07,1,car,1
169,4,1532.19,195.69,112.13,94.3,1,car,1
169,5,1221.0,0.0,144.86,110.49,1,car,1
169,6,1260.15,206.85,139.71,112.28,1,car,1
169,7,1265.45,353.97,190.0,206.11,1,car,1
170,1,880.83,162.56,169.31,212.39,1,car,1
170,2,1085.96,246.07,189.75,161.95,1,car,1
170,3,871.27,119.73,123.66,118.28,1,car,1
170,4,1532.2,195.66,112.03,94.31,1,car,1
170,5,1221.02,0.0,144.88,110.47,1,car,1
170,6,1260.22,206.85,139.62,112.25,1,car,1
170,7,1268.25,351.02,184.62,209.68,1,car,1
171,1,880.01,147.6,170.1,227.22,1,car,1
171,2,1087.51,246.05,184.04,161.44,1,car,1
171,3,872.33,120.02,125.32,117.48,1,car,1
171,4,1532.2,195.63,111.93,94.32,1,car,1
171,5,1221.04,0.0,144.9,110.46,1,car,1
171,6,1260.28,206.84,139.54,112.22,1,car,1
171,7,1263.76,346.85,190.56,214.88,1,car,1
172,1,879.19,132.63,170.89,242.05,1,car,1
172,2,1089.06,246.02,178.33,160.93,1,car,1
172,3,874.17,119.01,126.44,118.04,1,car,1
172,4,1532.2,195.6,111.82,94.33,1,car,1
172,5,1221.06,0.0,144.92,110.44,1,car,1
172,6,1260.27,206.84,139.56,112.27,1,car,1
172,7,1259.27,342.68,196.51,220.07,1,car,1
172,8,1322.83,443.4,139.59,119.69,1,car,1
173,1,878.36,117.67,171.68,256.88,1,car,1
173,2,1090.6,246.0,172.63,160.42,1,car,1
173,3,876.01,118.0,127.56,118.59,1,car,1
173,4,1532.2,195.57,111.72,94.33,1,car,1
173,5,1221.07,0.0,144.94,110.42,1,car,1
173,6,1260.26,206.85,139.58,112.31,1,car,1
173,7,1254.78,338.51,202.45,225.27,1,car,1
173,8,1321.38,443.4,138.6,119.08,1,car,1
174,1,879.2,133.21,170.81,241.37,1,car,1
174,2,1087.3,245.89,180.38,161.53,1,car,1
174,3,877.85,117.0,128.68,119.14,1,car,1
174,4,1532.26,195.59,111.64,94.32,1,car,1
174,5,1221.09,0.0,144.96,110.4,1,car,1
174,6,1260.25,206.85,139.61,112.36,1,car,1
174,7,1250.28,334.33,208.4,230.46,1,car,1
174,8,1319.94,443.41,137.62,118.47,1,car,1
175,1,880.03,148.75,169.94,225.86,1,car,1
175,2,1083.99,245.78,188.12,162.64,1,car,1
175,3,879.69,115.99,129.8,119.7,1,car,1
175,4,1532.32,195.6,111.57,94.3,1,car,1
175,5,1221.11,0.0,144.98,110.38,1,car,1
175,6,1260.24,206.85,139.63,112.4,1,car,1
175,7,1245.79,330.16,214.34,235.66,1,car,1
175,8,1318.49,443.41,136.64,117.86,1,car,1
176,1,880.86,164.28,169.07,210.35,1,car,1
176,2,1080.68,245.66,195.87,163.75,1,car,1
176,3,881.53,114.98,130.92,120.25,1,car,1
176,4,1532.39,195.62,111.49,94.29,1,car,1
176,5,1221.13,0.0,145.0,110.36,1,car,1
176,6,1260.23,206.85,139.65,112.45,1,car,1
176,7,1247.48,334.13,211.35,229.59,1,car,1
176,8,1317.05,443.42,135.65,117.25,1,car,1
177,1,881.7,179.82,168.21,194.84,1,car,1
177,2,1077.37,245.55,203.62,164.86,1,car,1
177,3,883.37,113.97,132.04,120.8,1,car,1
177,4,1532.45,195.63,111.41,94.27,1,car,1
177,5,1221.15,0.0,145.02,110.35,1,car,1
177,6,1260.21,206.82,139.66,112.43,1,car,1
177,7,1249.17,338.1,208.35,223.52,1,car,1
177,8,1315.6,443.42,134.67,116.64,1,car,1
178,1,882.53,195.36,167.34,179.32,1,car,1
178,2,1074.06,245.44,211.37,165.98,1,car,1
178,3,883.15,114.43,131.59,119.73,1,car,1
178,4,1532.51,195.65,111.34,94.25,1,car,1
178,5,1221.16,0.0,145.04,110.33,1,car,1
178,6,1260.19,206.79,139.66,112.41,1,car,1
178,7,1250.86,342.07,205.35,217.45,1,car,1
178,8,1314.15,443.43,133.69,116.03,1,car,1
179,1,882.84,195.41,167.01,179.24,1,car,1
179,2,1075.83,245.99,204.92,165.38,1,car,1
179,3,882.92,114.9,131.13,118.66,1,car,1
179,4,1532.53,195.63,111.39,94.24,1,car,1
179,5,1221.18,0.0,145.06,110.31,1,car,1
179,6,1260.16,206.76,139.67,112.38,1,car,1
179,7,1252.55,346.04,202.35,211.39,1,car,1
179,8,1312.71,443.43,132.7,115.42,1,car,1
180,1,883.15,195.47,166.68,179.15,1,car,1
180,2,1077.6,246.55,198.48,164.79,1,car,1
180,3,882.7,115.36,130.68,117.59,1,car,1
180,4,1532.56,195.62,111.43,94.23,1,car,1
180,5,1221.2,0.0,145.08,110.29,1,car,1
180,6,1260.14,206.73,139.67,112.36,1,car,1
180,7,1254.24,350.01,199.35,205.32,1,car,1
180,8,1311.26,443.44,131.72,114.81,1,car,1
181,1,883.46,195.52,166.35,179.06,1,car,1
181,2,1079.37,247.11,192.03,164.19,1,car,1
181,3,882.47,115.82,130.23,116.52,1,car,1
181,4,1532.58,195.61,111.48,94.21,1,car,1
181,5,1221.22,0.0,145.1,110.27,1,car,1
181,6,1260.12,206.7,139.68,112.34,1,car,1
181,7,1252.22,349.43,203.21,208.07,1,car,1
181,8,1309.82,443.44,130.74,114.2,1,car,1
182,1,883.77,195.58,166.01,178.97,1,car,1
182,2,1081.14,247.66,185.59,163.59,1,car,1
182,3,882.25,116.28,129.77,115.45,1,car,1
182,4,1532.6,195.6,111.53,94.2,1,car,1
182,5,1221.24,0.0,145.12,110.25,1,car,1
182,6,1260.09,206.7,139.73,112.37,1,car,1
182,7,1250.19,348.86,207.06,210.82,1,car,1
182,8,1308.37,443.44,129.75,113.59,1,car,1
183,1,884.08,195.63,165.68,178.89,1,car,1
183,2,1082.91,248.22,179.14,163.0,1,car,1
183,3,879.95,115.71,127.77,116.01,1,car,1
183,4,1532.63,195.58,111.58,94.19,1,car,1
183,5,1221.25,0.0,145.14,110.24,1,car,1
183,6,1260.06,206.7,139.79,112.4,1,car,1
183,7,1248.16,348.28,210.92,213.57,1,car,1
183,8,1306.93,443.45,128.77,112.98,1,car,1
184,1,884.42,195.28,165.42,179.23,1,car,1
184,2,1080.02,247.88,183.05,162.52,1,car,1
184,3,877.65,115.14,125.77,116.57,1,car,1
184,4,1532.56,195.38,111.67,94.39,1,car,1
184,5,1221.27,0.0,145.16,110.22,1,car,1
184,6,1260.04,206.7,139.84,112.43,1,car,1
184,7,1246.14,347.7,214.77,216.32,1,car,1
184,8,1305.48,443.45,127.79,112.37,1,car,1
185,1,884.76,194.93,165.16,179.58,1,car,1
185,2,1077.12,247.55,186.96,162.04,1,car,1
185,3,875.35,114.57,123.77,117.12,1,car,1
185,4,1532.5,195.18,111.76,94.59,1,car,1
185,5,1221.29,0.0,145.18,110.2,1,car,1
185,6,1260.01,206.7,139.89,112.47,1,car,1
185,7,1244.11,347.13,218.63,219.07,1,car,1
185,8,1304.04,443.46,126.8,111.76,1,car,1
186,1,885.09,194.59,164.9,179.93,1,car,1
186,2,1074.22,247.21,190.87,161.56,1,car,1
186,3,873.05,114.0,121.77,117.68,1,car,1
186,4,1532.44,194.98,111.86,94.79,1,car,1
186,5,1221.31,0.0,145.2,110.18,1,car,1
186,6,1259.98,206.69,139.94,112.5,1,car,1
186,7,1249.46,352.49,211.77,213.88,1,car,1
186,8,1302.59,443.46,125.82,111.15,1,car,1
187,1,885.43,194.24,164.64,180.28,1,car,1
187,2,1071.33,246.87,194.77,161.08,1,car,1
187,3,870.75,113.44,119.77,118.24,1,car,1
187,4,1532.38,194.78,111.95,94.99,1,car,1
187,5,1221.33,0.0,145.22,110.16,1,car,1
187,6,1260.01,206.71,139.91,112.5,1,car,1
187,7,1254.81,357.85,204.91,208.7,1,car,1
187,8,1301.14,443.47,124.84,110.54,1,car,1
188,1,885.76,193.89,164.37,180.62,1,car,1
188,2,1068.43,246.53,198.68,160.6,1,car,1
188,3,867.85,116.05,119.14,115.82,1,car,1
188,4,1532.31,194.58,112.04,95.19,1,car,1
188,5,1221.34,0.0,145.24,110.14,1,car,1
188,6,1260.04,206.73,139.88,112.5,1,car,1
188,7,1260.16,363.21,198.05,203.52,1,car,1
188,8,1299.7,443.47,123.85,109.93,1,car,1
189,1,885.27,193.71,164.59,180.95,1,car,1
189,2,1067.44,246.19,197.91,160.69,1,car,1
189,3,864.95,118.66,118.5,113.4,1,car,1
189,4,1532.32,194.87,112.05,95.41,1,car,1
189,5,1221.36,0.0,145.26,110.13,1,car,1
189,6,1260.07,206.75,139.86,112.49,1,car,1
189,7,1265.51,368.57,191.19,198.33,1,car,1
189,8,1298.25,443.48,122.87,109.32,1,car,1
190,1,884.78,193.54,164.82,181.28,1,car,1
190,2,1066.46,245.85,197.14,160.78,1,car,1
190,3,862.05,121.27,117.86,110.99,1,car,1
190,4,1532.32,195.16,112.07,95.64,1,car,1
190,5,1221.38,0.0,145.28,110.11,1,car,1
190,6,1260.1,206.77,139.83,112.49,1,car,1
190,7,1270.86,373.93,184.33,193.15,1,car,1
190,8,1296.81,443.48,121.89,108.71,1,car,1
191,1,884.29,193.36,165.04,181.62,1,car,1
191,2,1065.47,245.51,196.36,160.88,1,car,1
191,3,859.14,123.89,117.23,108.57,1,car,1
191,4,1532.33,195.44,112.08,95.86,1,car,1
191,5,1221.4,0.0,145.3,110.09,1,car,1
191,6,1260.13,206.79,139.8,112.49,1,car,1
191,7,1267.96,371.24,192.16,197.47,1,car,1
191,8,1295.36,443.49,120.9,108.1,1,car,1
192,1,883.79,193.18,165.26,181.95,1,car,1
192,2,1064.49,245.17,195.59,160.97,1,car,1
192,3,856.24,126.5,116.59,106.15,1,car,1
192,4,1532.34,195.73,112.09,96.09,1,car,1
192,5,1221.42,0.0,145.32,110.07,1,car,1
192,6,1259.94,206.93,139.93,112.47,1,car,1
192,7,1265.06,368.55,199.99,201.79,1,car,1
192,8,1293.92,443.49,119.92,107.49,1,car,1
193,1,883.3,193.0,165.48,182.28,1,car,1
193,2,1063.5,244.83,194.82,161.06,1,car,1
193,3,853.09,126.03,116.44,106.9,1,car,1
193,4,1532.34,196.02,112.11,96.31,1,car,1
193,5,1221.43,0.0,145.34,110.05,1,car,1
193,6,1259.75,207.07,140.07,112.45,1,car,1
193,7,1262.16,365.85,207.83,206.11,1,car,1
193,8,1292.47,443.49,118.94,106.88,1,car,1
194,1,883.73,192.96,164.81,182.26,1,car,1
194,2,1061.14,245.37,191.16,160.99,1,car,1
194,3,849.94,125.56,116.29,107.66,1,car,1
194,4,1532.26,195.98,112.15,96.06,1,car,1
194,5,1221.45,0.0,145.36,110.03,1,car,1
194,6,1259.56,207.21,140.2,112.43,1,car,1
194,7,1259.26,363.16,215.66,210.42,1,car,1
194,8,1291.02,443.5,117.95,106.27,1,car,1
195,1,884.16,192.91,164.14,182.23,1,car,1
195,2,1058.77,245.91,187.49,160.93,1,car,1
195,3,846.79,125.09,116.13,108.42,1,car,1
195,4,1532.17,195.93,112.19,95.8,1,car,1
195,5,1221.47,0.0,145.38,110.02,1,car,1
195,6,1259.38,207.35,140.33,112.41,1,car,1
195,7,1256.36,360.47,223.5,214.74,1,car,1
195,8,1289.58,443.5,116.97,105.66,1,car,1
196,1,884.58,192.87,163.47,182.21,1,car,1
196,2,1056.41,246.44,183.83,160.87,1,car,1
196,3,843.65,124.62,115.98,109.18,1,car,1
196,4,1532.09,195.89,112.23,95.55,1,car,1
196,5,1221.49,0.0,145.4,110.0,1,car,1
196,6,1259.19,207.49,140.47,112.4,1,car,1
196,7,1256.81,361.46,219.51,215.2,1,car,1
196,8,1288.13,443.51,115.99,105.05,1,car,1
197,1,885.01,192.82,162.8,182.19,1,car,1
197,2,1054.05,246.98,180.17,160.8,1,car,1
197,3,840.5,124.15,115.83,109.93,1,car,1
197,4,1532.0,195.85,112.27,95.3,1,car,1
197,5,1221.51,0.0,145.42,109.98,1,car,1
197,6,1259.01,207.45,140.65,112.36,1,car,1
197,7,1257.25,362.45,215.53,215.67,1,car,1
197,8,1286.69,443.51,115.0,104.44,1,car,1
198,1,885.44,192.78,162.13,182.17,1,car,1
198,2,1051.68,247.51,176.5,160.74,1,car,1
198,3,839.6,123.09,113.69,111.46,1,car,1
198,4,1531.92,195.81,112.3,95.04,1,car,1
198,5,1221.52,0.0,145.44,109.96,1,car,1
198,6,1258.84,207.41,140.83,112.33,1,car,1
198,7,1257.7,363.44,211.54,216.13,1,car,1
198,8,1285.24,443.52,114.02,103.83,1,car,1
199,1,885.25,192.98,158.83,182.09,1,car,1
199,2,1045.17,247.87,179.87,160.52,1,car,1
199,3,838.7,122.04,111.55,112.98,1,car,1
199,4,1532.04,195.87,112.13,95.06,1,car,1
199,5,1221.54,0.0,145.46,109.94,1,car,1
199,6,1258.67,207.38,141.02,112.3,1,car,1
199,7,1258.14,364.43,207.56,216.59,1,car,1
199,8,1283.8,443.52,113.04,103.22,1,car,1
200,1,885.06,193.19,155.54,182.0,1,car,1
200,2,1038.65,248.22,183.23,160.31,1,car,1
200,3,837.8,120.99,109.41,114.51,1,car,1
200,4,1532.16,195.93,111.96,95.07,1,car,1
200,5,1221.56,0.0,145.48,109.92,1,car,1
200,6,1258.5,207.34,141.2,112.27,1,car,1
200,7,1258.59,365.41,203.57,217.05,1,car,1
200,8,1282.35,443.53,112.05,102.61,1,car,1
201,1,884.87,193.4,152.24,181.92,1,car,1
201,2,1032.13,248.58,186.59,160.09,1,car,1
201,3,836.9,119.93,107.27,116.03,1,car,1
201,4,1532.28,195.99,111.79,95.09,1,car,1
201,5,1221.58,0.0,145.5,109.9,1,car,1
201,6,1258.32,207.31,141.38,112.24,1,car,1
201,7,1257.74,368.58,206.38,213.44,1,car,1
201,8,1280.91,443.53,111.07,102.0,1,car,1
202,1,884.68,193.6,148.94,181.83,1,car,1
202,2,1025.61,248.94,189.96,159.87,1,car,1
202,3,836.0,118.88,105.14,117.55,1,car,1
202,4,1532.41,196.05,111.62,95.11,1,car,1
202,5,1221.6,0.0,145.52,109.89,1,car,1
202,6,1258.12,207.28,141.59,112.25,1,car,1
202,7,1256.9,371.75,209.18,209.84,1,car,1
202,8,1279.46,443.54,110.09,101.39,1,car,1
203,1,884.48,193.81,145.65,181.75,1,car,1
203,2,1019.09,249.29,193.32,159.65,1,car,1
203,3,831.79,120.37,104.98,116.09,1,car,1
203,4,1532.53,196.11,111.45,95.12,1,car,1
203,5,1221.61,0.0,145.54,109.87,1,car,1
203,6,1257.91,207.26,141.8,112.25,1,car,1
203,7,1256.05,374.92,211.98,206.23,1,car,1
203,8,1278.01,443.54,109.1,100.78,1,car,1
204,1,884.98,195.37,142.6,181.62,1,car,1
204,2,1009.08,248.32,192.98,161.28,1,car,1
204,3,827.58,121.85,104.83,114.63,1,car,1
204,4,1532.44,196.1,111.56,95.11,1,car,1
204,5,1221.63,0.0,145.56,109.85,1,car,1
204,6,1257.7,207.23,142.01,112.26,1,car,1
204,7,1255.21,378.09,214.78,202.62,1,car,1
204,8,1276.57,443.54,108.12,100.17,1,car,1
205,1,885.47,196.93,139.55,181.5,1,car,1
205,2,999.07,247.34,192.63,162.91,1,car,1
205,3,823.37,123.34,104.67,113.17,1,car,1
205,4,1532.36,196.08,111.68,95.1,1,car,1
205,5,1221.65,0.0,145.58,109.83,1,car,1
205,6,1257.49,207.21,142.21,112.27,1,car,1
205,7,1254.36,381.26,217.58,199.01,1,car,1
205,8,1275.12,443.55,107.14,99.56,1,car,1
206,1,885.96,198.49,136.5,181.38,1,car,1
206,2,989.05,246.37,192.28,164.55,1,car,1
206,3,819.15,124.82,104.52,111.71,1,car,1
206,4,1532.28,196.07,111.79,95.09,1,car,1
206,5,1221.67,0.0,145.6,109.81,1,car,1
206,6,1257.29,207.18,142.42,112.28,1,car,1
206,7,1253.52,384.43,220.38,195.4,1,car,1
206,8,1273.68,443.55,106.15,98.95,1,car,1
207,1,886.45,200.05,133.45,181.25,1,car,1
207,2,979.04,245.39,191.94,166.18,1,car,1
207,3,814.94,126.31,104.37,110.24,1,car,1
207,4,1532.19,196.06,111.91,95.08,1,car,1
207,5,1221.69,0.0,145.62,109.79,1,car,1
207,6,1257.31,207.19,142.41,112.3,1,car,1
207,7,1252.68,387.59,223.18,191.8,1,car,1
207,8,1272.23,443.56,105.17,98.34,1,car,1
208,1,886.94,201.61,130.4,181.13,1,car,1
208,2,969.03,244.42,191.59,167.81,1,car,1
208,3,810.73,127.79,104.21,108.78,1,car,1
208,4,1532.11,196.05,112.02,95.07,1,car,1
208,5,1221.7,0.0,145.64,109.78,1,car,1
208,6,1257.33,207.2,142.39,112.32,1,car,1
208,7,1256.58,393.46,216.92,186.78,1,car,1
208,8,1270.79,443.56,104.19,97.73,1,car,1
209,1,891.58,199.57,125.31,165.61,1,car,1
209,2,961.23,245.72,192.66,167.36,1,car,1
209,3,806.52,129.28,104.06,107.32,1,car,1
209,4,1532.08,196.07,112.04,95.09,1,car,1
209,5,1221.72,0.0,145.66,109.76,1,car,1
209,6,1257.35,207.22,142.37,112.33,1,car,1
209,7,1260.49,399.33,210.66,181.77,1,car,1
209,8,1269.34,443.57,103.2,97.12,1,car,1
210,1,896.22,197.53,120.22,150.09,1,car,1
210,2,953.43,247.02,193.72,166.91,1,car,1
210,3,806.51,129.08,104.37,107.85,1,car,1
210,4,1532.05,196.1,112.06,95.1,1,car,1
210,5,1221.74,0.0,145.68,109.74,1,car,1
210,6,1257.37,207.23,142.36,112.35,1,car,1
210,7,1264.4,405.2,204.4,176.76,1,car,1
210,8,1267.9,443.57,102.22,96.51,1,car,1
211,1,900.86,195.49,115.12,134.57,1,car,1
211,2,945.62,248.32,194.79,166.47,1,car,1
211,3,806.51,128.87,104.67,108.38,1,car,1
211,4,1532.01,196.12,112.08,95.11,1,car,1
211,5,1221.76,0.0,145.7,109.72,1,car,1
211,6,1257.39,207.24,142.34,112.37,1,car,1
211,7,1268.31,411.07,198.13,171.75,1,car,1
211,8,1266.45,443.58,101.24,95.9,1,car,1
212,1,905.5,193.45,110.03,119.05,1,car,1
212,2,937.82,249.63,195.85,166.02,1,car,1
212,3,806.5,128.67,104.98,108.92,1,car,1
212,4,1531.98,196.15,112.1,95.13,1,car,1
212,5,1221.78,0.0,145.72,109.7,1,car,1
212,6,1257.49,207.26,142.24,112.36,1,car,1
212,7,1272.22,416.94,191.87,166.74,1,car,1
212,8,1265.0,443.58,100.25,95.29,1,car,1
213,1,910.13,191.41,104.94,103.53,1,car,1
213,2,930.02,250.93,196.92,165.57,1,car,1
213,3,806.49,128.46,105.29,109.45,1,car,1
213,4,1531.95,196.17,112.12,95.14,1,car,1
213,5,1221.61,0.0,145.89,109.73,1,car,1
213,6,1257.59,207.29,142.14,112.34,1,car,1
213,7,1282.99,427.32,183.4,155.72,1,car,1
213,8,1263.56,443.59,99.27,94.68,1,car,1
214,2,922.05,250.45,200.62,168.21,1,car,1
214,3,806.48,128.26,105.6,109.98,1,car,1
214,4,1531.99,195.89,112.12,95.36,1,car,1
214,5,1221.45,0.0,146.06,109.76,1,car,1
214,6,1257.69,207.32,142.04,112.32,1,car,1
214,7,1293.77,437.71,174.93,144.71,1,car,1
214,8,1262.11,443.59,98.29,94.07,1,car,1
215,2,914.08,249.96,204.32,170.85,1,car,1
215,3,806.47,128.05,105.91,110.51,1,car,1
215,4,1532.02,195.61,112.12,95.58,1,car,1
215,5,1221.29,0.0,146.23,109.79,1,car,1
215,6,1257.8,207.34,141.95,112.31,1,car,1
215,7,1304.54,448.09,166.46,133.7,1,car,1
215,8,1260.67,443.59,97.3,93.46,1,car,1
216,2,906.1,249.48,208.01,173.48,1,car,1
216,3,806.47,127.85,106.22,111.04,1,car,1
216,4,1532.05,195.33,112.12,95.79,1,car,1
216,5,1221.13,0.0,146.39,109.81,1,car,1
216,6,1257.9,207.37,141.85,112.29,1,car,1
216,7,1315.32,458.48,157.99,122.68,1,car,1
216,8,1259.22,443.6,96.32,92.85,1,car,1
217,2,898.13,249.0,211.71,176.12,1,car,1
217,3,806.46,127.65,106.52,111.57,1,car,1
217,4,1532.09,195.05,112.13,96.01,1,car,1
217,5,1220.96,0.0,146.56,109.84,1,car,1
217,6,1257.91,207.35,141.84,112.29,1,car,1
217,7,1326.09,468.86,149.52,111.67,1,car,1
217,8,1257.78,443.6,95.34,92.24,1,car,1
218,2,890.16,248.51,215.41,178.76,1,car,1
218,3,806.45,127.44,106.83,112.1,1,car,1
218,4,1532.12,194.77,112.13,96.23,1,car,1
218,5,1220.89,0.0,146.52,109.8,1,car,1
218,6,1257.93,207.33,141.83,112.28,1,car,1
218,7,1308.6,453.98,163.72,125.25,1,car,1
218,8,1256.33,443.61,94.35,91.63,1,car,1
219,2,884.48,245.08,212.89,181.72,1,car,1
219,3,806.44,127.24,107.14,112.63,1,car,1
219,4,1532.17,194.98,112.0,96.03,1,car,1
219,5,1220.82,0.0,146.47,109.76,1,car,1
219,6,1257.94,207.3,141.82,112.27,1,car,1
219,7,1291.12,439.1,177.91,138.84,1,car,1
220,2,878.8,241.64,210.37,184.69,1,car,1
220,3,806.44,127.03,107.45,113.17,1,car,1
220,4,1532.21,195.19,111.87,95.84,1,car,1
220,5,1220.75,0.0,146.43,109.72,1,car,1
220,6,1257.95,207.28,141.82,112.27,1,car,1
220,7,1273.63,424.22,192.1,152.42,1,car,1
221,2,873.11,238.21,207.84,187.66,1,car,1
221,3,806.43,126.83,107.76,113.7,1,car,1
221,4,1532.26,195.39,111.74,95.64,1,car,1
221,5,1220.68,0.0,146.38,109.68,1,car,1
221,6,1257.97,207.26,141.81,112.26,1,car,1
221,7,1256.15,409.34,206.29,166.0,1,car,1
222,2,867.43,234.77,205.32,190.62,1,car,1
222,3,806.42,126.62,108.06,114.23,1,car,1
222,4,1532.31,195.6,111.62,95.44,1,car,1
222,5,1220.61,0.0,146.34,109.63,1,car,1
222,6,1257.9,207.21,141.86,112.31,1,car,1
222,7,1238.66,394.46,220.48,179.58,1,car,1
223,2,861.75,231.33,202.8,193.59,1,car,1
223,3,806.41,126.42,108.37,114.76,1,car,1
223,4,1532.35,195.81,111.49,95.25,1,car,1
223,5,1220.54,0.0,146.29,109.59,1,car,1
223,6,1257.83,207.16,141.92,112.36,1,car,1
223,7,1234.17,385.69,209.23,181.53,1,car,1
224,2,853.37,234.06,205.9,191.34,1,car,1
224,3,806.41,126.22,108.68,115.29,1,car,1
224,4,1532.34,195.82,111.61,95.26,1,car,1
224,5,1220.47,0.0,146.25,109.55,1,car,1
224,6,1257.76,207.1,141.97,112.41,1,car,1
224,7,1229.67,376.92,197.99,183.49,1,car,1
225,2,844.98,236.79,209.01,189.09,1,car,1
225,3,806.4,126.01,108.99,115.82,1,car,1
225,4,1532.33,195.82,111.73,95.28,1,car,1
225,5,1220.4,0.0,146.2,109.51,1,car,1
225,6,1257.7,207.05,142.02,112.46,1,car,1
225,7,1225.17,368.15,186.74,185.44,1,car,1
226,2,836.6,239.51,212.11,186.84,1,car,1
226,3,806.39,125.81,109.3,116.35,1,car,1
226,4,1532.32,195.83,111.85,95.29,1,car,1
226,5,1220.33,0.0,146.16,109.47,1,car,1
226,6,1257.63,207.0,142.08,112.51,1,car,1
226,7,1220.68,359.38,175.49,187.39,1,car,1
227,2,828.22,242.24,215.22,184.59,1,car,1
227,3,806.38,125.6,109.61,116.88,1,car,1
227,4,1532.31,195.83,111.97,95.3,1,car,1
227,5,1220.26,0.0,146.11,109.43,1,car,1
227,6,1257.67,207.05,142.08,112.49,1,car,1
227,7,1216.18,350.61,164.24,189.34,1,car,1
228,2,819.84,244.96,218.32,182.34,1,car,1
228,3,806.38,125.4,109.91,117.42,1,car,1
228,4,1532.3,195.84,112.09,95.32,1,car,1
228,5,1220.19,0.0,146.07,109.39,1,car,1
228,6,1257.71,207.11,142.09,112.48,1,car,1
228,7,1206.05,349.05,171.07,191.27,1,car,1
229,2,809.01,246.42,214.9,180.87,1,car,1
229,3,806.37,125.19,110.22,117.95,1,car,1
229,4,1532.34,195.79,112.14,95.41,1,car,1
229,5,1220.12,0.0,146.02,109.35,1,car,1
229,6,1257.75,207.16,142.1,112.47,1,car,1
229,7,1195.91,347.49,177.89,193.19,1,car,1
230,2,798.18,247.87,211.47,179.39,1,car,1
230,3,806.36,124.99,110.53,118.48,1,car,1
230,4,1532.38,195.74,112.19,95.5,1,car,1
230,5,1220.05,0.0,145.98,109.31,1,car,1
230,6,1257.79,207.22,142.11,112.46,1,car,1
230,7,1185.78,345.93,184.72,195.11,1,car,1
230,9,975.24,264.61,75.5,96.82,1,car,1
231,2,787.35,249.33,208.04,177.92,1,car,1
231,3,806.35,124.78,110.84,119.01,1,car,1
231,4,1532.42,195.69,112.23,95.59,1,car,1
231,5,1219.98,0.0,145.93,109.26,1,car,1
231,6,1257.83,207.27,142.11,112.44,1,car,1
231,7,1175.64,344.37,191.55,197.04,1,car,1
231,9,960.74,264.08,90.14,97.74,1,car,1
232,2,776.53,250.78,204.61,176.44,1,car,1
232,3,806.35,124.58,111.15,119.54,1,car,1
232,4,1532.46,195.65,112.28,95.68,1,car,1
232,5,1219.91,0.0,145.89,109.22,1,car,1
232,6,1257.67,207.25,142.27,112.46,1,car,1
232,7,1165.51,342.8,198.38,198.96,1,car,1
232,9,946.24,263.55,104.78,98.66,1,car,1
233,2,765.7,252.23,201.18,174.97,1,car,1
233,3,806.34,124.38,111.46,120.07,1,car,1
233,4,1532.5,195.6,112.33,95.77,1,car,1
233,5,1219.84,0.0,145.85,109.18,1,car,1
233,6,1257.5,207.22,142.43,112.48,1,car,1
233,7,1151.41,341.81,199.72,198.96,1,car,1
233,9,931.74,263.02,119.42,99.58,1,car,1
234,2,753.05,252.87,199.53,174.46,1,car,1
234,3,805.78,124.18,109.71,120.42,1,car,1
234,4,1532.48,195.61,112.25,95.75,1,car,1
234,5,1219.77,0.0,145.8,109.14,1,car,1
234,6,1257.33,207.2,142.58,112.5,1,car,1
234,7,1137.31,340.81,201.06,198.96,1,car,1
234,9,917.24,262.49,134.06,100.5,1,car,1
235,2,740.4,253.51,197.88,173.95,1,car,1
235,3,805.22,123.98,107.97,120.77,1,car,1
235,4,1532.46,195.61,112.16,95.72,1,car,1
235,5,1219.7,0.0,145.76,109.1,1,car,1
235,6,1257.16,207.17,142.74,112.52,1,car,1
235,7,1123.22,339.81,202.4,198.96,1,car,1
235,9,902.74,261.96,148.7,101.42,1,car,1
236,2,727.75,254.15,196.23,173.44,1,car,1
236,3,804.66,123.78,106.23,121.12,1,car,1
236,4,1532.44,195.62,112.08,95.7,1,car,1
236,5,1219.63,0.0,145.71,109.06,1,car,1
236,6,1257.0,207.15,142.9,112.54,1,car,1
236,7,1109.12,338.82,203.74,198.96,1,car,1
236,9,901.23,255.76,150.58,107.75,1,car,1
237,2,715.09,254.79,194.58,172.93,1,car,1
237,3,804.1,123.58,104.49,121.47,1,car,1
237,4,1532.42,195.63,111.99,95.67,1,car,1
237,5,1219.56,0.0,145.67,109.02,1,car,1
237,6,1257.11,207.14,142.78,112.58,1,car,1
237,7,1095.02,337.82,205.08,198.96,1,car,1
237,9,899.72,249.56,152.45,114.09,1,car,1
238,2,702.44,255.43,192.92,172.42,1,car,1
238,3,803.54,123.38,102.74,121.81,1,car,1
238,4,1532.4,195.64,111.91,95.65,1,car,1
238,5,1219.49,0.0,145.62,108.98,1,car,1
238,6,1257.22,207.13,142.66,112.61,1,car,1
238,7,1079.46,337.98,210.17,199.72,1,car,1
238,9,898.21,243.36,154.33,120.42,1,car,1
239,2,688.86,254.97,190.18,172.28,1,car,1
239,3,802.98,123.18,101.0,122.16,1,car,1
239,4,1532.23,195.59,112.14,95.63,1,car,1
239,5,1219.42,0.0,145.58,108.94,1,car,1
239,6,1257.34,207.13,142.54,112.64,1,car,1
239,7,1063.89,338.14,215.25,200.48,1,car,1
239,9,896.69,237.17,156.2,126.76,1,car,1
240,2,675.27,254.5,187.44,172.13,1,car,1
240,3,801.08,130.18,99.8,114.91,1,car,1
240,4,1532.07,195.55,112.37,95.61,1,car,1
240,5,1219.44,0.0,145.97,109.15,1,car,1
240,6,1257.45,207.12,142.42,112.67,1,car,1
240,7,1048.33,338.31,220.34,201.24,1,car,1
240,9,895.18,230.97,158.08,133.09,1,car,1
241,2,661.69,254.04,184.69,171.99,1,car,1
241,3,799.19,137.18,98.6,107.66,1,car,1
241,4,1531.91,195.51,112.6,95.59,1,car,1
241,5,1219.45,0.0,146.36,109.37,1,car,1
241,6,1257.56,207.11,142.31,112.7,1,car,1
241,7,1032.77,338.47,225.42,202.0,1,car,1
241,9,895.18,227.44,157.98,136.64,1,car,1
242,2,648.11,253.57,181.95,171.85,1,car,1
242,3,797.29,144.17,97.4,100.41,1,car,1
242,4,1531.74,195.47,112.82,95.57,1,car,1
242,5,1219.47,0.0,146.75,109.59,1,car,1
242,6,1257.6,207.14,142.08,112.69,1,car,1
242,7,1017.2,338.63,230.51,202.76,1,car,1
242,9,895.17,223.9,157.88,140.19,1,car,1
243,2,634.52,253.11,179.21,171.7,1,car,1
243,3,795.39,151.17,96.2,93.16,1,car,1
243,4,1531.58,195.43,113.05,95.55,1,car,1
243,5,1219.48,0.0,147.13,109.8,1,car,1
243,6,1257.64,207.17,141.85,112.67,1,car,1
243,7,1008.33,337.03,228.42,204.08,1,car,1
243,9,895.17,220.37,157.78,143.74,1,car,1
244,2,616.21,253.62,181.44,171.83,1,car,1
244,3,793.49,158.17,95.0,85.91,1,car,1
244,4,1531.73,195.15,112.89,95.86,1,car,1
244,5,1219.49,0.0,147.52,110.02,1,car,1
244,6,1257.68,207.2,141.62,112.66,1,car,1
244,7,999.45,335.42,226.33,205.39,1,car,1
244,9,895.17,216.84,157.68,147.29,1,car,1
245,2,597.91,254.13,183.67,171.96,1,car,1
245,3,775.46,137.85,110.37,103.72,1,car,1
245,4,1531.89,194.87,112.72,96.17,1,car,1
245,6,1257.71,207.23,141.38,112.64,1,car,1
245,7,990.58,333.82,224.24,206.7,1,car,1
245,9,895.16,213.31,157.59,150.84,1,car,1
246,2,579.6,254.64,185.91,172.08,1,car,1
246,4,1532.04,194.59,112.55,96.48,1,car,1
246,6,1257.75,207.25,141.15,112.63,1,car,1
246,7,981.7,332.21,222.15,208.01,1,car,1
246,9,895.18,210.08,157.27,154.13,1,car,1
247,2,561.29,255.15,188.14,172.21,1,car,1
247,4,1532.2,194.3,112.38,96.79,1,car,1
247,6,1256.52,207.12,141.85,112.94,1,car,1
247,7,972.83,330.61,220.06,209.33,1,car,1
247,9,895.2,206.85,156.96,157.42,1,car,1
248,2,542.98,255.66,190.38,172.34,1,car,1
248,4,1532.35,194.02,112.22,97.11,1,car,1
248,6,1255.3,206.98,142.54,113.25,1,car,1
248,7,965.56,329.78,215.39,210.93,1,car,1
248,9,895.22,203.62,156.64,160.7,1,car,1
249,2,530.23,255.89,190.66,172.01,1,car,1
249,4,1532.43,194.28,112.2,96.78,1,car,1
249,6,1254.07,206.85,143.23,113.56,1,car,1
249,7,958.29,328.96,210.71,212.54,1,car,1
249,9,895.24,200.39,156.32,163.99,1,car,1
250,2,517.47,256.12,190.95,171.68,1,car,1
250,4,1532.5,194.53,112.17,96.45,1,car,1
250,6,1252.84,206.71,143.92,113.86,1,car,1
250,7,951.02,328.13,206.04,214.15,1,car,1
250,9,895.26,197.16,156.01,167.27,1,car,1
251,2,504.71,256.35,191.24,171.35,1,car,1
251,4,1532.57,194.79,112.15,96.12,1,car,1
251,6,1251.61,206.57,144.62,114.17,1,car,1
251,7,943.75,327.31,201.37,215.76,1,car,1
251,9,895.15,199.3,156.25,164.71,1,car,1
252,2,491.96,256.58,191.53,171.02,1,car,1
252,4,1532.65,195.05,112.13,95.79,1,car,1
252,6,1250.79,206.42,144.53,114.13,1,car,1
252,7,936.47,326.48,196.69,217.36,1,car,1
252,9,895.04,201.44,156.49,162.15,1,car,1
253,2,479.2,256.81,191.81,170.69,1,car,1
253,4,1532.72,195.3,112.11,95.47,1,car,1
253,6,1249.97,206.26,144.44,114.09,1,car,1
253,7,925.95,337.86,197.73,208.22,1,car,1
253,9,894.94,203.59,156.73,159.58,1,car,1
254,2,474.19,255.45,195.35,173.64,1,car,1
254,4,1532.79,195.56,112.09,95.14,1,car,1
254,6,1249.15,206.11,144.35,114.04,1,car,1
254,7,915.43,349.24,198.76,199.08,1,car,1
254,9,894.83,205.73,156.98,157.02,1,car,1
255,2,469.17,254.1,198.89,176.58,1,car,1
255,4,1532.87,195.81,112.07,94.81,1,car,1
255,6,1248.34,205.95,144.26,114.0,1,car,1
255,7,904.9,360.62,199.8,189.93,1,car,1
255,9,894.72,207.87,157.22,154.46,1,car,1
256,2,464.16,252.75,202.43,179.52,1,car,1
256,4,1532.86,195.8,111.99,94.84,1,car,1
256,6,1247.52,205.8,144.17,113.95,1,car,1
256,7,894.38,372.0,200.83,180.79,1,car,1
256,9,896.63,209.95,155.26,151.94,1,car,1
257,2,459.15,251.4,205.96,182.47,1,car,1
257,4,1532.85,195.79,111.91,94.88,1,car,1
257,6,1247.1,205.95,143.75,113.78,1,car,1
257,7,883.85,383.38,201.86,171.65,1,car,1
257,9,898.53,212.02,153.3,149.41,1,car,1
258,2,454.13,250.05,209.5,185.41,1,car,1
258,4,1532.84,195.78,111.83,94.91,1,car,1
258,6,1246.69,206.1,143.33,113.6,1,car,1
258,7,868.09,376.78,206.52,170.83,1,car,1
258,9,900.43,214.1,151.34,146.89,1,car,1
259,2,451.92,251.27,203.83,184.06,1,car,1
259,4,1532.83,195.76,111.75,94.94,1,car,1
259,6,1246.28,206.25,142.92,113.43,1,car,1
259,7,852.34,370.18,211.17,170.01,1,car,1
259,9,902.34,216.18,149.38,144.37,1,car,1
260,2,449.71,252.48,198.15,182.72,1,car,1
260,4,1532.82,195.75,111.67,94.97,1,car,1
260,6,1245.87,206.4,142.5,113.25,1,car,1
260,7,836.58,363.58,215.83,169.2,1,car,1
260,9,904.24,218.25,147.42,141.85,1,car,1
261,2,447.5,253.7,192.48,181.37,1,car,1
261,4,1532.81,195.74,111.59,95.01,1,car,1
261,6,1245.46,206.55,142.08,113.07,1,car,1
261,7,820.82,356.97,220.48,168.38,1,car,1
261,9,902.75,212.59,149.0,147.75,1,car,1
262,2,445.29,254.91,186.81,180.02,1,car,1
262,4,1532.8,195.73,111.51,95.04,1,car,1
262,6,1245.59,206.55,141.19,113.41,1,car,1
262,7,805.06,350.37,225.14,167.57,1,car,1
262,9,901.27,206.92,150.58,153.66,1,car,1
263,2,443.08,256.13,181.14,178.67,1,car,1
263,4,1532.8,195.71,111.43,95.07,1,car,1
263,6,1245.72,206.55,140.31,113.74,1,car,1
263,7,792.54,348.09,228.09,174.28,1,car,1
263,9,899.78,201.25,152.16,159.56,1,car,1
264,2,445.15,254.64,181.1,177.88,1,car,1
264,4,1532.81,195.73,111.41,95.01,1,car,1
264,6,1245.85,206.54,139.43,114.08,1,car,1
264,7,780.02,345.81,231.04,180.99,1,car,1
264,9,898.29,195.58,153.74,165.47,1,car,1
265,2,447.22,253.15,181.06,177.08,1,car,1
265,4,1532.83,195.76,111.4,94.95,1,car,1
265,6,1245.98,206.54,138.54,114.41,1,car,1
265,7,767.49,343.52,233.99,187.7,1,car,1
265,9,896.8,189.91,155.32,171.37,1,car,1
266,2,449.29,251.65,181.02,176.29,1,car,1
266,4,1532.84,195.78,111.38,94.88,1,car,1
266,6,1246.11,206.54,137.66,114.75,1,car,1
266,7,754.97,341.24,236.93,194.42,1,car,1
266,9,896.4,193.33,155.88,168.46,1,car,1
267,2,451.36,250.16,180.98,175.5,1,car,1
267,4,1532.86,195.8,111.37,94.82,1,car,1
267,6,1244.68,206.64,138.43,114.75,1,car,1
267,7,742.45,338.96,239.88,201.13,1,car,1
267,9,895.99,196.75,156.44,165.56,1,car,1
268,2,453.43,248.67,180.94,174.7,1,car,1
268,4,1532.88,195.82,111.35,94.75,1,car,1
268,6,1243.25,206.75,139.2,114.75,1,car,1
268,7,734.99,335.47,234.55,203.82,1,car,1
268,9,895.58,200.16,157.0,162.65,1,car,1
269,2,455.5,247.18,180.9,173.91,1,car,1
269,4,1532.89,195.84,111.33,94.69,1,car,1
269,6,1241.83,206.85,139.97,114.76,1,car,1
269,7,727.52,331.98,229.23,206.51,1,car,1
269,9,895.18,203.58,157.56,159.74,1,car,1
270,2,448.85,252.39,183.07,172.34,1,car,1
270,4,1532.91,195.86,111.32,94.63,1,car,1
270,6,1240.4,206.96,140.74,114.76,1,car,1
270,7,720.05,328.49,223.9,209.2,1,car,1
270,9,894.77,207.0,158.11,156.83,1,car,1
271,2,442.19,257.6,185.25,170.76,1,car,1
271,4,1532.92,195.88,111.3,94.56,1,car,1
271,6,1238.97,207.06,141.52,114.76,1,car,1
271,7,712.59,325.0,218.57,211.89,1,car,1
271,9,894.87,208.53,157.91,155.38,1,car,1
272,2,435.53,262.81,187.43,169.19,1,car,1
272,4,1532.91,195.84,111.38,94.59,1,car,1
272,6,1237.02,207.42,140.87,114.14,1,car,1
272,7,705.12,321.51,213.24,214.58,1,car,1
272,9,894.98,210.07,157.71,153.93,1,car,1
273,2,428.88,268.01,189.6,167.62,1,car,1
273,4,1532.9,195.81,111.45,94.61,1,car,1
273,6,1235.07,207.78,140.23,113.51,1,car,1
273,7,698.91,320.15,210.82,214.37,1,car,1
273,9,895.08,211.61,157.51,152.48,1,car,1
274,2,422.22,273.22,191.78,166.05,1,car,1
274,4,1532.89,195.77,111.53,94.64,1,car,1
274,6,1233.12,208.14,139.58,112.89,1,car,1
274,7,692.69,318.79,208.4,214.16,1,car,1
274,9,895.19,213.14,157.3,151.04,1,car,1
275,2,415.56,278.43,193.96,164.48,1,car,1
275,4,1532.88,195.74,111.6,94.67,1,car,1
275,6,1231.17,208.5,138.93,112.26,1,car,1
275,7,686.48,317.43,205.99,213.96,1,car,1
275,9,895.29,214.68,157.1,149.59,1,car,1
276,2,408.91,283.64,196.13,162.9,1,car,1
276,4,1532.87,195.7,111.68,94.69,1,car,1
276,6,1229.23,208.86,138.29,111.64,1,car,1
276,7,680.26,316.07,203.57,213.75,1,car,1
276,9,896.98,209.69,155.32,154.33,1,car,1
277,2,402.25,288.85,198.31,161.33,1,car,1
277,4,1532.86,195.66,111.75,94.72,1,car,1
277,6,1225.79,208.2,138.13,112.06,1,car,1
277,7,674.05,314.71,201.15,213.54,1,car,1
277,9,898.67,204.71,153.54,159.07,1,car,1
278,2,395.59,294.06,200.49,159.76,1,car,1
278,4,1532.85,195.63,111.83,94.74,1,car,1
278,6,1222.36,207.54,137.97,112.48,1,car,1
278,7,667.93,314.12,203.91,208.99,1,car,1
278,9,900.36,199.73,151.76,163.81,1,car,1
279,2,384.57,292.94,202.38,164.02,1,car,1
279,4,1532.84,195.59,111.91,94.77,1,car,1
279,6,1218.93,206.88,137.82,112.89,1,car,1
279,7,661.81,313.52,206.66,204.43,1,car,1
279,9,902.05,194.74,149.98,168.56,1,car,1
280,2,373.56,291.82,204.27,168.29,1,car,1
280,4,1532.83,195.56,111.98,94.79,1,car,1
280,6,1215.49,206.22,137.66,113.31,1,car,1
280,7,655.7,312.93,209.42,199.88,1,car,1
280,9,903.74,189.76,148.2,173.3,1,car,1
281,2,362.54,290.7,206.16,172.55,1,car,1
281,4,1532.82,195.52,112.06,94.82,1,car,1
281,6,1212.06,205.56,137.5,113.73,1,car,1
281,7,649.58,312.34,212.17,195.32,1,car,1
281,9,904.22,189.69,147.77,173.45,1,car,1
282,2,351.52,289.58,208.05,176.82,1,car,1
282,4,1532.8,195.48,112.13,94.84,1,car,1
282,6,1207.66,205.22,139.35,113.94,1,car,1
282,7,643.46,311.74,214.93,190.77,1,car,1
282,9,904.69,189.62,147.33,173.6,1,car,1
283,2,340.5,288.45,209.94,181.08,1,car,1
283,4,1532.84,195.5,112.05,94.79,1,car,1
283,6,1203.26,204.88,141.2,114.15,1,car,1
283,7,637.22,311.6,212.74,190.45,1,car,1
283,9,905.16,189.55,146.9,173.75,1,car,1
284,2,329.48,287.33,211.84,185.34,1,car,1
284,4,1532.88,195.51,111.98,94.74,1,car,1
284,6,1198.86,204.54,143.05,114.36,1,car,1
284,7,630.98,311.47,210.55,190.14,1,car,1
284,9,905.63,189.48,146.46,173.9,1,car,1
285,2,318.46,286.21,213.73,189.61,1,car,1
285,4,1532.91,195.52,111.9,94.69,1,car,1
285,6,1194.47,204.2,144.89,114.57,1,car,1
285,7,624.73,311.33,208.36,189.82,1,car,1
285,9,906.1,189.41,146.03,174.05,1,car,1
286,2,307.45,285.09,215.62,193.87,1,car,1
286,4,1532.95,195.54,111.82,94.64,1,car,1
286,6,1190.07,203.86,146.74,114.78,1,car,1
286,7,618.49,311.2,206.16,189.5,1,car,1
286,9,903.71,196.67,148.5,166.96,1,car,1
287,2,296.43,283.97,217.51,198.14,1,car,1
287,4,1532.99,195.55,111.74,94.58,1,car,1
287,6,1188.9,203.73,147.93,115.02,1,car,1
287,7,612.25,311.06,203.97,189.19,1,car,1
287,9,901.31,203.92,150.98,159.87,1,car,1
288,2,285.41,282.85,219.4,202.4,1,car,1
288,4,1533.03,195.57,111.67,94.53,1,car,1
288,6,1187.72,203.61,149.11,115.26,1,car,1
288,7,605.24,313.83,202.46,195.56,1,car,1
288,9,898.92,211.18,153.45,152.78,1,car,1
289,2,274.39,281.73,221.29,206.66,1,car,1
289,4,1533.06,195.58,111.59,94.48,1,car,1
289,6,1186.55,203.49,150.3,115.49,1,car,1
289,7,598.23,316.6,200.95,201.93,1,car,1
289,9,896.52,218.43,155.93,145.7,1,car,1
290,2,264.06,286.32,215.49,203.37,1,car,1
290,4,1533.1,195.59,111.51,94.43,1,car,1
290,6,1185.38,203.37,151.48,115.73,1,car,1
290,7,591.22,319.37,199.44,208.31,1,car,1
290,9,894.13,225.69,158.41,138.61,1,car,1
291,2,253.72,290.92,209.69,200.08,1,car,1
291,4,1533.14,195.61,111.43,94.38,1,car,1
291,6,1184.21,203.24,152.67,115.97,1,car,1
291,7,584.21,322.14,197.93,214.68,1,car,1
291,9,894.13,226.79,158.43,137.51,1,car,1
292,2,243.39,295.51,203.88,196.79,1,car,1
292,4,1533.17,195.62,111.35,94.33,1,car,1
292,6,1184.33,203.88,152.82,115.3,1,car,1
292,7,577.19,324.9,196.42,221.05,1,car,1
292,9,894.14,227.9,158.45,136.42,1,car,1
293,2,233.05,300.1,198.08,193.5,1,car,1
293,4,1533.21,195.63,111.28,94.27,1,car,1
293,6,1184.45,204.53,152.97,114.62,1,car,1
293,7,566.69,327.49,201.65,222.28,1,car,1
293,9,894.14,229.0,158.47,135.32,1,car,1
294,2,222.72,304.69,192.27,190.21,1,car,1
294,4,1533.25,195.65,111.2,94.22,1,car,1
294,6,1184.56,205.17,153.12,113.95,1,car,1
294,7,556.18,330.08,206.88,223.5,1,car,1
294,9,894.15,230.1,158.49,134.22,1,car,1
295,2,205.71,308.4,193.72,190.76,1,car,1
295,4,1533.28,195.67,111.13,94.22,1,car,1
295,6,1184.68,205.81,153.27,113.27,1,car,1
295,7,545.68,332.67,212.1,224.73,1,car,1
295,9,894.15,231.21,158.51,133.13,1,car,1
296,2,188.7,312.12,195.16,191.3,1,car,1
296,4,1533.31,195.69,111.06,94.22,1,car,1
296,6,1184.8,206.45,153.42,112.6,1,car,1
296,7,535.17,335.26,217.33,225.95,1,car,1
296,9,894.16,227.14,158.47,137.19,1,car,1
297,2,171.69,315.83,196.6,191.85,1,car,1
297,4,1533.35,195.71,110.99,94.22,1,car,1
297,6,1185.72,207.37,153.74,112.61,1,car,1
297,7,524.67,337.85,222.56,227.18,1,car,1
297,9,894.17,223.08,158.44,141.25,1,car,1
298,2,154.68,319.54,198.05,192.4,1,car,1
298,4,1533.38,195.73,110.92,94.22,1,car,1
298,6,1186.65,208.3,154.06,112.61,1,car,1
298,7,513.76,366.14,205.39,199.65,1,car,1
298,9,894.18,219.02,158.4,145.31,1,car,1
299,2,137.67,323.25,199.49,192.95,1,car,1
299,4,1533.42,195.75,110.85,94.21,1,car,1
299,6,1187.57,209.22,154.38,112.62,1,car,1
299,7,502.84,394.44,188.23,172.12,1,car,1
299,9,894.19,214.95,158.36,149.37,1,car,1
300,2,122.03,328.39,205.7,190.8,1,car,1
300,4,1533.45,195.77,110.78,94.21,1,car,1
300,6,1188.49,210.14,154.7,112.63,1,car,1
300,7,491.93,422.73,171.07,144.58,1,car,1
300,9,894.2,210.89,158.33,153.44,1,car,1
301,2,106.4,333.52,211.9,188.65,1,car,1
301,4,1533.49,195.79,110.71,94.21,1,car,1
301,6,1189.42,211.07,155.02,112.64,1,car,1
301,7,481.02,451.03,153.9,117.05,1,car,1
301,9,894.19,209.22,158.3,155.13,1,car,1
