1,1,1018.25,527.78,197.24,197.4,1,car,1
1,2,1641.96,462.83,182.97,194.82,1,car,1
1,3,562.83,397.55,163.16,189.74,1,car,1
1,4,304.45,118.65,105.6,81.97,1,car,1
1,5,1516.78,119.25,101.06,73.88,1,car,1
1,6,183.0,122.45,93.0,70.37,1,car,1
1,7,1643.49,120.37,92.95,69.61,1,car,1
2,1,1019.64,528.99,209.74,198.62,1,car,1
2,2,1655.07,455.77,182.24,195.91,1,car,1
2,3,577.2,393.31,159.8,187.08,1,car,1
2,4,304.64,118.47,103.16,82.42,1,car,1
2,5,1517.35,119.04,100.42,73.69,1,car,1
2,6,182.02,122.46,94.08,70.24,1,car,1
2,7,1641.93,120.63,94.27,69.45,1,car,1
3,1,1021.04,530.2,222.24,199.83,1,car,1
3,2,1668.17,448.72,181.5,196.99,1,car,1
3,3,591.58,389.06,156.44,184.42,1,car,1
3,4,304.84,118.28,100.73,82.87,1,car,1
3,5,1517.92,118.82,99.78,73.51,1,car,1
3,6,181.05,122.46,95.15,70.1,1,car,1
3,7,1640.37,120.89,95.59,69.29,1,car,1
4,1,1022.44,531.41,234.74,201.05,1,car,1
4,2,1681.27,441.66,180.77,198.08,1,car,1
4,3,605.96,384.82,153.08,181.76,1,car,1
4,4,305.03,118.1,98.3,83.33,1,car,1
4,5,1518.48,118.61,99.14,73.33,1,car,1
4,6,180.07,122.46,96.23,69.97,1,car,1
4,7,1638.81,121.15,96.91,69.13,1,car,1
5,1,1023.84,532.63,247.24,202.27,1,car,1
5,2,1694.38,434.61,180.03,199.16,1,car,1
5,3,620.33,380.58,149.73,179.1,1,car,1
5,4,305.22,117.91,95.86,83.78,1,car,1
5,5,1519.05,118.4,98.5,73.14,1,car,1
5,6,179.09,122.47,97.31,69.83,1,car,1
5,7,1637.26,121.41,98.24,68.97,1,car,1
6,1,1025.24,533.84,259.74,203.49,1,car,1
6,2,1707.48,427.56,179.29,200.24,1,car,1
6,3,634.71,376.34,146.37,176.44,1,car,1
6,4,305.41,117.73,93.43,84.23,1,car,1
6,5,1519.61,118.18,97.86,72.96,1,car,1
6,6,178.11,122.47,98.38,69.7,1,car,1
6,7,1635.7,121.67,99.56,68.81,1,car,1
7,1,1028.92,535.96,253.75,201.47,1,car,1
7,2,1699.26,426.95,194.15,201.24,1,car,1
7,3,641.78,375.52,145.64,174.99,1,car,1
7,4,305.58,117.85,93.71,83.59,1,car,1
7,5,1518.83,118.28,98.85,73.07,1,car,1
7,6,177.14,122.48,99.46,69.56,1,car,1
7,7,1635.47,121.24,99.52,69.62,1,car,1
8,1,1032.61,538.09,247.77,199.45,1,car,1
8,2,1691.05,426.34,209.01,202.24,1,car,1
8,3,648.84,374.7,144.92,173.54,1,car,1
8,4,305.74,117.98,93.98,82.95,1,car,1
8,5,1518.04,118.39,99.85,73.18,1,car,1
8,6,176.16,122.48,100.53,69.43,1,car,1
8,7,1635.25,120.8,99.48,70.43,1,car,1
9,1,1036.3,540.22,241.78,197.44,1,car,1
9,2,1682.84,425.73,223.87,203.24,1,car,1
9,3,655.91,373.89,144.19,172.09,1,car,1
9,4,305.91,118.11,94.26,82.3,1,car,1
9,5,1517.25,118.49,100.85,73.29,1,car,1
9,6,175.18,122.48,101.61,69.29,1,car,1
9,7,1635.02,120.37,99.44,71.24,1,car,1
10,1,1039.99,542.35,235.79,195.42,1,car,1
10,2,1674.62,425.12,238.73,204.23,1,car,1
10,3,662.98,373.07,143.46,170.64,1,car,1
10,4,306.07,118.23,94.53,81.66,1,car,1
10,5,1516.46,118.59,101.85,73.4,1,car,1
10,6,174.21,122.49,102.69,69.16,1,car,1
10,7,1634.79,119.94,99.4,72.05,1,car,1
11,1,1043.67,544.47,229.8,193.4,1,car,1
11,2,1666.41,424.51,253.59,205.23,1,car,1
11,3,670.05,372.25,142.74,169.19,1,car,1
11,4,306.24,118.36,94.81,81.02,1,car,1
11,5,1515.67,118.7,102.84,73.51,1,car,1
11,6,173.23,122.49,103.76,69.02,1,car,1
11,7,1634.57,119.51,99.36,72.86,1,car,1
12,1,1045.84,544.06,227.02,191.47,1,car,1
12,2,1673.84,423.86,246.16,205.76,1,car,1
12,3,679.2,370.47,135.35,170.16,1,car,1
12,4,305.7,118.31,95.47,82.11,1,car,1
12,5,1514.74,118.52,103.85,73.95,1,car,1
12,6,172.25,122.49,104.84,68.89,1,car,1
12,7,1634.87,120.02,99.21,72.18,1,car,1
13,1,1048.01,543.64,224.24,189.54,1,car,1
13,2,1681.26,423.21,238.74,206.28,1,car,1
13,3,688.35,368.69,127.97,171.14,1,car,1
13,4,305.16,118.26,96.14,83.2,1,car,1
13,5,1513.81,118.33,104.86,74.38,1,car,1
13,6,171.27,122.5,105.91,68.75,1,car,1
13,7,1635.18,120.53,99.06,71.5,1,car,1
14,1,1050.18,543.23,221.46,187.61,1,car,1
14,2,1688.69,422.56,231.31,206.81,1,car,1
14,3,697.51,366.92,120.58,172.11,1,car,1
14,4,304.62,118.21,96.8,84.29,1,car,1
14,5,1512.88,118.15,105.87,74.81,1,car,1
14,6,171.35,122.27,105.76,69.13,1,car,1
14,7,1635.48,121.05,98.91,70.81,1,car,1
15,1,1052.34,542.81,218.68,185.68,1,car,1
15,2,1696.12,421.91,223.88,207.33,1,car,1
15,3,706.66,365.14,113.2,173.09,1,car,1
15,4,304.08,118.17,97.47,85.38,1,car,1
15,5,1511.94,117.97,106.87,75.25,1,car,1
15,6,171.42,122.05,105.62,69.51,1,car,1
15,7,1635.79,121.56,98.76,70.13,1,car,1
16,1,1054.51,542.39,215.9,183.75,1,car,1
16,2,1703.55,421.26,216.45,207.86,1,car,1
16,3,715.81,363.36,105.81,174.06,1,car,1
16,4,303.54,118.12,98.14,86.47,1,car,1
16,5,1511.01,117.79,107.88,75.68,1,car,1
16,6,171.49,121.82,105.47,69.88,1,car,1
16,7,1636.1,122.07,98.61,69.44,1,car,1
17,1,1056.68,541.98,213.12,181.82,1,car,1
17,2,1706.9,421.22,212.92,207.25,1,car,1
17,3,720.7,366.5,103.28,169.56,1,car,1
17,4,303.96,118.2,97.25,86.03,1,car,1
17,5,1511.69,117.86,107.23,75.5,1,car,1
17,6,171.56,121.59,105.32,70.26,1,car,1
17,7,1638.72,121.96,95.7,69.48,1,car,1
18,1,1058.85,541.56,210.34,179.89,1,car,1
18,2,1710.26,421.18,209.4,206.64,1,car,1
18,3,725.59,369.65,100.75,165.06,1,car,1
18,4,304.37,118.29,96.37,85.59,1,car,1
18,5,1512.36,117.92,106.58,75.32,1,car,1
18,6,171.63,121.37,105.17,70.64,1,car,1
18,7,1641.35,121.84,92.78,69.51,1,car,1
19,1,1061.01,541.15,207.56,177.96,1,car,1
19,2,1713.62,421.14,205.87,206.03,1,car,1
19,3,730.48,372.79,98.22,160.57,1,car,1
19,4,304.79,118.37,95.49,85.15,1,car,1
19,5,1513.04,117.99,105.93,75.14,1,car,1
19,6,171.71,121.14,105.03,71.01,1,car,1
19,7,1643.97,121.73,89.87,69.54,1,car,1
20,1,1063.18,540.73,204.78,176.03,1,car,1
20,2,1716.97,421.1,202.34,205.43,1,car,1
20,3,735.38,375.93,95.69,156.07,1,car,1
20,4,305.21,118.45,94.61,84.7,1,car,1
20,5,1513.71,118.06,105.28,74.96,1,car,1
20,6,171.78,120.92,104.88,71.39,1,car,1
20,7,1646.59,121.62,86.95,69.57,1,car,1
21,1,1065.35,540.32,202.0,174.1,1,car,1
21,2,1720.33,421.06,198.81,204.82,1,car,1
21,3,740.27,379.08,93.16,151.57,1,car,1
21,4,305.63,118.53,93.72,84.26,1,car,1
21,5,1514.39,118.13,104.63,74.78,1,car,1
21,6,171.85,120.69,104.73,71.77,1,car,1
21,7,1649.22,121.5,84.04,69.6,1,car,1
22,1,1067.52,539.9,199.22,172.17,1,car,1
22,2,1730.6,424.93,188.6,199.02,1,car,1
22,3,745.66,368.11,94.64,156.68,1,car,1
22,4,305.67,118.32,94.52,83.76,1,car,1
22,5,1514.71,118.31,104.34,74.37,1,car,1
22,6,171.92,120.46,104.58,72.14,1,car,1
22,7,1648.02,121.21,85.95,69.9,1,car,1
23,1,1069.68,539.48,196.44,170.24,1,car,1
23,2,1740.88,428.81,178.4,193.22,1,car,1
23,3,751.05,357.13,96.11,161.79,1,car,1
23,4,305.72,118.11,95.31,83.25,1,car,1
23,5,1515.02,118.49,104.05,73.96,1,car,1
23,6,172.0,120.24,104.44,72.52,1,car,1
23,7,1646.83,120.92,87.85,70.2,1,car,1
24,1,1071.85,539.07,193.66,168.3,1,car,1
24,2,1751.15,432.69,168.19,187.42,1,car,1
24,3,756.44,346.16,97.59,166.9,1,car,1
24,4,305.77,117.91,96.1,82.74,1,car,1
24,5,1515.34,118.67,103.76,73.56,1,car,1
24,6,172.07,120.01,104.29,72.9,1,car,1
24,7,1645.64,120.62,89.76,70.5,1,car,1
25,1,1074.02,538.65,190.88,166.37,1,car,1
25,2,1761.42,436.57,157.98,181.62,1,car,1
25,3,761.84,335.19,99.06,172.01,1,car,1
25,4,305.82,117.7,96.89,82.23,1,car,1
25,5,1515.66,118.85,103.47,73.15,1,car,1
25,6,172.14,119.79,104.14,73.27,1,car,1
25,7,1644.44,120.33,91.66,70.8,1,car,1
26,1,1076.19,538.24,188.1,164.44,1,car,1
26,2,1771.69,440.45,147.77,175.82,1,car,1
26,3,767.23,324.22,100.54,177.12,1,car,1
26,4,305.87,117.49,97.68,81.73,1,car,1
26,5,1515.97,119.03,103.18,72.75,1,car,1
26,6,172.21,119.56,103.99,73.65,1,car,1
26,7,1643.25,120.04,93.57,71.1,1,car,1
27,1,1078.35,537.82,185.32,162.51,1,car,1
27,2,1781.97,444.33,137.56,170.02,1,car,1
27,3,773.82,318.32,105.17,180.28,1,car,1
27,4,306.1,117.82,97.1,80.01,1,car,1
27,5,1516.1,119.15,103.15,72.71,1,car,1
27,6,172.28,119.33,103.84,74.02,1,car,1
27,7,1642.23,120.28,94.87,70.85,1,car,1
28,1,1080.52,537.4,182.54,160.58,1,car,1
28,2,1792.24,448.21,127.36,164.22,1,car,1
28,3,780.41,312.42,109.81,183.44,1,car,1
28,4,306.33,118.15,96.52,78.29,1,car,1
28,5,1516.23,119.27,103.11,72.68,1,car,1
28,6,172.36,119.11,103.7,74.4,1,car,1
28,7,1641.22,120.51,96.16,70.6,1,car,1
29,1,1082.69,536.99,179.76,158.65,1,car,1
29,2,1802.51,452.09,117.15,158.42,1,car,1
29,3,787.0,306.53,114.44,186.6,1,car,1
29,4,306.56,118.48,95.94,76.57,1,car,1
29,5,1516.35,119.39,103.07,72.65,1,car,1
29,6,172.43,118.88,103.55,74.78,1,car,1
29,7,1640.2,120.75,97.46,70.35,1,car,1
30,1,1084.86,536.57,176.98,156.72,1,car,1
30,2,1802.22,451.69,117.44,158.68,1,car,1
30,3,793.6,300.63,119.08,189.76,1,car,1
30,4,306.79,118.81,95.36,74.86,1,car,1
30,5,1516.48,119.51,103.04,72.62,1,car,1
30,6,172.5,118.65,103.4,75.15,1,car,1
30,7,1639.19,120.99,98.76,70.1,1,car,1
31,1,1082.02,531.83,178.39,157.77,1,car,1
31,2,1801.93,451.29,117.73,158.94,1,car,1
31,3,800.19,294.73,123.72,192.93,1,car,1
31,4,307.02,119.14,94.78,73.14,1,car,1
31,5,1516.6,119.63,103.0,72.58,1,car,1
31,6,172.57,118.43,103.25,75.53,1,car,1
31,7,1638.18,121.23,100.05,69.85,1,car,1
32,1,1079.18,527.08,179.79,158.81,1,car,1
32,2,1801.63,450.89,118.02,159.21,1,car,1
32,3,805.81,292.14,125.15,197.65,1,car,1
32,4,306.75,118.88,96.24,73.33,1,car,1
32,5,1516.46,119.36,103.01,73.14,1,car,1
32,6,174.8,119.12,101.11,74.82,1,car,1
32,7,1637.66,121.3,99.89,69.6,1,car,1
33,1,1076.34,522.33,181.2,159.85,1,car,1
33,2,1801.34,450.49,118.31,159.47,1,car,1
33,3,811.43,289.56,126.59,202.38,1,car,1
33,4,306.48,118.62,97.69,73.52,1,car,1
33,5,1516.33,119.09,103.02,73.7,1,car,1
33,6,177.02,119.82,98.96,74.12,1,car,1
33,7,1637.15,121.38,99.74,69.35,1,car,1
34,1,1073.51,517.58,182.61,160.9,1,car,1
34,2,1801.05,450.09,118.6,159.74,1,car,1
34,3,817.05,286.97,128.03,207.1,1,car,1
34,4,306.21,118.35,99.15,73.71,1,car,1
34,5,1516.19,118.82,103.03,74.26,1,car,1
34,6,179.24,120.51,96.82,73.41,1,car,1
34,7,1636.64,121.45,99.58,69.09,1,car,1
35,1,1070.67,512.83,184.02,161.94,1,car,1
35,2,1800.75,449.69,118.89,160.0,1,car,1
35,3,822.67,284.38,129.47,211.83,1,car,1
35,4,305.93,118.09,100.61,73.9,1,car,1
35,5,1516.05,118.55,103.04,74.82,1,car,1
35,6,181.46,121.2,94.67,72.7,1,car,1
35,7,1636.13,121.53,99.42,68.84,1,car,1
36,1,1067.83,508.09,185.43,162.98,1,car,1
36,2,1800.46,449.3,119.18,160.27,1,car,1
36,3,828.29,281.8,130.91,216.55,1,car,1
36,4,305.66,117.83,102.06,74.09,1,car,1
36,5,1515.91,118.28,103.05,75.38,1,car,1
36,6,183.68,121.9,92.53,71.99,1,car,1
36,7,1635.62,121.6,99.27,68.58,1,car,1
37,1,1064.99,503.34,186.84,164.03,1,car,1
37,2,1800.17,448.9,119.48,160.53,1,car,1
37,3,834.94,281.61,138.38,216.18,1,car,1
37,4,305.7,117.64,100.59,74.51,1,car,1
37,5,1516.22,118.29,102.5,75.4,1,car,1
37,6,183.47,121.93,92.75,71.85,1,car,1
37,7,1635.94,121.76,100.15,68.38,1,car,1
38,1,1062.16,498.59,188.25,165.07,1,car,1
38,2,1799.88,448.5,119.77,160.8,1,car,1
38,3,841.59,281.42,145.85,215.81,1,car,1
38,4,305.74,117.45,99.12,74.93,1,car,1
38,5,1516.53,118.31,101.95,75.42,1,car,1
38,6,183.27,121.96,92.98,71.71,1,car,1
38,7,1636.27,121.91,101.04,68.17,1,car,1
38,8,1357.06,324.76,132.99,113.24,1,car,1
39,1,1059.32,493.84,189.66,166.11,1,car,1
39,2,1799.58,448.1,120.06,161.06,1,car,1
39,3,848.23,281.23,153.32,215.44,1,car,1
39,4,305.78,117.27,97.65,75.35,1,car,1
39,5,1516.83,118.33,101.4,75.44,1,car,1
39,6,183.06,121.99,93.2,71.56,1,car,1
39,7,1636.6,122.07,101.93,67.96,1,car,1
39,8,1366.41,320.15,141.88,115.57,1,car,1
40,1,1056.48,489.1,191.07,167.16,1,car,1
40,2,1799.29,447.7,120.35,161.33,1,car,1
40,3,854.88,281.04,160.79,215.07,1,car,1
40,4,305.82,117.08,96.18,75.77,1,car,1
40,5,1517.14,118.34,100.84,75.46,1,car,1
40,6,182.85,122.01,93.43,71.42,1,car,1
40,7,1636.92,122.22,102.82,67.75,1,car,1
40,8,1375.76,315.55,150.77,117.89,1,car,1
41,1,1053.64,484.35,192.48,168.2,1,car,1
41,2,1799.0,447.3,120.64,161.59,1,car,1
41,3,861.53,280.85,168.26,214.7,1,car,1
41,4,305.86,116.89,94.71,76.19,1,car,1
41,5,1517.45,118.36,100.29,75.48,1,car,1
41,6,182.64,122.04,93.65,71.28,1,car,1
41,7,1637.25,122.38,103.7,67.55,1,car,1
41,8,1385.1,310.95,159.66,120.22,1,car,1
42,1,1050.81,479.6,193.88,169.24,1,car,1
42,2,1798.7,446.9,120.93,161.86,1,car,1
42,3,863.48,282.88,170.73,206.81,1,car,1
42,4,305.97,116.9,94.16,76.25,1,car,1
42,5,1517.47,118.38,100.19,75.44,1,car,1
42,6,182.43,122.07,93.88,71.13,1,car,1
42,7,1637.42,122.42,102.39,67.41,1,car,1
42,8,1394.45,306.34,168.55,122.54,1,car,1
43,1,1047.97,474.85,195.29,170.29,1,car,1
43,2,1798.41,446.51,121.22,162.12,1,car,1
43,3,865.43,284.91,173.19,198.91,1,car,1
43,4,306.08,116.9,93.6,76.32,1,car,1
43,5,1517.5,118.4,100.08,75.41,1,car,1
43,6,182.23,122.1,94.1,70.99,1,car,1
43,7,1637.59,122.46,101.08,67.27,1,car,1
43,8,1403.8,301.74,177.44,124.86,1,car,1
44,1,1045.13,470.1,196.7,171.33,1,car,1
44,2,1798.12,446.11,121.51,162.38,1,car,1
44,3,867.38,286.94,175.65,191.02,1,car,1
44,4,306.19,116.91,93.04,76.38,1,car,1
44,5,1517.53,118.42,99.98,75.37,1,car,1
44,6,182.02,122.13,94.33,70.85,1,car,1
44,7,1637.76,122.5,99.76,67.13,1,car,1
44,8,1416.67,296.79,179.14,125.19,1,car,1
45,1,1042.29,465.36,198.11,172.37,1,car,1
45,2,1797.83,445.71,121.8,162.65,1,car,1
45,3,869.33,288.97,178.12,183.12,1,car,1
45,4,306.3,116.91,92.48,76.45,1,car,1
45,5,1517.56,118.44,99.87,75.34,1,car,1
45,6,181.81,122.16,94.55,70.7,1,car,1
45,7,1637.93,122.54,98.45,67.0,1,car,1
45,8,1429.54,291.85,180.85,125.51,1,car,1
46,1,1039.46,460.61,199.52,173.42,1,car,1
46,2,1797.53,445.31,122.09,162.91,1,car,1
46,3,871.28,291.0,180.58,175.23,1,car,1
46,4,306.41,116.91,91.92,76.51,1,car,1
46,5,1517.59,118.46,99.77,75.31,1,car,1
46,6,181.6,122.19,94.78,70.56,1,car,1
46,7,1638.11,122.58,97.14,66.86,1,car,1
46,8,1442.42,286.9,182.55,125.83,1,car,1
47,1,1036.62,455.86,200.93,174.46,1,car,1
47,2,1797.24,444.91,122.38,163.18,1,car,1
47,3,866.04,284.53,186.69,178.45,1,car,1
47,4,307.35,117.24,92.21,75.87,1,car,1
47,5,1517.14,118.47,100.24,75.01,1,car,1
47,6,181.4,122.22,95.0,70.42,1,car,1
47,7,1639.59,122.19,95.66,67.03,1,car,1
47,8,1455.29,281.96,184.25,126.15,1,car,1
48,1,1033.78,451.11,202.34,175.51,1,car,1
48,2,1796.95,444.51,122.67,163.44,1,car,1
48,3,860.8,278.06,192.8,181.67,1,car,1
48,4,308.29,117.58,92.5,75.23,1,car,1
48,5,1516.68,118.48,100.71,74.71,1,car,1
48,6,181.19,122.25,95.23,70.27,1,car,1
48,7,1641.07,121.81,94.18,67.2,1,car,1
48,8,1468.16,277.01,185.96,126.47,1,car,1
49,1,1030.94,446.37,203.75,176.55,1,car,1
49,2,1796.65,444.11,122.96,163.71,1,car,1
49,3,855.57,271.59,198.91,184.89,1,car,1
49,4,309.23,117.91,92.79,74.6,1,car,1
49,5,1516.23,118.49,101.18,74.41,1,car,1
49,6,180.98,122.28,95.46,70.13,1,car,1
49,7,1642.56,121.43,92.71,67.38,1,car,1
49,8,1480.97,271.81,187.33,127.29,1,car,1
50,1,1028.11,441.62,205.16,177.59,1,car,1
50,2,1796.36,443.72,123.25,163.97,1,car,1
50,3,850.33,265.12,205.01,188.11,1,car,1
50,4,310.17,118.24,93.08,73.96,1,car,1
50,5,1515.78,118.5,101.65,74.11,1,car,1
50,6,180.77,122.31,95.68,69.99,1,car,1
50,7,1644.04,121.05,91.23,67.55,1,car,1
50,8,1493.77,266.6,188.71,128.1,1,car,1
51,1,1025.27,436.87,206.57,178.64,1,car,1
51,2,1796.07,443.32,123.55,164.24,1,car,1
51,3,845.09,258.65,211.12,191.33,1,car,1
51,4,311.11,118.57,93.36,73.32,1,car,1
51,5,1515.32,118.51,102.12,73.81,1,car,1
51,6,180.57,122.33,95.91,69.84,1,car,1
51,7,1645.52,120.66,89.75,67.72,1,car,1
51,8,1506.58,261.4,190.08,128.92,1,car,1
52,1,1022.43,432.12,207.97,179.68,1,car,1
52,2,1795.78,442.92,123.84,164.5,1,car,1
52,3,841.59,256.49,211.08,188.02,1,car,1
52,4,310.13,118.41,93.73,74.02,1,car,1
52,5,1515.75,118.45,101.88,73.74,1,car,1
52,6,180.36,122.36,96.13,69.7,1,car,1
52,7,1646.8,120.84,88.2,68.1,1,car,1
52,8,1519.39,256.19,191.46,129.74,1,car,1
53,1,1019.59,427.37,209.38,180.72,1,car,1
53,2,1795.48,442.52,124.13,164.77,1,car,1
53,3,838.09,254.34,211.03,184.72,1,car,1
53,4,309.14,118.25,94.1,74.72,1,car,1
53,5,1516.18,118.38,101.64,73.67,1,car,1
53,6,180.15,122.39,96.36,69.56,1,car,1
53,7,1648.08,121.02,86.64,68.49,1,car,1
53,8,1532.19,250.99,192.83,130.55,1,car,1
54,1,1016.76,422.63,210.79,181.77,1,car,1
54,2,1795.19,442.12,124.42,165.03,1,car,1
54,3,834.59,252.18,210.99,181.41,1,car,1
54,4,308.15,118.1,94.47,75.42,1,car,1
54,5,1516.6,118.31,101.4,73.61,1,car,1
54,6,179.94,122.42,96.58,69.41,1,car,1
54,7,1649.36,121.19,85.08,68.87,1,car,1
54,8,1540.21,246.14,195.82,133.61,1,car,1
55,1,1013.92,417.88,212.2,182.81,1,car,1
55,2,1794.9,441.72,124.71,165.3,1,car,1
55,3,831.1,250.03,210.94,178.1,1,car,1
55,4,307.16,117.94,94.83,76.12,1,car,1
55,5,1517.03,118.24,101.16,73.54,1,car,1
55,6,180.68,122.41,95.61,69.51,1,car,1
55,7,1650.64,121.37,83.52,69.25,1,car,1
55,8,1548.23,241.3,198.82,136.66,1,car,1
56,1,1011.08,413.13,213.61,183.85,1,car,1
56,2,1794.6,441.32,125.0,165.56,1,car,1
56,3,827.6,247.87,210.9,174.79,1,car,1
56,4,306.17,117.78,95.2,76.82,1,car,1
56,5,1517.46,118.17,100.91,73.47,1,car,1
56,6,181.41,122.41,94.64,69.6,1,car,1
56,7,1651.92,121.55,81.97,69.63,1,car,1
56,8,1556.24,236.46,201.81,139.72,1,car,1
57,1,1008.24,408.38,215.02,184.9,1,car,1
57,2,1794.31,440.93,125.29,165.82,1,car,1
57,3,820.73,242.56,210.39,177.15,1,car,1
57,4,306.26,117.77,95.03,76.85,1,car,1
57,5,1517.52,118.18,100.79,73.41,1,car,1
57,6,182.14,122.4,93.67,69.7,1,car,1
57,7,1647.82,119.92,86.03,70.64,1,car,1
57,8,1564.26,231.62,204.8,142.78,1,car,1
58,1,1005.41,403.63,216.43,185.94,1,car,1
58,2,1794.02,440.53,125.58,166.09,1,car,1
58,3,813.86,237.25,209.88,179.52,1,car,1
58,4,306.34,117.75,94.87,76.89,1,car,1
58,5,1517.59,118.18,100.67,73.36,1,car,1
58,6,182.88,122.39,92.71,69.79,1,car,1
58,7,1643.72,118.29,90.09,71.66,1,car,1
58,8,1572.27,226.78,207.79,145.83,1,car,1
59,1,1002.57,398.89,217.84,186.98,1,car,1
59,2,1793.73,440.13,125.87,166.35,1,car,1
59,3,806.99,231.94,209.37,181.88,1,car,1
59,4,306.43,117.74,94.7,76.93,1,car,1
59,5,1517.65,118.18,100.55,73.3,1,car,1
59,6,183.61,122.39,91.74,69.89,1,car,1
59,7,1639.62,116.67,94.16,72.67,1,car,1
59,8,1585.54,231.72,202.13,153.53,1,car,1
60,1,999.73,394.14,219.25,188.03,1,car,1
60,2,1793.43,439.73,126.16,166.62,1,car,1
60,3,800.12,226.63,208.87,184.25,1,car,1
60,4,306.52,117.72,94.53,76.96,1,car,1
60,5,1517.72,118.19,100.42,73.24,1,car,1
60,6,183.62,122.38,91.7,69.82,1,car,1
60,7,1635.53,115.04,98.22,73.68,1,car,1
60,8,1598.81,236.67,196.46,161.22,1,car,1
61,1,996.89,389.39,220.66,189.07,1,car,1
61,2,1793.14,439.33,126.45,166.88,1,car,1
61,4,306.61,117.71,94.37,77.0,1,car,1
61,5,1517.78,118.19,100.3,73.19,1,car,1
61,6,183.62,122.37,91.67,69.76,1,car,1
61,7,1631.43,113.41,102.29,74.69,1,car,1
61,8,1612.08,241.61,190.8,168.92,1,car,1
62,1,994.06,384.64,222.06,190.11,1,car,1
62,2,1792.85,438.93,126.74,167.15,1,car,1
62,4,306.7,117.69,94.2,77.04,1,car,1
62,5,1517.85,118.2,100.18,73.13,1,car,1
62,6,183.63,122.37,91.63,69.7,1,car,1
62,7,1631.3,112.95,102.37,75.09,1,car,1
62,8,1625.35,246.55,185.14,176.61,1,car,1
62,9,154.12,1032.53,158.82,47.47,1,car,1
63,1,991.22,379.9,223.47,191.16,1,car,1
63,2,1792.55,438.53,127.03,167.41,1,car,1
63,4,306.78,117.68,94.03,77.07,1,car,1
63,5,1517.91,118.2,100.06,73.07,1,car,1
63,6,183.64,122.36,91.59,69.63,1,car,1
63,7,1631.17,112.5,102.46,75.5,1,car,1
63,8,1638.62,251.49,179.47,184.31,1,car,1
63,9,153.99,1032.54,158.87,47.46,1,car,1
64,1,988.38,375.15,224.88,192.2,1,car,1
64,2,1792.26,438.14,127.33,167.68,1,car,1
64,4,306.87,117.66,93.87,77.11,1,car,1
64,5,1517.98,118.2,99.94,73.01,1,car,1
64,6,183.65,122.35,91.56,69.57,1,car,1
64,7,1631.04,112.04,102.54,75.91,1,car,1
64,8,1646.87,248.82,185.93,189.37,1,car,1
64,9,153.86,1032.55,158.92,47.45,1,car,1
65,1,985.54,370.4,226.29,193.24,1,car,1
65,2,1791.97,437.74,127.62,167.94,1,car,1
65,4,306.96,117.65,93.7,77.14,1,car,1
65,5,1518.04,118.21,99.81,72.96,1,car,1
65,6,183.66,122.34,91.52,69.51,1,car,1
65,7,1630.9,111.58,102.62,76.31,1,car,1
65,8,1655.12,246.15,192.39,194.44,1,car,1
65,9,153.73,1032.56,158.98,47.44,1,car,1
66,1,986.91,369.0,225.75,193.53,1,car,1
66,2,1791.68,437.34,127.91,168.21,1,car,1
66,4,307.05,117.63,93.53,77.18,1,car,1
66,5,1518.11,118.21,99.69,72.9,1,car,1
66,6,183.66,122.34,91.49,69.44,1,car,1
66,7,1630.77,111.12,102.71,76.72,1,car,1
66,8,1663.37,243.48,198.84,199.5,1,car,1
66,9,153.61,1032.57,159.03,47.43,1,car,1
67,1,988.27,367.61,225.22,193.81,1,car,1
67,2,1791.38,436.94,128.2,168.47,1,car,1
67,4,307.14,117.62,93.37,77.22,1,car,1
67,5,1518.17,118.22,99.57,72.84,1,car,1
67,6,183.67,122.33,91.45,69.38,1,car,1
67,7,1631.04,111.42,102.43,76.45,1,car,1
67,8,1671.63,240.8,205.3,204.57,1,car,1
67,9,153.48,1032.58,159.08,47.42,1,car,1
68,1,989.63,366.21,224.68,194.09,1,car,1
68,2,1791.09,436.54,128.49,168.74,1,car,1
68,4,307.22,117.6,93.2,77.25,1,car,1
68,5,1518.24,118.22,99.45,72.79,1,car,1
68,6,183.68,122.32,91.42,69.32,1,car,1
68,7,1631.32,111.73,102.15,76.18,1,car,1
68,8,1679.88,238.13,211.76,209.63,1,car,1
68,9,153.47,1032.57,159.1,47.43,1,car,1
69,1,991.0,364.81,224.14,194.37,1,car,1
69,2,1790.8,436.14,128.78,169.0,1,car,1
69,4,307.31,117.59,93.03,77.29,1,car,1
69,5,1518.3,118.22,99.32,72.73,1,car,1
69,6,183.69,122.31,91.38,69.25,1,car,1
69,7,1631.59,112.03,101.87,75.91,1,car,1
69,8,1692.36,253.55,204.82,196.6,1,car,1
69,9,153.47,1032.57,159.11,47.43,1,car,1
70,1,992.36,363.42,223.6,194.66,1,car,1
70,2,1790.51,435.74,129.07,169.27,1,car,1
70,4,307.4,117.57,92.87,77.33,1,car,1
70,5,1518.37,118.23,99.2,72.67,1,car,1
70,6,183.69,122.31,91.35,69.19,1,car,1
70,7,1631.86,112.34,101.59,75.65,1,car,1
70,8,1704.85,268.98,197.89,183.57,1,car,1
70,9,153.46,1032.57,159.13,47.43,1,car,1
71,1,994.79,360.89,223.75,192.96,1,car,1
71,2,1790.21,435.35,129.36,169.53,1,car,1
71,4,307.49,117.56,92.7,77.36,1,car,1
71,5,1518.44,118.23,99.08,72.61,1,car,1
71,6,183.7,122.3,91.31,69.13,1,car,1
71,7,1632.14,112.64,101.32,75.38,1,car,1
71,8,1717.34,284.4,190.95,170.54,1,car,1
71,9,153.45,1032.57,159.15,47.43,1,car,1
72,1,997.22,358.36,223.9,191.27,1,car,1
72,2,1789.92,434.95,129.65,169.79,1,car,1
72,4,307.58,117.54,92.53,77.4,1,car,1
72,5,1518.5,118.23,98.96,72.56,1,car,1
72,6,183.71,122.29,91.28,69.06,1,car,1
72,7,1632.41,112.95,101.04,75.11,1,car,1
72,8,1729.82,299.82,184.02,157.51,1,car,1
72,9,153.44,1032.56,159.16,47.44,1,car,1
73,1,999.65,355.83,224.05,189.58,1,car,1
73,2,1789.63,434.55,129.94,170.06,1,car,1
73,4,307.66,117.53,92.37,77.44,1,car,1
73,5,1518.57,118.24,98.84,72.5,1,car,1
73,6,183.72,122.28,91.24,69.0,1,car,1
73,7,1632.68,113.25,100.76,74.84,1,car,1
73,8,1742.31,315.25,177.08,144.48,1,car,1
73,9,153.44,1032.55,159.16,47.45,1,car,1
74,1,1002.08,353.3,224.19,187.89,1,car,1
74,2,1789.33,434.15,130.23,170.32,1,car,1
74,4,307.75,117.51,92.2,77.47,1,car,1
74,5,1518.63,118.24,98.71,72.44,1,car,1
74,6,183.72,122.28,91.21,68.94,1,car,1
74,7,1632.96,113.56,100.48,74.58,1,car,1
74,8,1751.1,319.99,168.21,141.98,1,car,1
74,9,153.43,1032.54,159.16,47.46,1,car,1
75,1,1004.51,350.77,224.34,186.19,1,car,1
75,2,1789.04,433.75,130.52,170.59,1,car,1
75,4,307.84,117.5,92.04,77.51,1,car,1
75,5,1518.7,118.25,98.59,72.39,1,car,1
75,6,183.73,122.27,91.17,68.87,1,car,1
75,7,1633.23,113.86,100.2,74.31,1,car,1
75,8,1759.9,324.74,159.34,139.49,1,car,1
75,9,153.42,1032.52,159.16,47.48,1,car,1
76,1,1007.78,349.33,219.81,185.01,1,car,1
76,2,1788.75,433.35,130.81,170.85,1,car,1
76,4,307.93,117.48,91.87,77.55,1,car,1
76,5,1518.76,118.25,98.47,72.33,1,car,1
76,6,183.74,122.26,91.13,68.81,1,car,1
76,7,1633.5,114.17,99.92,74.04,1,car,1
76,8,1768.7,329.48,150.47,136.99,1,car,1
76,9,153.42,1032.51,159.16,47.49,1,car,1
77,1,1011.05,347.89,215.28,183.82,1,car,1
77,2,1788.46,432.95,131.1,171.12,1,car,1
77,4,308.02,117.47,91.7,77.58,1,car,1
77,5,1518.83,118.25,98.35,72.27,1,car,1
77,6,183.75,122.25,91.1,68.75,1,car,1
77,7,1633.78,114.47,99.65,73.77,1,car,1
77,8,1777.49,334.23,141.6,134.49,1,car,1
77,9,153.41,1032.5,159.16,47.5,1,car,1
78,1,1014.32,346.45,210.74,182.63,1,car,1
78,2,1788.16,432.56,131.4,171.38,1,car,1
78,4,308.1,117.45,91.54,77.62,1,car,1
78,5,1518.89,118.26,98.22,72.21,1,car,1
78,6,183.76,122.25,91.06,68.68,1,car,1
78,7,1634.05,114.78,99.37,73.51,1,car,1
78,8,1786.29,338.97,132.73,131.99,1,car,1
78,9,153.27,1032.47,159.4,47.53,1,car,1
79,1,1017.58,345.02,206.21,181.44,1,car,1
79,2,1787.87,432.16,131.69,171.65,1,car,1
79,4,308.19,117.44,91.37,77.66,1,car,1
79,5,1518.96,118.26,98.1,72.16,1,car,1
79,6,183.76,122.24,91.03,68.62,1,car,1
79,7,1634.32,115.08,99.09,73.24,1,car,1
79,8,1795.08,343.72,123.87,129.49,1,car,1
79,9,153.14,1032.44,159.64,47.56,1,car,1
80,1,1020.85,343.58,201.68,180.25,1,car,1
80,2,1787.58,431.76,131.98,171.91,1,car,1
80,4,308.28,117.42,91.2,77.69,1,car,1
80,5,1519.02,118.27,97.98,72.1,1,car,1
80,6,183.77,122.23,90.99,68.55,1,car,1
80,7,1634.59,115.39,98.81,72.97,1,car,1
80,8,1803.88,348.46,115.0,127.0,1,car,1
80,9,153.0,1032.41,159.89,47.59,1,car,1
81,1,1022.08,341.77,202.87,179.55,1,car,1
81,2,1787.28,431.36,132.27,172.18,1,car,1
81,4,308.37,117.41,91.04,77.73,1,car,1
81,5,1519.09,118.27,97.86,72.04,1,car,1
81,6,183.78,122.23,90.96,68.49,1,car,1
81,7,1635.12,115.86,98.15,72.5,1,car,1
81,8,1807.05,350.87,111.89,128.93,1,car,1
81,9,152.86,1032.38,160.13,47.62,1,car,1
82,1,1023.3,339.96,204.06,178.84,1,car,1
82,2,1786.99,430.96,132.56,172.44,1,car,1
82,4,308.46,117.39,90.87,77.77,1,car,1
82,5,1519.15,118.27,97.73,71.99,1,car,1
82,6,183.79,122.22,90.92,68.43,1,car,1
82,7,1635.65,116.33,97.49,72.02,1,car,1
82,8,1810.22,353.29,108.78,130.87,1,car,1
82,9,152.72,1032.35,160.37,47.65,1,car,1
83,1,1024.52,338.15,205.25,178.14,1,car,1
83,2,1786.7,430.56,132.85,172.71,1,car,1
83,4,308.54,117.38,90.7,77.8,1,car,1
83,5,1519.22,118.28,97.61,71.93,1,car,1
83,6,183.79,122.21,90.89,68.36,1,car,1
83,7,1636.17,116.8,96.83,71.55,1,car,1
83,8,1813.39,355.7,105.68,132.8,1,car,1
83,9,153.18,1032.32,160.02,47.68,1,car,1
84,1,1025.75,336.34,206.44,177.44,1,car,1
84,2,1786.41,430.16,133.14,172.97,1,car,1
84,4,308.63,117.36,90.54,77.84,1,car,1
84,5,1519.28,118.28,97.49,71.87,1,car,1
84,6,183.8,122.2,90.85,68.3,1,car,1
84,7,1636.7,117.27,96.17,71.08,1,car,1
84,8,1816.57,358.11,102.57,134.74,1,car,1
84,9,153.63,1032.3,159.67,47.7,1,car,1
85,1,1026.97,334.52,207.64,176.73,1,car,1
85,2,1786.11,429.77,133.43,173.23,1,car,1
85,4,308.72,117.35,90.37,77.88,1,car,1
85,5,1519.35,118.28,97.37,71.81,1,car,1
85,6,183.81,122.2,90.82,68.24,1,car,1
85,7,1637.23,117.75,95.51,70.6,1,car,1
85,8,1819.74,360.52,99.46,136.67,1,car,1
85,9,154.09,1032.27,159.32,47.73,1,car,1
86,1,1028.83,332.8,207.36,175.71,1,car,1
86,2,1785.82,429.37,133.72,173.5,1,car,1
86,4,308.81,117.33,90.2,77.91,1,car,1
86,5,1519.41,118.29,97.25,71.76,1,car,1
86,6,183.82,122.19,90.78,68.17,1,car,1
86,7,1637.76,118.22,94.85,70.13,1,car,1
86,8,1823.46,365.42,95.88,132.76,1,car,1
86,9,154.54,1032.24,158.97,47.76,1,car,1
87,1,1030.69,331.07,207.08,174.68,1,car,1
87,2,1785.53,428.97,134.01,173.76,1,car,1
87,4,308.9,117.32,90.04,77.95,1,car,1
87,5,1519.48,118.29,97.12,71.7,1,car,1
87,6,183.82,122.18,90.75,68.11,1,car,1
87,7,1638.28,118.69,94.18,69.65,1,car,1
87,8,1827.18,370.31,92.3,128.84,1,car,1
87,9,155.0,1032.21,158.62,47.79,1,car,1
88,1,1032.55,329.34,206.8,173.65,1,car,1
88,2,1785.23,428.57,134.3,174.03,1,car,1
88,4,308.98,117.3,89.87,77.99,1,car,1
88,5,1519.54,118.3,97.0,71.64,1,car,1
88,6,183.83,122.17,90.71,68.05,1,car,1
88,7,1638.81,119.16,93.52,69.18,1,car,1
88,8,1830.9,375.21,88.71,124.93,1,car,1
88,9,154.9,1032.19,158.66,47.81,1,car,1
89,1,1034.41,327.62,206.52,172.63,1,car,1
89,2,1784.94,428.17,134.59,174.29,1,car,1
89,4,309.07,117.29,89.7,78.02,1,car,1
89,5,1519.61,118.3,96.88,71.58,1,car,1
89,6,183.84,122.17,90.67,67.98,1,car,1
89,7,1639.34,119.63,92.86,68.71,1,car,1
89,8,1834.62,380.1,85.13,121.02,1,car,1
89,9,154.8,1032.17,158.69,47.83,1,car,1
90,1,1036.27,325.89,206.24,171.6,1,car,1
90,2,1784.65,427.77,134.88,174.56,1,car,1
90,4,309.16,117.27,89.54,78.06,1,car,1
90,5,1519.67,118.3,96.76,71.53,1,car,1
90,6,183.85,122.16,90.64,67.92,1,car,1
90,7,1639.86,120.1,92.2,68.23,1,car,1
90,8,1838.35,385.0,81.55,117.1,1,car,1
90,9,154.7,1032.15,158.72,47.85,1,car,1
91,1,1038.35,324.92,204.75,169.86,1,car,1
91,2,1784.36,427.37,135.18,174.82,1,car,1
91,4,309.25,117.26,89.37,78.09,1,car,1
91,5,1519.74,118.31,96.63,71.47,1,car,1
91,6,183.86,122.15,90.6,67.86,1,car,1
91,7,1640.39,120.57,91.54,67.76,1,car,1
91,8,1835.7,390.06,84.04,115.95,1,car,1
91,9,154.6,1032.13,158.75,47.87,1,car,1
92,1,1040.42,323.95,203.26,168.11,1,car,1
92,2,1784.06,426.98,135.47,175.09,1,car,1
92,4,309.34,117.24,89.2,78.13,1,car,1
92,5,1519.8,118.31,96.51,71.41,1,car,1
92,6,183.86,122.14,90.57,67.79,1,car,1
92,7,1640.92,121.04,90.88,67.28,1,car,1
92,8,1833.06,395.13,86.53,114.8,1,car,1
92,9,154.5,1032.1,158.78,47.9,1,car,1
93,1,1042.5,322.97,201.77,166.37,1,car,1
93,2,1783.77,426.58,135.76,175.35,1,car,1
93,4,309.42,117.23,89.04,78.17,1,car,1
93,5,1519.87,118.31,96.39,71.36,1,car,1
93,6,183.87,122.14,90.53,67.73,1,car,1
93,7,1638.71,119.59,93.51,68.9,1,car,1
93,8,1830.41,400.19,89.02,113.64,1,car,1
93,9,154.54,1032.14,158.59,47.86,1,car,1
94,1,1044.58,322.0,200.29,164.62,1,car,1
94,2,1783.48,426.18,136.05,175.62,1,car,1
94,4,309.51,117.21,88.87,78.2,1,car,1
94,5,1519.93,118.32,96.27,71.3,1,car,1
94,6,183.88,122.13,90.5,67.67,1,car,1
94,7,1636.5,118.14,96.14,70.51,1,car,1
94,8,1827.77,405.26,91.51,112.49,1,car,1
94,9,154.59,1032.18,158.4,47.82,1,car,1
95,1,1046.65,321.03,198.8,162.88,1,car,1
95,2,1783.18,425.78,136.34,175.88,1,car,1
95,4,309.6,117.2,88.7,78.24,1,car,1
95,5,1520.0,118.32,96.15,71.24,1,car,1
95,6,183.89,122.12,90.46,67.6,1,car,1
95,7,1634.29,116.68,98.76,72.13,1,car,1
95,8,1825.13,410.32,94.0,111.33,1,car,1
95,9,154.63,1032.22,158.21,47.78,1,car,1
96,1,1048.43,320.22,195.67,161.02,1,car,1
96,2,1782.89,425.38,136.63,176.15,1,car,1
96,4,309.69,117.18,88.54,78.28,1,car,1
96,5,1520.06,118.33,96.02,71.18,1,car,1
96,6,183.89,122.11,90.43,67.54,1,car,1
96,7,1632.09,115.23,101.39,73.74,1,car,1
96,8,1825.34,408.3,93.83,116.68,1,car,1
96,9,154.67,1032.25,158.02,47.75,1,car,1
97,1,1050.2,319.41,192.54,159.17,1,car,1
97,2,1782.6,424.98,136.92,176.41,1,car,1
97,4,309.78,117.17,88.37,78.31,1,car,1
97,5,1520.13,118.33,95.9,71.13,1,car,1
97,6,183.9,122.11,90.39,67.48,1,car,1
97,7,1629.88,113.78,104.02,75.36,1,car,1
97,8,1825.55,406.29,93.66,122.03,1,car,1
97,9,154.71,1032.29,157.83,47.71,1,car,1
98,1,1051.98,318.61,189.41,157.31,1,car,1
98,2,1782.31,424.58,137.21,176.67,1,car,1
98,4,309.86,117.15,88.2,78.35,1,car,1
98,5,1520.19,118.33,95.78,71.07,1,car,1
98,6,183.91,122.1,90.36,67.41,1,car,1
98,7,1631.44,115.1,102.11,73.9,1,car,1
98,8,1825.76,404.27,93.49,127.38,1,car,1
98,9,154.54,1032.25,157.74,47.75,1,car,1
99,1,1053.75,317.8,186.28,155.45,1,car,1
99,2,1782.01,424.19,137.5,176.94,1,car,1
99,4,309.95,117.14,88.04,78.39,1,car,1
99,5,1520.26,118.34,95.66,71.01,1,car,1
99,6,183.92,122.09,90.32,67.35,1,car,1
99,7,1633.01,116.41,100.2,72.44,1,car,1
99,8,1825.98,402.25,93.33,132.73,1,car,1
99,9,154.38,1032.21,157.65,47.79,1,car,1
100,1,1055.52,316.99,183.15,153.6,1,car,1
100,2,1781.72,423.79,137.79,177.2,1,car,1
100,4,310.04,117.12,87.87,78.42,1,car,1
100,5,1520.33,118.34,95.53,70.96,1,car,1
100,6,183.92,122.08,90.28,67.29,1,car,1
100,7,1634.57,117.73,98.29,70.98,1,car,1
100,8,1826.19,400.23,93.16,138.08,1,car,1
100,9,154.21,1032.17,157.56,47.83,1,car,1
101,1,1056.71,314.75,180.95,153.78,1,car,1
101,2,1781.43,423.39,138.08,177.47,1,car,1
101,4,310.13,117.11,87.7,78.46,1,car,1
101,5,1520.39,118.35,95.41,70.9,1,car,1
101,6,183.93,122.08,90.25,67.22,1,car,1
101,7,1636.14,119.05,96.38,69.53,1,car,1
101,9,154.05,1032.13,157.47,47.87,1,car,1
102,1,1057.89,312.51,178.74,153.97,1,car,1
102,2,1781.13,422.99,138.37,177.73,1,car,1
102,4,310.22,117.09,87.54,78.5,1,car,1
102,5,1520.46,118.35,95.29,70.84,1,car,1
102,6,183.94,122.07,90.21,67.16,1,car,1
102,7,1637.7,120.37,94.47,68.07,1,car,1
102,9,153.88,1032.09,157.38,47.91,1,car,1
103,1,1059.08,310.26,176.53,154.15,1,car,1
103,2,1780.84,422.59,138.66,178.0,1,car,1
103,4,310.3,117.08,87.37,78.53,1,car,1
103,5,1520.52,118.35,95.17,70.78,1,car,1
103,6,183.95,122.06,90.18,67.1,1,car,1
103,7,1637.2,120.29,95.01,68.37,1,car,1
103,9,154.27,1032.11,157.21,47.89,1,car,1
104,1,1060.26,308.02,174.33,154.34,1,car,1
104,2,1780.55,422.19,138.96,178.26,1,car,1
104,4,310.42,117.15,87.2,78.28,1,car,1
104,5,1520.59,118.36,95.05,70.73,1,car,1
104,6,183.95,122.06,90.14,67.03,1,car,1
104,7,1636.7,120.2,95.54,68.67,1,car,1
104,9,154.66,1032.12,157.03,47.88,1,car,1
105,1,1061.44,305.78,172.12,154.53,1,car,1
105,2,1780.26,421.79,139.25,178.53,1,car,1
105,4,310.54,117.22,87.03,78.03,1,car,1
105,5,1520.65,118.36,94.92,70.67,1,car,1
105,6,183.96,122.05,90.11,66.97,1,car,1
105,7,1636.2,120.12,96.08,68.97,1,car,1
105,9,155.05,1032.14,156.85,47.86,1,car,1
106,1,1061.52,304.62,174.14,154.55,1,car,1
106,2,1779.96,421.4,139.54,178.79,1,car,1
106,4,310.65,117.29,86.86,77.77,1,car,1
106,5,1520.72,118.36,94.8,70.61,1,car,1
106,6,183.97,122.04,90.07,66.91,1,car,1
106,7,1635.71,120.04,96.61,69.27,1,car,1
106,9,155.44,1032.16,156.68,47.84,1,car,1
107,1,1061.6,303.46,176.16,154.57,1,car,1
107,2,1779.67,421.0,139.83,179.06,1,car,1
107,4,310.77,117.36,86.69,77.52,1,car,1
107,5,1520.78,118.37,94.68,70.56,1,car,1
107,6,183.98,122.03,90.04,66.84,1,car,1
107,7,1635.21,119.95,97.15,69.57,1,car,1
107,9,155.83,1032.18,156.5,47.82,1,car,1
108,1,1061.68,302.3,178.19,154.6,1,car,1
108,2,1779.38,420.6,140.12,179.32,1,car,1
108,4,310.88,117.43,86.53,77.26,1,car,1
108,5,1520.85,118.37,94.56,70.5,1,car,1
108,6,183.99,122.03,90.0,66.78,1,car,1
108,7,1635.2,120.01,97.2,69.5,1,car,1
108,9,156.22,1032.2,156.33,47.8,1,car,1
109,1,1061.75,301.14,180.21,154.62,1,car,1
109,2,1779.08,420.2,140.41,179.59,1,car,1
109,4,311.0,117.5,86.36,77.01,1,car,1
109,5,1520.91,118.38,94.43,70.44,1,car,1
109,6,183.99,122.02,89.97,66.71,1,car,1
109,7,1635.19,120.07,97.25,69.43,1,car,1
109,9,156.61,1032.22,156.15,47.78,1,car,1
110,1,1061.83,299.98,182.23,154.65,1,car,1
110,2,1778.79,419.8,140.7,179.85,1,car,1
110,4,311.12,117.57,86.19,76.75,1,car,1
110,5,1520.98,118.38,94.31,70.38,1,car,1
110,6,184.0,122.01,89.93,66.65,1,car,1
110,7,1635.18,120.12,97.3,69.36,1,car,1
110,9,156.99,1032.24,155.97,47.76,1,car,1
111,1,1066.64,299.04,183.07,152.91,1,car,1
111,2,1778.5,419.4,140.99,180.11,1,car,1
111,4,311.23,117.64,86.02,76.5,1,car,1
111,5,1521.04,118.38,94.19,70.33,1,car,1
111,6,184.01,122.0,89.9,66.59,1,car,1
111,7,1635.17,120.18,97.34,69.3,1,car,1
111,9,156.53,1032.21,156.5,47.79,1,car,1
112,1,1071.44,298.1,183.9,151.18,1,car,1
112,2,1778.21,419.0,141.28,180.38,1,car,1
112,4,311.35,117.71,85.85,76.25,1,car,1
112,5,1521.11,118.39,94.07,70.27,1,car,1
112,6,184.02,122.0,89.86,66.52,1,car,1
112,7,1635.16,120.24,97.39,69.23,1,car,1
112,9,156.07,1032.19,157.03,47.81,1,car,1
113,1,1076.25,297.17,184.74,149.45,1,car,1
113,2,1777.91,418.61,141.57,180.64,1,car,1
113,4,311.46,117.78,85.68,75.99,1,car,1
113,5,1521.17,118.39,93.95,70.21,1,car,1
113,6,184.02,121.99,89.82,66.46,1,car,1
113,7,1635.22,120.23,97.33,69.17,1,car,1
113,9,155.61,1032.17,157.56,47.83,1,car,1
114,1,1081.05,296.23,185.58,147.71,1,car,1
114,2,1777.62,418.21,141.86,180.91,1,car,1
114,4,311.46,117.78,85.69,76.02,1,car,1
114,5,1521.24,118.4,93.82,70.16,1,car,1
114,6,184.03,121.98,89.79,66.4,1,car,1
114,7,1635.29,120.22,97.27,69.1,1,car,1
114,9,155.15,1032.14,158.09,47.86,1,car,1
115,1,1085.86,295.29,186.41,145.98,1,car,1
115,2,1777.33,417.81,142.15,181.17,1,car,1
115,4,311.47,117.78,85.71,76.04,1,car,1
115,5,1521.3,118.4,93.7,70.1,1,car,1
115,6,184.04,121.97,89.75,66.33,1,car,1
115,7,1635.36,120.22,97.21,69.04,1,car,1
115,9,154.68,1032.12,158.62,47.88,1,car,1
116,1,1091.39,294.55,183.02,145.14,1,car,1
116,2,1777.03,417.41,142.44,181.44,1,car,1
116,4,311.47,117.78,85.72,76.06,1,car,1
116,5,1521.37,118.4,93.58,70.04,1,car,1
116,6,184.05,121.97,89.72,66.27,1,car,1
116,7,1635.43,120.21,97.15,68.98,1,car,1
116,9,154.85,1032.21,158.34,47.79,1,car,1
117,1,1096.92,293.81,179.63,144.3,1,car,1
117,2,1776.74,417.01,142.73,181.7,1,car,1
117,4,311.47,117.79,85.73,76.08,1,car,1
117,5,1521.43,118.41,93.46,69.98,1,car,1
117,6,184.05,121.96,89.68,66.21,1,car,1
117,7,1635.49,120.2,97.08,68.92,1,car,1
117,9,155.01,1032.3,158.06,47.7,1,car,1
118,1,1102.45,293.07,176.23,143.46,1,car,1
118,2,1776.45,416.61,143.03,181.97,1,car,1
118,4,311.47,117.79,85.75,76.11,1,car,1
118,5,1521.5,118.41,93.33,69.93,1,car,1
118,6,184.06,121.95,89.65,66.14,1,car,1
118,7,1635.23,120.19,97.35,69.08,1,car,1
118,9,155.18,1032.39,157.78,47.61,1,car,1
119,1,1107.98,292.33,172.84,142.62,1,car,1
119,2,1776.16,416.21,143.32,182.23,1,car,1
119,4,311.47,117.79,85.76,76.13,1,car,1
119,5,1521.56,118.41,93.21,69.87,1,car,1
119,6,184.07,121.94,89.61,66.08,1,car,1
119,7,1634.96,120.17,97.62,69.24,1,car,1
119,9,155.34,1032.48,157.49,47.52,1,car,1
120,1,1113.51,291.59,169.45,141.78,1,car,1
120,2,1775.86,415.82,143.61,182.5,1,car,1
120,4,311.47,117.79,85.77,76.15,1,car,1
120,5,1521.63,118.42,93.09,69.81,1,car,1
120,6,184.08,121.94,89.58,66.02,1,car,1
120,7,1634.69,120.16,97.89,69.4,1,car,1
120,9,155.51,1032.57,157.21,47.43,1,car,1
121,1,1121.33,291.14,170.31,142.33,1,car,1
121,2,1775.57,415.42,143.9,182.76,1,car,1
121,4,311.47,117.79,85.79,76.18,1,car,1
121,5,1521.69,118.42,92.97,69.76,1,car,1
121,6,184.09,121.93,89.54,65.95,1,car,1
121,7,1634.42,120.14,98.16,69.57,1,car,1
121,9,153.39,1032.47,159.26,47.53,1,car,1
122,1,1129.15,290.7,171.17,142.88,1,car,1
122,2,1775.28,415.02,144.19,183.03,1,car,1
122,4,311.47,117.79,85.8,76.2,1,car,1
122,5,1521.76,118.43,92.85,69.7,1,car,1
122,6,184.09,121.92,89.51,65.89,1,car,1
122,7,1634.15,120.13,98.43,69.73,1,car,1
122,9,151.27,1032.37,161.31,47.63,1,car,1
123,1,1136.97,290.26,172.04,143.44,1,car,1
123,2,1774.98,414.62,144.48,183.29,1,car,1
123,4,311.47,117.79,85.81,76.22,1,car,1
123,5,1521.92,118.48,92.7,69.66,1,car,1
123,6,184.1,121.92,89.47,65.83,1,car,1
123,7,1633.88,120.11,98.7,69.89,1,car,1
123,9,149.15,1032.27,163.36,47.73,1,car,1
124,1,1144.79,289.81,172.9,143.99,1,car,1
124,2,1774.69,414.22,144.77,183.55,1,car,1
124,4,311.47,117.8,85.82,76.24,1,car,1
124,5,1522.07,118.54,92.56,69.62,1,car,1
124,6,184.11,121.91,89.44,65.76,1,car,1
124,7,1633.61,120.1,98.97,70.06,1,car,1
124,9,147.03,1032.17,165.41,47.83,1,car,1
125,1,1152.61,289.37,173.76,144.54,1,car,1
125,2,1774.4,413.82,145.06,183.82,1,car,1
125,4,311.41,117.79,85.86,76.19,1,car,1
125,5,1522.23,118.59,92.41,69.59,1,car,1
125,6,184.12,121.9,89.4,65.7,1,car,1
125,7,1633.75,120.1,98.8,70.08,1,car,1
125,9,144.91,1032.08,167.46,47.92,1,car,1
126,1,1160.12,289.2,172.81,144.4,1,car,1
126,2,1774.11,413.42,145.35,184.08,1,car,1
126,4,311.34,117.78,85.9,76.14,1,car,1
126,5,1522.39,118.65,92.27,69.55,1,car,1
126,6,184.12,121.89,89.36,65.64,1,car,1
126,7,1633.9,120.09,98.63,70.1,1,car,1
126,9,146.92,1032.16,165.43,47.84,1,car,1
127,1,1167.62,289.03,171.85,144.26,1,car,1
127,2,1773.81,413.03,145.64,184.35,1,car,1
127,4,311.27,117.78,85.94,76.09,1,car,1
127,5,1522.55,118.7,92.13,69.51,1,car,1
127,6,184.13,121.89,89.33,65.57,1,car,1
127,7,1634.04,120.09,98.46,70.12,1,car,1
127,9,148.93,1032.23,163.4,47.77,1,car,1
128,1,1175.13,288.87,170.89,144.12,1,car,1
128,2,1773.52,412.63,145.93,184.61,1,car,1
128,4,311.2,117.77,85.98,76.03,1,car,1
128,5,1522.7,118.76,91.98,69.48,1,car,1
128,6,184.14,121.88,89.29,65.51,1,car,1
128,7,1634.18,120.09,98.29,70.14,1,car,1
128,9,150.94,1032.31,161.37,47.69,1,car,1
129,1,1182.64,288.7,169.93,143.98,1,car,1
129,2,1773.23,412.23,146.22,184.88,1,car,1
129,4,311.14,117.77,86.01,75.98,1,car,1
129,5,1522.86,118.81,91.84,69.44,1,car,1
129,6,184.15,121.87,89.26,65.45,1,car,1
129,7,1634.33,120.09,98.12,70.16,1,car,1
129,9,152.95,1032.39,159.34,47.61,1,car,1
130,1,1190.15,288.53,168.98,143.84,1,car,1
130,2,1772.93,411.83,146.51,185.14,1,car,1
130,4,311.07,117.76,86.05,75.93,1,car,1
130,5,1523.02,118.87,91.69,69.4,1,car,1
130,6,184.15,121.86,89.22,65.38,1,car,1
130,7,1634.26,120.1,98.2,70.06,1,car,1
130,9,154.96,1032.47,157.32,47.53,1,car,1
131,1,1197.25,288.21,163.43,144.63,1,car,1
131,2,1772.64,411.43,146.81,185.41,1,car,1
131,4,311.0,117.75,86.09,75.87,1,car,1
131,5,1523.17,118.92,91.55,69.36,1,car,1
131,6,184.16,121.86,89.19,65.32,1,car,1
131,7,1634.19,120.11,98.28,69.97,1,car,1
131,9,154.81,1032.45,157.34,47.55,1,car,1
132,1,1204.34,287.88,157.88,145.42,1,car,1
132,2,1772.35,411.03,147.1,185.67,1,car,1
132,4,310.94,117.75,86.13,75.82,1,car,1
132,5,1523.33,118.98,91.41,69.33,1,car,1
132,6,184.17,121.85,89.15,65.26,1,car,1
132,7,1634.12,120.12,98.36,69.87,1,car,1
132,9,154.67,1032.42,157.37,47.58,1,car,1
133,1,1211.44,287.55,152.34,146.21,1,car,1
133,2,1772.06,410.63,147.39,185.94,1,car,1
133,4,310.87,117.74,86.17,75.77,1,car,1
133,5,1523.49,119.03,91.26,69.29,1,car,1
133,6,184.18,121.84,89.12,65.19,1,car,1
133,7,1634.05,120.14,98.44,69.77,1,car,1
133,9,154.52,1032.4,157.4,47.6,1,car,1
134,1,1218.54,287.23,146.79,147.0,1,car,1
134,2,1771.76,410.24,147.68,186.2,1,car,1
134,4,311.01,117.72,86.0,75.74,1,car,1
134,5,1523.65,119.09,91.12,69.25,1,car,1
134,6,184.18,121.83,89.08,65.13,1,car,1
134,7,1633.98,120.15,98.52,69.67,1,car,1
134,9,154.38,1032.37,157.43,47.63,1,car,1
135,1,1225.64,286.9,141.24,147.79,1,car,1
135,2,1771.47,409.84,147.97,186.47,1,car,1
135,4,311.16,117.71,85.83,75.71,1,car,1
135,5,1523.8,119.14,90.98,69.22,1,car,1
135,6,184.19,121.83,89.05,65.06,1,car,1
135,7,1633.13,119.22,99.8,70.79,1,car,1
135,9,154.24,1032.35,157.46,47.65,1,car,1
136,1,1236.56,286.91,132.52,146.57,1,car,1
136,2,1771.18,409.44,148.26,186.73,1,car,1
136,4,311.3,117.69,85.67,75.67,1,car,1
136,5,1523.96,119.2,90.83,69.18,1,car,1
136,6,184.2,121.82,89.01,65.0,1,car,1
136,7,1632.28,118.29,101.09,71.9,1,car,1
136,9,154.4,1032.35,157.28,47.65,1,car,1
137,1,1247.49,286.93,123.8,145.35,1,car,1
137,2,1770.88,409.04,148.55,186.99,1,car,1
137,4,311.45,117.67,85.5,75.64,1,car,1
137,5,1524.12,119.25,90.69,69.14,1,car,1
137,6,184.21,121.81,88.98,64.94,1,car,1
137,7,1631.42,117.37,102.37,73.01,1,car,1
137,9,154.57,1032.36,157.09,47.64,1,car,1
138,1,1258.41,286.94,115.08,144.13,1,car,1
138,2,1770.59,408.64,148.84,187.26,1,car,1
138,4,311.59,117.66,85.34,75.61,1,car,1
138,5,1524.28,119.31,90.54,69.1,1,car,1
138,6,184.22,121.8,88.94,64.87,1,car,1
138,7,1630.57,116.44,103.65,74.12,1,car,1
138,9,154.73,1032.37,156.91,47.63,1,car,1
139,1,1269.34,286.95,106.36,142.91,1,car,1
139,2,1770.3,408.24,149.13,187.52,1,car,1
139,4,311.74,117.64,85.17,75.58,1,car,1
139,5,1524.43,119.36,90.4,69.07,1,car,1
139,6,184.22,121.8,88.9,64.81,1,car,1
139,7,1629.72,115.52,104.94,75.23,1,car,1
139,9,154.9,1032.38,156.72,47.62,1,car,1
140,1,1280.26,286.96,97.64,141.69,1,car,1
140,2,1770.01,407.84,149.42,187.79,1,car,1
140,4,311.48,117.52,85.3,75.88,1,car,1
140,5,1524.59,119.42,90.26,69.03,1,car,1
140,6,184.23,121.79,88.87,64.75,1,car,1
140,7,1629.86,115.76,104.73,75.35,1,car,1
141,1,1291.19,286.97,88.92,140.47,1,car,1
141,2,1769.71,407.45,149.71,188.05,1,car,1
141,4,311.23,117.4,85.42,76.19,1,car,1
141,5,1524.75,119.47,90.11,68.99,1,car,1
141,6,184.24,121.78,88.83,64.68,1,car,1
141,7,1630.0,116.01,104.52,75.46,1,car,1
142,1,1302.11,286.98,80.2,139.25,1,car,1
142,2,1769.42,407.05,150.0,188.32,1,car,1
142,4,310.97,117.28,85.55,76.49,1,car,1
142,5,1524.9,119.53,89.97,68.96,1,car,1
142,6,184.19,121.75,88.88,64.69,1,car,1
142,7,1630.14,116.26,104.31,75.58,1,car,1
143,1,1312.05,280.31,83.08,138.08,1,car,1
143,2,1769.13,406.65,150.29,188.58,1,car,1
143,4,310.72,117.16,85.68,76.8,1,car,1
143,6,184.13,121.72,88.92,64.7,1,car,1
144,2,1768.83,406.25,150.58,188.85,1,car,1
144,4,310.46,117.04,85.8,77.1,1,car,1
144,6,184.08,121.69,88.97,64.71,1,car,1
145,2,1768.54,405.85,150.88,189.11,1,car,1
145,4,310.46,117.05,85.8,77.1,1,car,1
145,6,184.02,121.66,89.01,64.71,1,car,1
146,2,1768.25,405.45,151.17,189.38,1,car,1
146,4,310.45,117.06,85.79,77.09,1,car,1
146,6,183.97,121.62,89.05,64.72,1,car,1
147,2,1767.96,405.05,151.46,189.64,1,car,1
147,4,310.45,117.06,85.78,77.08,1,car,1
147,6,183.92,121.63,89.15,64.77,1,car,1
148,2,1767.66,404.66,151.75,189.91,1,car,1
148,4,310.44,117.07,85.78,77.07,1,car,1
148,6,183.88,121.64,89.24,64.82,1,car,1
149,2,1767.37,404.26,152.04,190.17,1,car,1
149,4,310.44,117.08,85.77,77.06,1,car,1
149,6,183.83,121.64,89.34,64.87,1,car,1
150,2,1767.08,403.86,152.33,190.44,1,car,1
150,4,310.04,117.23,86.83,76.7,1,car,1
150,6,183.78,121.65,89.43,64.91,1,car,1
151,2,1766.78,403.46,152.62,190.7,1,car,1
151,4,309.64,117.37,87.89,76.35,1,car,1
151,6,183.73,121.66,89.53,64.96,1,car,1
152,2,1754.41,413.6,165.02,181.05,1,car,1
152,4,309.24,117.52,88.95,75.99,1,car,1
152,6,183.49,121.68,89.77,64.48,1,car,1
153,2,1742.03,423.74,177.42,171.39,1,car,1
153,4,308.84,117.67,90.01,75.63,1,car,1
154,4,308.43,117.81,91.08,75.27,1,car,1
154,10,955.39,267.97,136.85,169.12,1,car,1
155,4,308.23,117.87,91.69,75.67,1,car,1
155,10,958.42,278.2,140.94,161.51,1,car,1
156,4,308.02,117.93,92.31,76.07,1,car,1
156,10,961.45,288.43,145.04,153.89,1,car,1
156,11,623.51,368.78,198.93,186.39,1,car,1
157,4,307.81,117.98,92.93,76.46,1,car,1
157,10,964.47,298.66,149.13,146.28,1,car,1
157,11,624.46,373.39,196.16,180.33,1,car,1
157,12,327.03,526.25,262.76,250.92,1,car,1
158,4,307.61,118.04,93.54,76.86,1,car,1
158,10,967.5,308.88,153.22,138.66,1,car,1
158,11,625.41,378.0,193.4,174.27,1,car,1
158,12,316.34,526.66,268.55,247.0,1,car,1
159,4,307.4,118.09,94.16,77.26,1,car,1
159,10,970.53,319.11,157.31,131.05,1,car,1
159,11,626.36,382.61,190.64,168.2,1,car,1
159,12,305.66,527.07,274.35,243.09,1,car,1
159,13,1285.28,611.21,111.77,110.41,1,car,1
160,4,308.03,118.1,93.45,77.08,1,car,1
160,10,976.23,320.43,158.89,132.7,1,car,1
160,11,627.31,387.22,187.88,162.14,1,car,1
160,12,294.97,527.48,280.14,239.18,1,car,1
160,13,1285.3,611.19,111.76,110.88,1,car,1
161,4,308.65,118.1,92.75,76.9,1,car,1
161,10,981.94,321.75,160.48,134.34,1,car,1
161,11,628.26,391.83,185.12,156.08,1,car,1
161,12,284.29,527.89,285.93,235.26,1,car,1
161,13,1285.32,611.17,111.75,111.34,1,car,1
162,4,309.28,118.1,92.04,76.72,1,car,1
162,10,987.65,323.07,162.06,135.99,1,car,1
162,11,627.23,390.39,184.66,156.14,1,car,1
162,12,273.6,528.3,291.73,231.35,1,car,1
162,13,1285.34,611.16,111.74,111.8,1,car,1
163,4,309.91,118.1,91.33,76.54,1,car,1
163,10,993.36,324.39,163.64,137.64,1,car,1
163,11,626.21,388.96,184.19,156.2,1,car,1
163,12,282.79,527.4,285.63,231.29,1,car,1
163,13,1285.36,611.14,111.73,112.26,1,car,1
164,4,310.53,118.1,90.63,76.36,1,car,1
164,10,999.07,325.71,165.23,139.29,1,car,1
164,11,625.18,387.52,183.73,156.26,1,car,1
164,12,291.97,526.51,279.53,231.22,1,car,1
164,13,1285.38,611.12,111.72,112.72,1,car,1
165,4,310.32,118.09,90.89,76.36,1,car,1
165,10,1005.84,327.25,164.31,138.4,1,car,1
165,11,624.16,386.08,183.27,156.32,1,car,1
165,12,301.15,525.61,273.43,231.16,1,car,1
165,13,1285.37,611.13,111.72,112.47,1,car,1
166,4,310.11,118.09,91.15,76.37,1,car,1
166,10,1012.62,328.79,163.4,137.52,1,car,1
166,11,623.13,384.64,182.8,156.39,1,car,1
166,12,310.34,524.71,267.33,231.1,1,car,1
166,13,1285.36,611.13,111.71,112.21,1,car,1
167,4,309.9,118.08,91.41,76.37,1,car,1
167,10,1019.39,330.34,162.49,136.63,1,car,1
167,11,622.91,384.34,181.24,155.76,1,car,1
167,12,319.52,523.81,261.23,231.03,1,car,1
167,13,1285.35,611.13,111.71,111.95,1,car,1
168,4,309.69,118.08,91.67,76.37,1,car,1
168,10,1026.17,331.88,161.58,135.75,1,car,1
168,11,622.69,384.03,179.69,155.13,1,car,1
168,12,331.87,522.34,259.88,229.15,1,car,1
168,13,1285.34,611.14,111.71,111.69,1,car,1
169,4,309.48,118.08,91.93,76.38,1,car,1
169,10,1032.94,333.43,160.66,134.86,1,car,1
169,11,622.47,383.72,178.13,154.5,1,car,1
169,12,344.22,520.86,258.54,227.27,1,car,1
169,13,1285.33,611.14,111.71,111.43,1,car,1
170,4,309.47,118.07,91.97,76.45,1,car,1
170,10,1040.45,334.82,162.74,135.48,1,car,1
170,11,622.25,383.42,176.57,153.87,1,car,1
170,12,356.57,519.38,257.19,225.38,1,car,1
170,13,1285.33,611.14,111.7,111.29,1,car,1
171,4,309.45,118.06,92.01,76.53,1,car,1
171,10,1047.96,336.21,164.81,136.11,1,car,1
171,11,622.03,383.11,175.01,153.25,1,car,1
171,12,368.92,517.9,255.85,223.5,1,car,1
171,13,1285.33,611.14,111.7,111.16,1,car,1
172,4,309.43,118.05,92.05,76.6,1,car,1
172,10,1055.47,337.61,166.88,136.73,1,car,1
172,11,621.13,382.91,177.79,152.89,1,car,1
172,12,381.27,516.42,254.5,221.61,1,car,1
172,13,1285.32,611.14,111.69,111.03,1,car,1
173,4,309.42,118.04,92.08,76.68,1,car,1
173,10,1062.97,339.0,168.95,137.36,1,car,1
173,11,620.24,382.71,180.57,152.53,1,car,1
173,12,390.16,515.45,251.96,218.91,1,car,1
173,13,1285.32,611.14,111.69,110.89,1,car,1
174,4,309.4,118.03,92.12,76.75,1,car,1
174,10,1070.48,340.39,171.02,137.98,1,car,1
174,11,619.35,382.51,183.35,152.18,1,car,1
174,12,399.04,514.48,249.42,216.21,1,car,1
174,13,1285.32,611.14,111.69,110.76,1,car,1
175,4,309.47,118.05,92.02,76.68,1,car,1
175,10,1078.07,330.29,172.36,150.08,1,car,1
175,11,618.45,382.32,186.13,151.82,1,car,1
175,12,407.93,513.51,246.88,213.51,1,car,1
175,13,1285.39,611.14,111.59,110.73,1,car,1
176,4,309.55,118.07,91.92,76.61,1,car,1
176,10,1085.66,320.19,173.7,162.17,1,car,1
176,11,617.56,382.12,188.91,151.46,1,car,1
176,12,416.82,512.54,244.34,210.8,1,car,1
176,13,1285.46,611.14,111.49,110.7,1,car,1
177,4,309.62,118.09,91.82,76.54,1,car,1
177,10,1093.25,310.08,175.03,174.26,1,car,1
177,11,617.33,381.5,186.44,151.76,1,car,1
177,12,425.7,511.57,241.8,208.1,1,car,1
177,13,1285.54,611.14,111.39,110.66,1,car,1
178,4,309.7,118.11,91.72,76.46,1,car,1
178,10,1100.84,299.98,176.37,186.36,1,car,1
178,11,617.09,380.89,183.97,152.06,1,car,1
178,12,434.59,510.6,239.26,205.4,1,car,1
178,13,1285.61,611.14,111.29,110.63,1,car,1
179,4,309.77,118.13,91.62,76.39,1,car,1
179,10,1108.43,289.87,177.7,198.45,1,car,1
179,11,616.86,380.28,181.5,152.35,1,car,1
179,12,443.48,509.63,236.72,202.7,1,car,1
179,13,1285.68,611.15,111.2,110.6,1,car,1
180,4,310.01,118.15,91.33,76.23,1,car,1
180,10,1118.43,301.75,176.49,186.93,1,car,1
180,11,616.62,379.66,179.03,152.65,1,car,1
180,12,452.78,509.14,245.27,200.85,1,car,1
180,13,1285.56,611.13,111.33,110.83,1,car,1
181,4,310.24,118.17,91.04,76.06,1,car,1
181,10,1128.42,313.62,175.28,175.41,1,car,1
181,11,616.39,379.05,176.56,152.94,1,car,1
181,12,462.08,508.65,253.82,199.01,1,car,1
181,13,1285.43,611.12,111.46,111.06,1,car,1
182,4,310.48,118.19,90.74,75.9,1,car,1
182,10,1138.42,325.5,174.06,163.88,1,car,1
182,11,616.6,378.93,176.19,152.45,1,car,1
182,12,471.38,508.16,262.37,197.16,1,car,1
182,13,1285.31,611.1,111.6,111.29,1,car,1
183,4,310.71,118.21,90.45,75.73,1,car,1
183,10,1148.41,337.37,172.85,152.36,1,car,1
183,11,616.81,378.8,175.82,151.96,1,car,1
183,12,480.67,507.67,270.92,195.32,1,car,1
183,13,1285.19,611.09,111.73,111.51,1,car,1
184,4,310.95,118.24,90.16,75.56,1,car,1
184,10,1158.41,349.25,171.63,140.84,1,car,1
184,11,617.01,378.68,175.45,151.47,1,car,1
184,12,489.97,507.18,279.47,193.48,1,car,1
184,13,1285.07,611.08,111.87,111.74,1,car,1
185,4,310.52,118.21,90.65,75.9,1,car,1
185,10,1165.02,348.78,170.24,140.99,1,car,1
185,11,617.22,378.56,175.08,150.98,1,car,1
185,12,501.5,503.08,273.75,195.83,1,car,1
185,13,1285.14,611.05,111.82,111.91,1,car,1
186,4,310.1,118.18,91.13,76.23,1,car,1
186,10,1171.64,348.31,168.85,141.14,1,car,1
186,11,617.43,378.43,174.72,150.49,1,car,1
186,12,513.03,498.99,268.03,198.19,1,car,1
186,13,1285.21,611.03,111.77,112.07,1,car,1
187,4,309.68,118.15,91.62,76.56,1,car,1
187,10,1178.25,347.83,167.46,141.29,1,car,1
187,11,616.23,378.0,175.06,149.14,1,car,1
187,12,524.56,494.89,262.3,200.55,1,car,1
187,13,1285.28,611.01,111.71,112.24,1,car,1
188,4,309.25,118.12,92.1,76.89,1,car,1
188,10,1184.87,347.36,166.07,141.44,1,car,1
188,11,615.03,377.57,175.41,147.78,1,car,1
188,12,536.09,490.79,256.58,202.91,1,car,1
188,13,1285.35,610.98,111.66,112.41,1,car,1
189,4,308.83,118.1,92.59,77.23,1,car,1
189,10,1191.48,346.89,164.68,141.58,1,car,1
189,11,613.84,377.13,175.75,146.43,1,car,1
189,12,547.62,486.7,250.86,205.26,1,car,1
189,13,1285.42,610.96,111.61,112.57,1,car,1
190,4,308.83,118.08,92.6,77.09,1,car,1
190,10,1196.74,348.52,166.68,141.24,1,car,1
190,11,612.64,376.7,176.1,145.07,1,car,1
190,12,555.53,486.41,245.99,204.09,1,car,1
190,13,1285.4,610.96,111.64,112.45,1,car,1
191,4,308.84,118.06,92.61,76.96,1,car,1
191,10,1201.99,350.14,168.69,140.89,1,car,1
191,11,611.44,376.26,176.44,143.72,1,car,1
191,12,563.44,486.12,241.13,202.91,1,car,1
191,13,1285.37,610.97,111.66,112.33,1,car,1
192,4,308.85,118.03,92.61,76.82,1,car,1
192,10,1207.25,351.77,170.69,140.55,1,car,1
192,11,611.61,376.17,175.94,144.09,1,car,1
192,12,571.34,485.83,236.26,201.74,1,car,1
192,13,1285.35,610.98,111.68,112.21,1,car,1
193,4,308.85,118.01,92.62,76.69,1,car,1
193,10,1212.5,353.39,172.7,140.2,1,car,1
193,11,611.77,376.07,175.44,144.45,1,car,1
193,12,579.25,485.54,231.39,200.56,1,car,1
193,13,1285.32,610.98,111.7,112.09,1,car,1
194,4,308.86,117.99,92.63,76.55,1,car,1
194,10,1217.76,355.02,174.7,139.86,1,car,1
194,11,611.93,375.98,174.94,144.82,1,car,1
194,12,587.16,485.26,226.53,199.39,1,car,1
194,13,1285.3,610.99,111.72,111.97,1,car,1
195,4,308.99,118.02,92.5,76.48,1,car,1
195,10,1222.09,352.21,176.71,144.42,1,car,1
195,11,612.1,375.88,174.44,145.19,1,car,1
195,12,586.09,483.99,232.74,201.28,1,car,1
195,13,1285.32,610.99,111.68,112.04,1,car,1
196,4,309.12,118.04,92.37,76.41,1,car,1
196,10,1226.41,349.39,178.72,148.98,1,car,1
196,11,612.26,375.79,173.94,145.55,1,car,1
196,12,585.01,482.73,238.96,203.18,1,car,1
196,13,1285.35,611.0,111.65,112.1,1,car,1
197,4,309.26,118.06,92.24,76.34,1,car,1
197,10,1230.74,346.58,180.73,153.54,1,car,1
197,11,612.36,375.86,174.14,145.2,1,car,1
197,12,583.94,481.47,245.17,205.08,1,car,1
197,13,1285.38,611.0,111.61,112.17,1,car,1
198,4,309.39,118.09,92.12,76.27,1,car,1
198,10,1235.07,343.77,182.74,158.1,1,car,1
198,11,612.46,375.93,174.35,144.85,1,car,1
198,12,582.87,480.21,251.38,206.97,1,car,1
198,13,1285.4,611.01,111.57,112.24,1,car,1
199,4,309.53,118.11,91.99,76.19,1,car,1
199,10,1239.4,340.96,184.75,162.66,1,car,1
199,11,612.56,376.0,174.55,144.5,1,car,1
199,12,581.8,478.94,257.6,208.87,1,car,1
199,13,1285.43,611.01,111.53,112.31,1,car,1
200,4,309.66,118.13,91.86,76.12,1,car,1
200,10,1246.08,337.8,183.03,165.51,1,car,1
200,11,612.67,376.07,174.76,144.15,1,car,1
200,12,581.71,479.29,258.53,208.58,1,car,1
200,13,1285.4,611.02,111.55,112.02,1,car,1
201,4,309.7,118.15,91.85,76.36,1,car,1
201,10,1252.76,334.64,181.3,168.36,1,car,1
201,11,612.77,376.15,174.96,143.8,1,car,1
201,12,581.63,479.64,259.47,208.3,1,car,1
201,13,1285.37,611.03,111.57,111.74,1,car,1
202,4,309.74,118.17,91.84,76.61,1,car,1
202,10,1259.44,331.48,179.58,171.21,1,car,1
202,11,612.73,376.17,175.13,144.31,1,car,1
202,12,581.55,479.99,260.41,208.01,1,car,1
202,13,1285.33,611.03,111.59,111.46,1,car,1
203,4,309.77,118.2,91.83,76.85,1,car,1
203,10,1266.12,328.32,177.85,174.06,1,car,1
203,11,612.69,376.2,175.3,144.82,1,car,1
203,12,581.46,480.33,261.35,207.72,1,car,1
203,13,1285.3,611.04,111.62,111.18,1,car,1
204,4,309.81,118.22,91.82,77.09,1,car,1
204,10,1272.8,325.16,176.13,176.91,1,car,1
204,11,612.65,376.22,175.47,145.33,1,car,1
204,12,581.38,480.68,262.29,207.44,1,car,1
204,13,1285.27,611.04,111.64,110.9,1,car,1
205,4,309.85,118.24,91.82,77.33,1,car,1
205,10,1278.56,325.61,174.88,176.78,1,car,1
205,11,612.62,376.25,175.64,145.84,1,car,1
205,12,581.81,481.76,261.97,206.33,1,car,1
205,13,1285.21,611.03,111.68,111.26,1,car,1
206,4,309.88,118.25,91.75,77.16,1,car,1
206,10,1284.33,326.05,173.64,176.64,1,car,1
206,11,612.58,376.27,175.81,146.35,1,car,1
206,12,582.24,482.84,261.65,205.23,1,car,1
206,13,1285.15,611.02,111.72,111.63,1,car,1
207,4,309.9,118.27,91.69,76.98,1,car,1
207,10,1290.09,326.5,172.4,176.51,1,car,1
207,11,612.67,376.33,175.96,145.95,1,car,1
207,12,582.66,483.91,261.33,204.12,1,car,1
207,13,1285.1,611.01,111.76,111.99,1,car,1
208,4,309.93,118.28,91.63,76.81,1,car,1
208,10,1295.85,326.95,171.16,176.37,1,car,1
208,11,612.77,376.39,176.12,145.55,1,car,1
208,12,583.09,484.99,261.01,203.02,1,car,1
208,13,1285.04,610.99,111.8,112.36,1,car,1
209,4,309.95,118.29,91.56,76.63,1,car,1
209,10,1301.62,327.39,169.92,176.23,1,car,1
209,11,612.87,376.45,176.27,145.15,1,car,1
209,12,583.52,486.07,260.69,201.91,1,car,1
209,13,1284.99,610.98,111.84,112.72,1,car,1
210,4,309.98,118.31,91.5,76.46,1,car,1
210,10,1307.38,327.84,168.68,176.1,1,car,1
210,11,612.97,376.51,176.43,144.75,1,car,1
210,12,588.7,486.82,255.39,200.93,1,car,1
210,13,1284.98,610.97,111.82,112.75,1,car,1
211,4,309.91,118.29,91.57,76.18,1,car,1
211,10,1307.7,327.93,167.5,176.45,1,car,1
211,11,613.06,376.56,176.58,144.35,1,car,1
211,12,593.88,487.57,250.08,199.95,1,car,1
211,13,1284.98,610.97,111.8,112.77,1,car,1
212,4,309.83,118.28,91.65,75.9,1,car,1
212,10,1308.02,328.02,166.31,176.81,1,car,1
212,11,613.09,376.59,177.8,144.12,1,car,1
212,12,599.06,488.32,244.78,198.96,1,car,1
212,13,1284.98,610.96,111.78,112.8,1,car,1
213,4,309.76,118.27,91.72,75.61,1,car,1
213,10,1308.35,328.11,165.13,177.16,1,car,1
213,11,613.11,376.61,179.02,143.89,1,car,1
213,12,604.24,489.08,239.48,197.98,1,car,1
213,13,1284.98,610.95,111.75,112.82,1,car,1
214,4,309.69,118.25,91.8,75.33,1,car,1
214,10,1308.67,328.2,163.95,177.51,1,car,1
214,11,613.14,376.63,180.23,143.66,1,car,1
214,12,609.42,489.83,234.18,196.99,1,car,1
214,13,1284.98,610.95,111.73,112.85,1,car,1
215,4,309.61,118.24,91.87,75.05,1,car,1
215,10,1308.99,328.29,162.76,177.87,1,car,1
215,11,613.16,376.65,181.45,143.42,1,car,1
215,12,613.56,488.5,230.2,198.05,1,car,1
215,13,1285.04,610.96,111.71,112.9,1,car,1
216,4,309.6,118.27,91.94,75.34,1,car,1
216,10,1310.7,328.56,164.76,177.28,1,car,1
216,11,613.19,376.68,182.67,143.19,1,car,1
216,12,617.7,487.18,226.23,199.12,1,car,1
216,13,1285.09,610.98,111.68,112.96,1,car,1
217,4,309.59,118.31,92.02,75.63,1,car,1
217,10,1312.41,328.84,166.76,176.69,1,car,1
217,11,613.09,376.63,181.52,142.91,1,car,1
217,12,621.85,485.85,222.25,200.18,1,car,1
217,13,1285.15,611.0,111.66,113.01,1,car,1
218,4,309.57,118.34,92.09,75.92,1,car,1
218,10,1314.12,329.11,168.75,176.1,1,car,1
218,11,613.0,376.58,180.38,142.64,1,car,1
218,12,625.99,484.52,218.28,201.24,1,car,1
218,13,1285.21,611.01,111.63,113.07,1,car,1
219,4,309.56,118.37,92.16,76.21,1,car,1
219,10,1315.83,329.38,170.75,175.51,1,car,1
219,11,612.91,376.54,179.23,142.36,1,car,1
219,12,630.13,483.2,214.31,202.3,1,car,1
219,13,1285.27,611.03,111.61,113.12,1,car,1
220,4,309.55,118.4,92.23,76.49,1,car,1
220,10,1317.54,329.66,172.74,174.92,1,car,1
220,11,612.81,376.49,178.09,142.08,1,car,1
220,12,630.29,482.73,214.21,202.87,1,car,1
220,13,1285.23,611.04,111.66,113.17,1,car,1
221,4,309.93,118.39,91.76,76.37,1,car,1
221,10,1318.04,329.84,169.53,173.51,1,car,1
221,11,612.72,376.44,176.94,141.81,1,car,1
221,12,630.44,482.27,214.11,203.45,1,car,1
221,13,1285.19,611.05,111.72,113.22,1,car,1
222,4,310.32,118.38,91.28,76.24,1,car,1
222,10,1318.54,330.02,166.32,172.1,1,car,1
222,11,612.82,376.49,177.26,141.78,1,car,1
222,12,630.6,481.8,214.02,204.02,1,car,1
222,13,1285.16,611.06,111.77,113.26,1,car,1
223,4,310.71,118.36,90.81,76.11,1,car,1
223,10,1319.04,330.2,163.11,170.69,1,car,1
223,11,612.92,376.54,177.58,141.76,1,car,1
223,12,630.75,481.34,213.92,204.59,1,car,1
223,13,1285.12,611.07,111.83,113.31,1,car,1
224,4,311.1,118.35,90.34,75.98,1,car,1
224,10,1319.54,330.38,159.9,169.28,1,car,1
224,11,613.02,376.6,177.89,141.73,1,car,1
224,12,630.91,480.87,213.82,205.17,1,car,1
224,13,1285.08,611.08,111.88,113.36,1,car,1
225,4,311.48,118.34,89.86,75.86,1,car,1
225,10,1320.04,330.56,156.69,167.87,1,car,1
225,11,613.12,376.65,178.21,141.71,1,car,1
225,12,630.4,481.69,214.29,204.36,1,car,1
225,13,1285.19,611.04,111.8,113.4,1,car,1
226,4,311.49,118.35,89.82,75.81,1,car,1
226,10,1319.12,330.91,156.2,165.15,1,car,1
226,11,613.22,376.7,178.52,141.68,1,car,1
226,12,629.89,482.51,214.77,203.55,1,car,1
226,13,1285.31,610.99,111.73,113.43,1,car,1
227,4,311.5,118.37,89.78,75.76,1,car,1
227,10,1318.2,331.26,155.7,162.43,1,car,1
227,11,613.18,376.76,177.82,141.68,1,car,1
227,12,629.38,483.32,215.24,202.74,1,car,1
227,13,1285.42,610.95,111.65,113.47,1,car,1
228,4,311.51,118.38,89.73,75.71,1,car,1
228,10,1317.29,331.61,155.21,159.72,1,car,1
228,11,613.15,376.82,177.11,141.68,1,car,1
228,12,628.87,484.14,215.71,201.93,1,car,1
228,13,1285.53,610.9,111.57,113.51,1,car,1
229,4,311.52,118.39,89.69,75.66,1,car,1
229,10,1316.37,331.96,154.71,157.0,1,car,1
229,11,613.11,376.88,176.41,141.68,1,car,1
229,12,628.35,484.96,216.19,201.12,1,car,1
229,13,1285.64,610.86,111.49,113.55,1,car,1
230,4,311.53,118.41,89.65,75.62,1,car,1
230,10,1315.45,332.31,154.21,154.28,1,car,1
230,11,613.08,376.94,175.7,141.68,1,car,1
230,12,627.96,484.65,216.54,201.36,1,car,1
230,13,1285.57,610.87,111.44,113.04,1,car,1
231,4,311.5,118.39,89.74,75.78,1,car,1
231,10,1314.54,332.66,153.72,151.56,1,car,1
231,11,613.04,377.0,175.0,141.68,1,car,1
231,12,627.56,484.34,216.9,201.6,1,car,1
231,13,1285.49,610.89,111.39,112.53,1,car,1
232,4,311.47,118.38,89.83,75.95,1,car,1
232,10,1316.84,332.34,155.66,151.86,1,car,1
232,11,613.01,376.97,176.07,141.5,1,car,1
232,12,627.17,484.03,217.26,201.84,1,car,1
232,13,1285.42,610.9,111.34,112.03,1,car,1
233,4,311.45,118.36,89.92,76.11,1,car,1
233,10,1319.13,332.03,157.6,152.16,1,car,1
233,11,612.99,376.94,177.14,141.31,1,car,1
233,12,626.77,483.73,217.62,202.08,1,car,1
233,13,1285.35,610.92,111.29,111.52,1,car,1
234,4,311.42,118.35,90.01,76.28,1,car,1
234,10,1321.43,331.72,159.54,152.46,1,car,1
234,11,612.96,376.9,178.2,141.13,1,car,1
234,12,626.38,483.42,217.98,202.32,1,car,1
234,13,1285.28,610.93,111.24,111.01,1,car,1
235,4,311.39,118.33,90.1,76.44,1,car,1
235,10,1323.73,331.41,161.48,152.75,1,car,1
235,11,612.93,376.87,179.27,140.95,1,car,1
235,12,624.78,481.26,218.89,202.5,1,car,1
235,13,1285.28,610.97,111.33,111.28,1,car,1
236,4,311.4,118.34,90.1,76.28,1,car,1
236,10,1326.03,331.09,163.42,153.05,1,car,1
236,11,612.91,376.84,180.34,140.76,1,car,1
236,12,623.18,479.09,219.79,202.67,1,car,1
236,13,1285.29,611.01,111.42,111.56,1,car,1
237,4,311.41,118.35,90.09,76.12,1,car,1
237,10,1330.6,330.91,164.17,152.96,1,car,1
237,11,612.91,376.9,180.41,140.6,1,car,1
237,12,621.59,476.93,220.7,202.85,1,car,1
237,13,1285.3,611.05,111.51,111.84,1,car,1
238,4,311.42,118.35,90.09,75.96,1,car,1
238,10,1335.18,330.72,164.93,152.87,1,car,1
238,11,612.91,376.96,180.47,140.44,1,car,1
238,12,619.99,474.76,221.61,203.02,1,car,1
238,13,1285.3,611.08,111.59,112.11,1,car,1
239,4,311.43,118.36,90.08,75.8,1,car,1
239,10,1339.75,330.53,165.68,152.78,1,car,1
239,11,612.91,377.01,180.54,140.27,1,car,1
239,12,618.39,472.6,222.52,203.2,1,car,1
239,13,1285.31,611.12,111.68,112.39,1,car,1
240,4,311.44,118.37,90.08,75.64,1,car,1
240,10,1344.32,330.34,166.44,152.69,1,car,1
240,11,612.91,377.07,180.61,140.11,1,car,1
240,12,612.53,472.13,227.77,204.19,1,car,1
240,13,1285.22,611.14,111.72,112.67,1,car,1
241,4,311.26,118.34,90.25,75.8,1,car,1
241,10,1348.9,330.15,167.19,152.6,1,car,1
241,11,612.9,377.13,180.67,139.95,1,car,1
241,12,606.66,471.67,233.02,205.19,1,car,1
241,13,1285.13,611.15,111.77,112.94,1,car,1
242,4,311.08,118.31,90.41,75.97,1,car,1
242,10,1351.68,331.61,164.64,148.97,1,car,1
242,11,612.76,377.02,180.38,141.1,1,car,1
242,12,600.8,471.2,238.27,206.19,1,car,1
242,13,1285.04,611.17,111.81,113.22,1,car,1
243,4,310.89,118.28,90.58,76.13,1,car,1
243,10,1354.47,333.07,162.08,145.33,1,car,1
243,11,612.61,376.91,180.09,142.26,1,car,1
243,12,594.94,470.74,243.52,207.19,1,car,1
243,13,1284.95,611.18,111.85,113.5,1,car,1
244,4,310.71,118.26,90.74,76.29,1,car,1
244,10,1357.26,334.52,159.53,141.69,1,car,1
244,11,612.46,376.79,179.8,143.41,1,car,1
244,12,589.07,470.27,248.77,208.18,1,car,1
244,13,1284.87,611.19,111.89,113.78,1,car,1
245,4,310.53,118.23,90.91,76.45,1,car,1
245,10,1360.04,335.98,156.98,138.05,1,car,1
245,11,612.31,376.68,179.51,144.57,1,car,1
245,12,589.84,472.71,245.42,203.26,1,car,1
245,13,1284.86,611.2,111.87,113.55,1,car,1
246,4,310.77,118.23,90.68,76.5,1,car,1
246,10,1362.83,337.44,154.42,134.42,1,car,1
246,11,612.16,376.57,179.22,145.73,1,car,1
246,12,590.6,475.15,242.06,198.34,1,car,1
246,13,1284.85,611.21,111.85,113.32,1,car,1
247,4,311.0,118.23,90.45,76.56,1,car,1
247,10,1367.58,340.72,154.93,131.35,1,car,1
247,11,612.01,376.46,178.93,146.88,1,car,1
247,12,591.36,477.59,238.71,193.42,1,car,1
247,13,1284.85,611.21,111.83,113.09,1,car,1
248,4,311.23,118.23,90.23,76.62,1,car,1
248,10,1372.33,344.01,155.44,128.28,1,car,1
248,11,612.07,376.47,178.77,146.67,1,car,1
248,12,592.12,480.03,235.36,188.5,1,car,1
248,13,1284.84,611.22,111.81,112.86,1,car,1
249,4,311.46,118.23,90.0,76.67,1,car,1
249,10,1377.08,347.3,155.95,125.21,1,car,1
249,11,612.13,376.47,178.62,146.46,1,car,1
249,12,592.88,482.46,232.01,183.57,1,car,1
249,13,1284.84,611.22,111.78,112.63,1,car,1
250,4,311.7,118.23,89.77,76.73,1,car,1
250,10,1381.84,350.59,156.46,122.14,1,car,1
250,11,612.2,376.48,178.46,146.24,1,car,1
250,12,593.39,476.66,229.74,186.77,1,car,1
250,13,1284.96,611.16,111.64,112.68,1,car,1
251,4,311.63,118.23,89.85,76.72,1,car,1
251,10,1386.59,353.88,156.97,119.07,1,car,1
251,11,612.26,376.49,178.31,146.03,1,car,1
251,12,593.9,470.86,227.47,189.97,1,car,1
251,13,1285.09,611.09,111.5,112.73,1,car,1
252,4,311.56,118.24,89.93,76.72,1,car,1
252,10,1392.69,353.85,156.14,118.84,1,car,1
252,11,612.32,376.49,178.15,145.82,1,car,1
252,12,594.41,465.06,225.2,193.17,1,car,1
252,13,1285.21,611.03,111.36,112.78,1,car,1
253,4,311.49,118.24,90.01,76.72,1,car,1
253,10,1398.79,353.81,155.3,118.61,1,car,1
253,11,612.38,376.5,178.0,145.61,1,car,1
253,12,594.92,459.26,222.94,196.37,1,car,1
253,13,1285.34,610.97,111.22,112.84,1,car,1
254,4,311.43,118.25,90.09,76.72,1,car,1
254,10,1404.89,353.78,154.47,118.39,1,car,1
254,11,612.44,376.51,177.84,145.39,1,car,1
254,12,595.43,453.46,220.67,199.57,1,car,1
254,13,1285.46,610.9,111.08,112.89,1,car,1
255,4,311.36,118.26,90.17,76.72,1,car,1
255,10,1410.99,353.75,153.63,118.16,1,car,1
255,11,612.5,376.51,177.69,145.18,1,car,1
255,12,594.94,454.8,220.07,196.4,1,car,1
255,13,1285.42,610.91,111.14,113.13,1,car,1
256,4,311.39,118.25,90.12,76.65,1,car,1
256,10,1417.09,353.72,152.8,117.93,1,car,1
256,11,612.57,376.52,177.53,144.97,1,car,1
256,12,594.45,456.13,219.48,193.23,1,car,1
256,13,1285.37,610.92,111.19,113.36,1,car,1
257,4,311.42,118.25,90.07,76.58,1,car,1
257,10,1423.19,353.69,151.97,117.71,1,car,1
257,11,612.63,376.53,177.38,144.76,1,car,1
257,12,593.97,457.47,218.88,190.06,1,car,1
257,13,1285.33,610.93,111.25,113.6,1,car,1
258,4,311.45,118.25,90.02,76.52,1,car,1
258,10,1429.29,353.66,151.13,117.48,1,car,1
258,11,612.69,376.54,177.22,144.54,1,car,1
258,12,593.48,458.8,218.28,186.88,1,car,1
258,13,1285.29,610.94,111.3,113.83,1,car,1
259,4,311.48,118.25,89.96,76.45,1,car,1
259,10,1435.39,353.62,150.3,117.25,1,car,1
259,11,612.75,376.54,177.07,144.33,1,car,1
259,12,592.99,460.14,217.69,183.71,1,car,1
259,13,1285.24,610.95,111.36,114.07,1,car,1
260,4,311.51,118.24,89.91,76.38,1,car,1
260,10,1441.49,353.59,149.47,117.03,1,car,1
260,11,612.81,376.55,176.91,144.12,1,car,1
260,12,593.02,457.83,218.16,185.79,1,car,1
260,13,1285.33,610.88,111.25,113.53,1,car,1
261,4,311.11,118.23,90.28,76.49,1,car,1
261,10,1447.59,353.56,148.63,116.8,1,car,1
261,11,612.87,376.56,176.75,143.91,1,car,1
261,12,593.06,455.51,218.62,187.87,1,car,1
261,13,1285.42,610.81,111.15,112.99,1,car,1
262,4,310.72,118.22,90.66,76.6,1,car,1
262,10,1453.69,353.53,147.8,116.57,1,car,1
262,11,612.94,376.56,176.6,143.69,1,car,1
262,12,593.09,453.2,219.09,189.95,1,car,1
262,13,1285.5,610.74,111.04,112.45,1,car,1
263,4,310.32,118.21,91.03,76.71,1,car,1
263,10,1459.79,353.5,146.96,116.35,1,car,1
263,11,613.0,376.57,176.44,143.48,1,car,1
263,12,593.13,450.89,219.56,192.03,1,car,1
263,13,1285.59,610.67,110.93,111.91,1,car,1
264,4,309.92,118.2,91.4,76.82,1,car,1
264,10,1465.89,353.47,146.13,116.12,1,car,1
264,11,613.06,376.58,176.29,143.27,1,car,1
264,12,593.16,448.57,220.03,194.11,1,car,1
264,13,1285.68,610.6,110.83,111.37,1,car,1
265,4,309.52,118.19,91.77,76.93,1,car,1
265,10,1472.0,353.44,145.3,115.89,1,car,1
265,11,613.12,376.58,176.13,143.06,1,car,1
265,12,592.74,448.03,220.8,194.59,1,car,1
265,13,1285.54,610.6,110.94,111.6,1,car,1
266,4,309.91,118.17,91.37,76.81,1,car,1
266,10,1478.1,353.4,144.46,115.67,1,car,1
266,11,613.18,376.59,175.98,142.84,1,car,1
266,12,592.32,447.49,221.57,195.06,1,car,1
266,13,1285.41,610.59,111.06,111.83,1,car,1
267,4,310.3,118.15,90.98,76.69,1,car,1
267,10,1484.2,353.37,143.63,115.44,1,car,1
267,11,613.24,376.6,175.82,142.63,1,car,1
267,12,591.9,446.95,222.34,195.54,1,car,1
267,13,1285.27,610.58,111.17,112.06,1,car,1
268,4,310.69,118.12,90.58,76.57,1,car,1
268,10,1490.3,353.34,142.8,115.21,1,car,1
268,11,613.31,376.6,175.67,142.42,1,car,1
268,12,591.48,446.4,223.12,196.02,1,car,1
268,13,1285.14,610.58,111.29,112.29,1,car,1
269,4,311.08,118.1,90.18,76.46,1,car,1
269,10,1496.4,353.31,141.96,114.99,1,car,1
269,11,613.37,376.61,175.51,142.21,1,car,1
269,12,591.06,445.86,223.89,196.5,1,car,1
269,13,1285.01,610.57,111.4,112.53,1,car,1
270,4,311.48,118.08,89.78,76.34,1,car,1
270,10,1502.5,353.28,141.13,114.76,1,car,1
270,11,613.43,376.62,175.36,141.99,1,car,1
270,12,590.69,447.36,224.59,195.3,1,car,1
270,13,1285.05,610.6,111.35,112.56,1,car,1
271,4,311.47,118.09,89.79,76.35,1,car,1
271,10,1508.6,353.25,140.29,114.53,1,car,1
271,11,613.49,376.62,175.2,141.78,1,car,1
271,12,590.33,448.85,225.29,194.1,1,car,1
271,13,1285.1,610.64,111.3,112.59,1,car,1
272,4,311.47,118.09,89.81,76.35,1,car,1
272,10,1514.7,353.21,139.46,114.31,1,car,1
272,11,613.55,376.63,175.05,141.57,1,car,1
272,12,589.97,450.35,225.99,192.91,1,car,1
272,13,1285.15,610.67,111.25,112.62,1,car,1
273,4,311.47,118.1,89.83,76.36,1,car,1
273,10,1520.8,353.18,138.63,114.08,1,car,1
273,11,613.61,376.64,174.89,141.36,1,car,1
273,12,589.61,451.84,226.69,191.71,1,car,1
273,13,1285.19,610.7,111.2,112.66,1,car,1
274,4,311.46,118.1,89.84,76.37,1,car,1
274,10,1526.9,353.15,137.79,113.85,1,car,1
274,11,613.68,376.64,174.73,141.14,1,car,1
274,12,589.25,453.34,227.39,190.52,1,car,1
274,13,1285.24,610.73,111.16,112.69,1,car,1
275,4,311.46,118.11,89.86,76.38,1,car,1
275,10,1530.09,354.86,143.5,116.69,1,car,1
275,11,613.74,376.65,174.58,140.93,1,car,1
275,12,589.4,458.48,227.28,185.46,1,car,1
275,13,1285.22,610.73,111.15,112.65,1,car,1
276,4,311.3,118.11,90.04,76.53,1,car,1
276,10,1533.28,356.57,149.2,119.53,1,car,1
276,11,613.8,376.66,174.42,140.72,1,car,1
276,12,589.55,463.62,227.16,180.41,1,car,1
276,13,1285.2,610.74,111.15,112.61,1,car,1
277,4,311.13,118.12,90.22,76.69,1,car,1
277,10,1536.46,358.28,154.9,122.37,1,car,1
277,11,613.86,376.66,174.27,140.51,1,car,1
277,12,589.7,468.76,227.05,175.36,1,car,1
277,13,1285.19,610.74,111.15,112.57,1,car,1
278,4,310.97,118.12,90.41,76.84,1,car,1
278,10,1539.65,359.99,160.6,125.21,1,car,1
278,11,616.7,376.53,172.21,140.17,1,car,1
278,12,589.86,473.9,226.94,170.31,1,car,1
278,13,1285.17,610.74,111.15,112.53,1,car,1
279,4,310.81,118.13,90.59,77.0,1,car,1
279,10,1542.84,361.7,166.3,128.04,1,car,1
279,11,619.54,376.4,170.15,139.83,1,car,1
279,12,590.01,479.05,226.83,165.26,1,car,1
279,13,1285.16,610.74,111.15,112.49,1,car,1
280,4,310.65,118.13,90.77,77.15,1,car,1
280,10,1546.03,363.41,172.0,130.88,1,car,1
280,11,622.38,376.27,168.1,139.49,1,car,1
280,12,589.46,472.2,227.36,172.0,1,car,1
280,13,1285.19,610.75,111.22,109.61,1,car,1
281,4,310.65,118.16,90.35,76.24,1,car,1
281,10,1549.21,365.12,177.71,133.72,1,car,1
281,11,625.22,376.14,166.04,139.16,1,car,1
281,12,588.91,465.36,227.9,178.73,1,car,1
281,13,1285.23,610.77,111.29,106.73,1,car,1
282,4,310.66,118.19,89.92,75.32,1,car,1
282,11,628.06,376.01,163.98,138.82,1,car,1
282,12,588.36,458.51,228.44,185.47,1,car,1
282,13,1285.27,610.78,111.36,103.84,1,car,1
283,4,310.67,118.21,89.49,74.4,1,car,1
283,12,587.81,451.67,228.97,192.21,1,car,1
283,13,1285.31,610.8,111.43,100.96,1,car,1
284,4,310.68,118.24,89.07,73.48,1,car,1
284,12,587.26,444.82,229.51,198.94,1,car,1
284,14,405.55,466.88,149.63,143.26,1,car,1
285,4,310.69,118.27,88.64,72.56,1,car,1
285,12,590.08,453.61,224.94,190.1,1,car,1
285,14,404.92,460.31,150.71,149.89,1,car,1
286,4,310.86,118.34,88.0,71.88,1,car,1
286,12,592.91,462.41,220.38,181.26,1,car,1
286,14,404.28,453.75,151.8,156.52,1,car,1
287,4,311.02,118.41,87.36,71.21,1,car,1
287,12,595.73,471.2,215.81,172.41,1,car,1
287,14,403.65,447.19,152.88,163.16,1,car,1
288,4,311.19,118.48,86.72,70.54,1,car,1
288,14,403.02,440.62,153.97,169.79,1,car,1
289,14,402.39,434.06,155.05,176.42,1,car,1
290,14,402.34,446.56,155.15,163.83,1,car,1
291,14,402.3,459.06,155.24,151.25,1,car,1
292,14,402.26,471.56,155.34,138.67,1,car,1
293,14,402.22,484.06,155.44,126.08,1,car,1
294,14,402.18,496.56,155.53,113.5,1,car,1
295,14,401.72,496.6,156.32,113.57,1,car,1
296,14,401.26,496.64,157.11,113.65,1,car,1
297,14,400.81,496.68,157.9,113.72,1,car,1
298,14,400.35,496.72,158.69,113.79,1,car,1
299,14,399.9,496.75,159.48,113.86,1,car,1
300,14,399.6,495.45,159.76,115.22,1,car,1
