2,1,849.06,485.48,187.09,185.17,1,-1,-1,-1
2,2,1173.90,538.87,173.22,173.60,1,-1,-1,-1
2,4,1313.59,454.68,154.73,129.36,1,-1,-1,-1
2,5,1701.49,115.91,109.35,83.65,1,-1,-1,-1
2,6,1572.07,109.29,110.95,86.20,1,-1,-1,-1
2,7,106.58,121.30,115.27,70.72,1,-1,-1,-1
2,8,356.80,111.24,100.31,78.64,1,-1,-1,-1
2,9,236.12,109.92,100.89,69.42,1,-1,-1,-1
3,5,1699.56,115.33,112.23,84.60,1,-1,-1,-1
3,6,1573.04,108.28,109.00,88.46,1,-1,-1,-1
3,8,357.06,111.34,99.81,77.77,1,-1,-1,-1
3,9,236.20,104.98,100.91,77.69,1,-1,-1,-1
4,3,1072.49,533.90,168.69,154.24,1,-1,-1,-1
4,4,1285.99,439.55,186.25,142.88,1,-1,-1,-1
4,5,1698.94,115.47,111.96,83.38,1,-1,-1,-1
4,6,1572.18,109.50,110.92,84.35,1,-1,-1,-1
4,8,356.42,109.12,100.85,83.21,1,-1,-1,-1
4,9,234.96,108.64,102.55,73.91,1,-1,-1,-1
4,10,1778.24,907.99,140.19,166.03,1,-1,-1,-1
4,11,26.82,850.14,139.54,132.13,1,-1,-1,-1
5,5,1698.65,115.13,111.24,83.40,1,-1,-1,-1
5,6,1572.14,108.34,111.10,86.90,1,-1,-1,-1
5,7,103.05,118.32,116.37,69.89,1,-1,-1,-1
5,8,356.35,112.09,98.13,72.70,1,-1,-1,-1
5,9,226.41,110.04,113.22,80.70,1,-1,-1,-1
5,11,27.10,849.98,139.48,132.12,1,-1,-1,-1
6,1,926.65,555.27,165.39,122.84,1,-1,-1,-1
6,5,1695.20,114.21,116.29,87.14,1,-1,-1,-1
6,6,1570.55,108.41,113.34,87.58,1,-1,-1,-1
6,7,105.88,117.46,110.16,69.70,1,-1,-1,-1
6,8,355.35,111.46,98.51,69.58,1,-1,-1,-1
6,9,232.22,111.75,103.34,74.68,1,-1,-1,-1
6,11,27.81,849.34,138.01,132.91,1,-1,-1,-1
7,1,897.11,481.73,174.95,232.02,1,-1,-1,-1
7,5,1692.81,113.17,118.62,93.25,1,-1,-1,-1
7,6,1572.14,108.44,110.63,88.53,1,-1,-1,-1
7,7,104.10,114.94,113.81,80.31,1,-1,-1,-1
7,8,353.66,107.97,103.35,80.40,1,-1,-1,-1
7,9,233.45,112.43,102.73,69.31,1,-1,-1,-1
7,11,28.27,849.29,137.19,132.82,1,-1,-1,-1
8,1,880.38,488.80,169.93,219.20,1,-1,-1,-1
8,5,1693.76,115.43,116.68,89.90,1,-1,-1,-1
8,6,1573.36,109.03,108.38,87.68,1,-1,-1,-1
8,8,357.08,109.85,95.56,78.15,1,-1,-1,-1
8,9,233.25,113.23,103.38,68.79,1,-1,-1,-1
8,11,28.28,849.51,137.19,132.50,1,-1,-1,-1
8,12,679.84,452.48,179.58,214.62,1,-1,-1,-1
9,1,874.82,471.40,167.58,238.69,1,-1,-1,-1
9,5,1693.53,115.52,117.10,87.88,1,-1,-1,-1
9,6,1573.43,108.99,108.86,87.69,1,-1,-1,-1
9,8,356.09,110.26,97.35,78.74,1,-1,-1,-1
9,9,232.35,112.15,104.24,71.15,1,-1,-1,-1
9,11,28.50,849.58,137.63,131.92,1,-1,-1,-1
9,12,683.24,458.01,172.44,209.43,1,-1,-1,-1
10,1,883.48,483.51,165.98,218.91,1,-1,-1,-1
10,5,1696.05,112.36,113.13,90.77,1,-1,-1,-1
10,6,1569.91,108.73,113.95,88.50,1,-1,-1,-1
10,7,116.70,114.73,95.93,88.80,1,-1,-1,-1
10,8,353.85,110.37,103.59,79.99,1,-1,-1,-1
10,9,232.33,110.31,104.83,70.83,1,-1,-1,-1
10,11,28.86,849.63,137.38,132.36,1,-1,-1,-1
10,12,697.01,467.34,161.41,201.86,1,-1,-1,-1
11,1,899.69,477.98,161.73,228.46,1,-1,-1,-1
11,5,1695.86,111.97,114.56,90.98,1,-1,-1,-1
11,6,1572.26,108.40,110.35,89.15,1,-1,-1,-1
11,7,117.80,115.54,95.92,87.92,1,-1,-1,-1
11,8,354.50,110.95,102.36,78.91,1,-1,-1,-1
11,9,233.63,107.03,103.19,72.95,1,-1,-1,-1
11,11,29.30,849.43,136.79,132.81,1,-1,-1,-1
11,12,718.13,470.19,153.84,204.35,1,-1,-1,-1
12,1,916.51,479.93,161.35,224.28,1,-1,-1,-1
12,5,1696.46,114.01,114.25,89.47,1,-1,-1,-1
12,6,1572.73,107.97,110.34,90.41,1,-1,-1,-1
12,7,118.81,116.14,95.24,86.05,1,-1,-1,-1
12,8,354.63,111.05,101.60,78.32,1,-1,-1,-1
12,9,234.16,106.40,102.94,72.00,1,-1,-1,-1
12,11,29.08,849.65,137.32,132.64,1,-1,-1,-1
12,12,734.80,529.60,155.21,130.83,1,-1,-1,-1
13,1,939.34,491.64,169.13,203.05,1,-1,-1,-1
13,5,1696.64,113.66,115.54,89.33,1,-1,-1,-1
13,6,1572.47,108.62,110.70,88.18,1,-1,-1,-1
13,7,108.87,120.69,109.25,67.03,1,-1,-1,-1
13,8,354.64,110.34,102.72,80.77,1,-1,-1,-1
13,9,233.74,109.27,104.08,69.97,1,-1,-1,-1
13,11,28.73,849.67,138.73,132.68,1,-1,-1,-1
13,12,760.81,539.21,152.98,128.06,1,-1,-1,-1
14,1,968.78,482.00,163.69,203.82,1,-1,-1,-1
14,5,1697.26,115.15,113.97,84.69,1,-1,-1,-1
14,6,1573.50,108.69,108.70,87.96,1,-1,-1,-1
14,7,116.65,114.40,96.06,77.71,1,-1,-1,-1
14,8,355.74,110.93,98.74,77.82,1,-1,-1,-1
14,9,230.95,110.89,107.93,74.44,1,-1,-1,-1
14,11,29.74,849.65,137.68,132.56,1,-1,-1,-1
14,12,782.46,541.82,149.46,119.36,1,-1,-1,-1
15,1,981.61,461.91,161.49,216.66,1,-1,-1,-1
15,5,1694.59,113.75,117.52,87.83,1,-1,-1,-1
15,6,1572.76,109.00,110.09,87.18,1,-1,-1,-1
15,7,117.69,113.43,96.29,80.56,1,-1,-1,-1
15,8,354.96,109.96,100.63,83.38,1,-1,-1,-1
15,9,226.28,114.47,113.32,75.00,1,-1,-1,-1
15,11,29.86,849.65,137.80,132.47,1,-1,-1,-1
15,12,790.58,508.12,147.06,152.46,1,-1,-1,-1
16,1,985.27,458.57,159.63,208.05,1,-1,-1,-1
16,5,1694.95,114.40,117.18,86.75,1,-1,-1,-1
16,6,1573.58,108.86,108.57,87.60,1,-1,-1,-1
16,7,119.30,114.02,94.87,80.53,1,-1,-1,-1
16,8,354.93,110.18,100.34,84.21,1,-1,-1,-1
16,9,225.89,116.81,113.31,73.99,1,-1,-1,-1
16,11,30.34,849.34,137.18,132.80,1,-1,-1,-1
16,12,789.31,518.15,148.88,121.75,1,-1,-1,-1
17,1,949.45,450.03,163.05,212.99,1,-1,-1,-1
17,5,1694.16,109.60,117.38,99.06,1,-1,-1,-1
17,6,1574.75,108.78,107.55,87.99,1,-1,-1,-1
17,7,120.31,113.88,95.04,82.88,1,-1,-1,-1
17,8,353.14,112.65,105.77,74.37,1,-1,-1,-1
17,9,234.00,115.52,102.07,70.86,1,-1,-1,-1
17,11,30.05,849.48,137.39,132.71,1,-1,-1,-1
17,12,743.78,468.84,163.36,179.70,1,-1,-1,-1
18,1,916.80,447.18,162.87,216.73,1,-1,-1,-1
18,5,1697.11,111.63,112.89,92.41,1,-1,-1,-1
18,6,1573.50,108.82,110.01,88.27,1,-1,-1,-1
18,7,120.29,114.27,95.86,83.66,1,-1,-1,-1
18,8,353.17,110.92,105.92,74.10,1,-1,-1,-1
18,9,233.96,114.59,103.08,70.32,1,-1,-1,-1
18,11,30.10,849.36,137.02,132.90,1,-1,-1,-1
18,12,706.74,495.70,169.30,135.60,1,-1,-1,-1
19,1,871.31,447.72,169.01,228.28,1,-1,-1,-1
19,5,1692.36,113.01,120.09,90.98,1,-1,-1,-1
19,6,1573.81,108.46,110.01,89.87,1,-1,-1,-1
19,7,110.36,118.03,109.85,75.24,1,-1,-1,-1
19,8,355.92,110.25,98.88,73.62,1,-1,-1,-1
19,9,232.77,107.74,105.55,78.89,1,-1,-1,-1
19,11,29.32,849.38,138.28,132.69,1,-1,-1,-1
19,12,664.63,447.49,175.06,209.47,1,-1,-1,-1
20,1,847.82,534.42,160.56,132.93,1,-1,-1,-1
20,5,1694.06,114.74,117.00,85.79,1,-1,-1,-1
20,6,1574.08,108.88,109.87,89.10,1,-1,-1,-1
20,7,119.98,115.07,93.30,81.42,1,-1,-1,-1
20,8,354.87,107.62,103.63,81.71,1,-1,-1,-1
20,9,234.15,105.74,103.19,76.01,1,-1,-1,-1
20,11,29.78,849.29,137.44,132.77,1,-1,-1,-1
20,12,637.85,450.22,182.24,208.95,1,-1,-1,-1
21,1,846.65,483.11,166.88,228.78,1,-1,-1,-1
21,5,1697.51,113.23,112.42,88.48,1,-1,-1,-1
21,6,1577.96,109.72,103.74,86.56,1,-1,-1,-1
21,7,111.81,119.21,105.06,67.61,1,-1,-1,-1
21,8,355.91,109.17,101.56,81.56,1,-1,-1,-1
21,9,231.30,106.73,106.51,74.96,1,-1,-1,-1
21,11,29.73,849.00,137.15,133.69,1,-1,-1,-1
21,12,632.69,450.61,202.25,212.70,1,-1,-1,-1
22,1,872.36,480.64,164.61,226.71,1,-1,-1,-1
22,5,1699.37,113.45,111.39,89.18,1,-1,-1,-1
22,6,1577.42,108.59,105.56,89.84,1,-1,-1,-1
22,7,118.37,113.17,94.48,84.00,1,-1,-1,-1
22,8,355.74,110.92,99.64,75.89,1,-1,-1,-1
22,9,229.44,108.96,108.14,77.42,1,-1,-1,-1
22,11,29.21,849.67,138.28,133.01,1,-1,-1,-1
22,12,657.31,447.72,208.49,217.30,1,-1,-1,-1
23,1,895.21,500.03,157.58,199.33,1,-1,-1,-1
23,5,1705.43,114.09,104.36,87.71,1,-1,-1,-1
23,6,1574.10,108.08,109.70,91.05,1,-1,-1,-1
23,7,119.92,115.92,93.12,78.46,1,-1,-1,-1
23,8,355.43,110.95,99.04,72.36,1,-1,-1,-1
23,9,226.29,111.71,111.50,77.09,1,-1,-1,-1
23,11,29.19,849.98,138.20,132.79,1,-1,-1,-1
23,12,686.04,445.05,200.39,223.02,1,-1,-1,-1
24,1,897.23,474.63,158.77,235.88,1,-1,-1,-1
24,5,1704.55,113.76,106.98,88.48,1,-1,-1,-1
24,6,1571.26,108.65,112.76,90.71,1,-1,-1,-1
24,7,110.65,118.95,107.36,68.41,1,-1,-1,-1
24,8,354.18,108.31,102.10,82.38,1,-1,-1,-1
24,9,228.71,111.42,107.75,76.68,1,-1,-1,-1
24,11,28.73,849.74,139.12,133.35,1,-1,-1,-1
24,12,691.90,450.92,194.25,218.93,1,-1,-1,-1
25,1,897.41,476.73,153.54,228.00,1,-1,-1,-1
25,5,1699.67,114.53,112.60,85.21,1,-1,-1,-1
25,6,1573.28,109.10,108.81,89.21,1,-1,-1,-1
25,7,107.14,112.03,115.03,96.66,1,-1,-1,-1
25,8,354.65,110.13,101.85,81.11,1,-1,-1,-1
25,9,214.77,110.79,126.29,88.10,1,-1,-1,-1
25,11,29.51,850.07,137.87,132.79,1,-1,-1,-1
25,12,699.77,464.30,148.16,206.65,1,-1,-1,-1
26,1,894.37,497.91,154.64,199.99,1,-1,-1,-1
26,5,1697.72,114.02,113.47,85.39,1,-1,-1,-1
26,6,1573.34,108.95,108.92,88.98,1,-1,-1,-1
26,7,107.18,116.24,115.54,96.84,1,-1,-1,-1
26,8,355.07,110.55,101.09,81.15,1,-1,-1,-1
26,9,220.99,115.72,114.69,71.63,1,-1,-1,-1
26,11,29.57,849.93,137.96,133.08,1,-1,-1,-1
26,12,689.72,464.50,148.54,211.67,1,-1,-1,-1
27,1,884.84,547.99,153.11,137.84,1,-1,-1,-1
27,5,1699.36,114.06,110.85,86.15,1,-1,-1,-1
27,6,1577.25,109.71,103.81,85.87,1,-1,-1,-1
27,7,108.96,118.86,110.67,95.54,1,-1,-1,-1
27,8,355.90,110.54,97.96,81.23,1,-1,-1,-1
27,9,227.50,114.44,107.36,69.64,1,-1,-1,-1
27,11,29.72,850.01,138.18,132.96,1,-1,-1,-1
27,12,677.59,454.86,152.09,223.09,1,-1,-1,-1
28,1,878.98,489.11,156.88,224.21,1,-1,-1,-1
28,5,1700.69,114.07,109.81,87.36,1,-1,-1,-1
28,6,1577.25,109.21,104.57,86.03,1,-1,-1,-1
28,7,109.48,119.65,110.73,95.41,1,-1,-1,-1
28,8,354.90,110.45,99.76,81.48,1,-1,-1,-1
28,9,216.30,110.65,123.98,86.42,1,-1,-1,-1
28,11,29.96,849.98,138.01,132.93,1,-1,-1,-1
28,12,677.58,492.96,148.98,170.83,1,-1,-1,-1
29,1,888.50,483.08,155.38,219.46,1,-1,-1,-1
29,5,1699.96,114.12,111.24,88.01,1,-1,-1,-1
29,6,1573.66,108.16,111.84,88.83,1,-1,-1,-1
29,8,355.41,110.33,99.52,82.05,1,-1,-1,-1
29,9,227.86,115.55,107.40,69.28,1,-1,-1,-1
29,12,688.19,502.39,147.08,168.96,1,-1,-1,-1
30,1,897.05,477.38,154.76,224.23,1,-1,-1,-1
30,5,1697.70,114.81,113.97,86.96,1,-1,-1,-1
30,6,1573.87,108.67,110.80,88.04,1,-1,-1,-1
30,8,356.99,110.33,97.31,82.58,1,-1,-1,-1
30,9,231.72,115.06,103.21,67.91,1,-1,-1,-1
30,11,30.96,849.85,136.61,132.52,1,-1,-1,-1
30,12,697.92,519.64,149.49,156.31,1,-1,-1,-1
31,1,897.54,481.21,154.51,217.38,1,-1,-1,-1
31,5,1700.20,115.46,110.57,85.78,1,-1,-1,-1
31,6,1575.56,109.75,106.83,85.30,1,-1,-1,-1
31,8,355.85,109.58,99.20,87.02,1,-1,-1,-1
31,9,232.93,115.06,103.15,66.36,1,-1,-1,-1
31,11,30.87,849.76,136.94,132.62,1,-1,-1,-1
31,12,701.34,525.08,146.28,157.17,1,-1,-1,-1
32,1,896.25,477.60,151.42,219.50,1,-1,-1,-1
32,5,1698.98,115.26,112.86,86.24,1,-1,-1,-1
32,6,1573.47,108.73,109.59,87.20,1,-1,-1,-1
32,8,355.56,110.47,99.43,86.61,1,-1,-1,-1
32,9,234.17,114.58,102.02,66.43,1,-1,-1,-1
32,11,30.80,849.58,137.11,132.83,1,-1,-1,-1
32,12,702.97,535.96,142.87,143.88,1,-1,-1,-1
33,1,886.66,535.67,151.70,142.17,1,-1,-1,-1
33,5,1697.15,114.59,115.51,89.07,1,-1,-1,-1
33,6,1573.89,108.26,108.43,88.89,1,-1,-1,-1
33,8,354.66,110.73,100.08,86.21,1,-1,-1,-1
33,9,229.95,114.54,108.06,66.96,1,-1,-1,-1
33,11,30.49,849.44,137.68,133.04,1,-1,-1,-1
33,12,691.93,507.87,147.77,180.07,1,-1,-1,-1
34,1,872.84,551.74,151.16,135.07,1,-1,-1,-1
34,5,1696.62,115.07,115.75,88.86,1,-1,-1,-1
34,6,1573.60,107.56,109.16,93.10,1,-1,-1,-1
34,8,353.90,110.75,102.26,86.63,1,-1,-1,-1
34,9,231.95,114.46,105.92,66.58,1,-1,-1,-1
34,11,30.59,849.42,137.42,132.87,1,-1,-1,-1
34,12,681.76,505.25,146.92,174.54,1,-1,-1,-1
35,1,859.31,499.95,160.79,205.90,1,-1,-1,-1
35,5,1695.51,115.53,116.03,87.74,1,-1,-1,-1
35,6,1573.09,108.81,109.84,90.90,1,-1,-1,-1
35,8,354.46,110.91,101.27,85.43,1,-1,-1,-1
35,9,231.74,114.25,105.81,67.20,1,-1,-1,-1
35,11,30.52,849.45,137.71,132.79,1,-1,-1,-1
35,12,680.02,483.75,145.49,195.89,1,-1,-1,-1
36,1,865.06,503.62,155.87,188.37,1,-1,-1,-1
36,5,1694.02,115.36,117.12,88.73,1,-1,-1,-1
36,6,1573.77,109.37,108.33,88.66,1,-1,-1,-1
36,8,352.89,111.43,107.21,79.29,1,-1,-1,-1
36,9,234.19,114.00,101.71,68.15,1,-1,-1,-1
36,11,29.51,848.10,139.87,136.47,1,-1,-1,-1
36,12,682.58,492.99,149.79,175.29,1,-1,-1,-1
37,1,889.37,466.06,172.43,233.78,1,-1,-1,-1
37,5,1693.64,110.48,115.60,92.28,1,-1,-1,-1
37,6,1572.09,109.15,110.67,88.37,1,-1,-1,-1
37,8,355.88,109.94,99.67,82.09,1,-1,-1,-1
37,9,232.27,110.75,105.50,73.08,1,-1,-1,-1
37,11,30.30,849.62,138.94,133.50,1,-1,-1,-1
37,12,721.66,486.85,148.70,179.41,1,-1,-1,-1
38,1,925.57,467.83,158.35,224.67,1,-1,-1,-1
38,5,1701.62,111.55,106.01,87.71,1,-1,-1,-1
38,6,1572.55,108.74,110.08,88.28,1,-1,-1,-1
38,7,120.21,115.84,94.44,84.73,1,-1,-1,-1
38,8,355.70,111.02,99.94,77.93,1,-1,-1,-1
38,9,234.15,109.97,102.71,72.41,1,-1,-1,-1
38,11,31.01,849.61,137.74,133.54,1,-1,-1,-1
38,12,757.03,527.59,145.75,126.92,1,-1,-1,-1
39,1,938.65,483.38,149.28,202.51,1,-1,-1,-1
39,5,1699.90,109.56,110.05,91.34,1,-1,-1,-1
39,6,1572.49,108.15,110.17,90.60,1,-1,-1,-1
39,8,355.45,109.86,99.73,80.65,1,-1,-1,-1
39,9,233.56,110.03,104.00,72.24,1,-1,-1,-1
39,11,31.11,849.62,137.53,133.36,1,-1,-1,-1
39,12,769.98,530.10,143.66,134.24,1,-1,-1,-1
40,1,922.79,462.71,159.20,230.63,1,-1,-1,-1
40,5,1696.68,112.53,115.36,88.42,1,-1,-1,-1
40,6,1576.19,109.77,105.08,86.47,1,-1,-1,-1
40,8,355.99,109.17,99.79,84.83,1,-1,-1,-1
40,9,234.54,112.60,103.28,68.10,1,-1,-1,-1
40,11,31.16,849.63,137.12,133.24,1,-1,-1,-1
40,12,765.11,508.82,145.05,163.87,1,-1,-1,-1
41,1,916.65,479.62,149.36,208.33,1,-1,-1,-1
41,5,1699.56,114.26,111.35,86.89,1,-1,-1,-1
41,6,1577.29,109.60,103.10,85.90,1,-1,-1,-1
41,8,355.76,110.17,98.70,83.79,1,-1,-1,-1
41,9,235.17,114.92,102.69,66.02,1,-1,-1,-1
41,11,30.67,849.40,138.32,133.58,1,-1,-1,-1
41,12,754.60,508.82,142.95,165.96,1,-1,-1,-1
41,13,1782.64,926.14,135.65,153.18,1,-1,-1,-1
42,1,907.98,480.16,148.71,223.09,1,-1,-1,-1
42,5,1696.52,115.10,116.49,87.23,1,-1,-1,-1
42,6,1578.04,108.94,100.53,87.91,1,-1,-1,-1
42,7,121.77,115.24,94.74,79.92,1,-1,-1,-1
42,8,354.25,109.62,101.01,87.24,1,-1,-1,-1
42,9,235.65,114.78,102.46,66.90,1,-1,-1,-1
42,11,30.57,849.49,138.43,133.52,1,-1,-1,-1
42,12,746.94,514.10,139.33,171.92,1,-1,-1,-1
42,13,1782.81,926.29,135.65,153.19,1,-1,-1,-1
43,1,903.64,505.25,148.38,207.43,1,-1,-1,-1
43,5,1699.49,116.04,112.36,86.10,1,-1,-1,-1
43,6,1577.34,109.42,100.54,86.56,1,-1,-1,-1
43,7,118.48,114.48,98.48,83.64,1,-1,-1,-1
43,8,353.67,110.51,102.43,85.79,1,-1,-1,-1
43,9,235.75,114.39,102.54,67.08,1,-1,-1,-1
43,11,30.46,849.48,138.62,133.63,1,-1,-1,-1
43,12,742.23,510.09,142.25,187.44,1,-1,-1,-1
43,13,1782.73,927.80,136.12,151.38,1,-1,-1,-1
44,1,904.88,581.45,149.71,131.85,1,-1,-1,-1
44,5,1700.97,115.69,110.39,87.21,1,-1,-1,-1
44,6,1576.52,109.33,104.83,86.38,1,-1,-1,-1
44,8,353.99,110.74,101.52,84.74,1,-1,-1,-1
44,9,224.53,114.28,116.69,70.14,1,-1,-1,-1
44,11,29.70,848.19,140.03,137.30,1,-1,-1,-1
44,12,749.77,588.17,139.13,98.64,1,-1,-1,-1
44,13,1782.70,927.98,136.33,151.87,1,-1,-1,-1
45,1,921.99,549.24,150.77,193.35,1,-1,-1,-1
45,5,1701.26,114.74,110.10,87.63,1,-1,-1,-1
45,6,1579.37,109.91,101.19,83.99,1,-1,-1,-1
45,7,107.60,116.57,114.43,72.40,1,-1,-1,-1
45,8,354.95,110.86,98.75,82.29,1,-1,-1,-1
45,9,227.18,113.79,111.80,69.41,1,-1,-1,-1
45,11,29.44,848.63,141.21,137.07,1,-1,-1,-1
45,12,769.88,571.57,143.75,135.08,1,-1,-1,-1
46,1,944.56,550.15,142.62,183.40,1,-1,-1,-1
46,5,1699.00,114.84,113.35,85.92,1,-1,-1,-1
46,6,1579.68,108.99,101.52,85.75,1,-1,-1,-1
46,7,116.30,111.50,98.57,91.01,1,-1,-1,-1
46,8,355.52,109.07,100.19,86.97,1,-1,-1,-1
46,11,30.66,849.86,139.27,133.67,1,-1,-1,-1
46,12,791.51,552.58,157.26,152.63,1,-1,-1,-1
47,5,1698.56,115.71,113.59,83.04,1,-1,-1,-1
47,6,1576.00,106.96,107.85,92.45,1,-1,-1,-1
47,7,108.85,118.47,113.55,71.75,1,-1,-1,-1
47,9,219.70,56.14,201.77,136.79,1,-1,-1,-1
47,11,29.28,848.36,141.82,137.15,1,-1,-1,-1
47,13,1779.30,927.96,140.15,152.22,1,-1,-1,-1
48,5,1695.74,114.22,115.04,88.04,1,-1,-1,-1
48,6,1575.46,108.91,105.89,87.97,1,-1,-1,-1
48,7,108.57,116.33,112.31,74.68,1,-1,-1,-1
48,9,231.94,46.83,205.54,138.14,1,-1,-1,-1
48,11,29.95,849.80,140.62,133.57,1,-1,-1,-1
48,13,1780.21,924.60,138.61,156.28,1,-1,-1,-1
49,5,1694.00,115.99,116.20,83.52,1,-1,-1,-1
49,6,1574.98,109.74,106.54,84.66,1,-1,-1,-1
49,7,107.23,115.22,112.53,79.08,1,-1,-1,-1
49,9,242.79,46.19,183.36,133.55,1,-1,-1,-1
49,11,28.87,848.83,142.95,136.47,1,-1,-1,-1
49,13,1780.64,901.01,138.30,185.29,1,-1,-1,-1
50,5,1695.71,114.84,112.62,84.75,1,-1,-1,-1
50,6,1573.57,108.41,108.23,86.99,1,-1,-1,-1
50,7,104.48,115.96,113.83,77.21,1,-1,-1,-1
50,8,354.04,110.57,104.22,75.54,1,-1,-1,-1
50,9,243.52,44.33,171.30,134.16,1,-1,-1,-1
50,11,28.99,848.98,142.56,136.54,1,-1,-1,-1
50,13,1780.24,898.72,139.01,181.80,1,-1,-1,-1
51,5,1694.98,113.35,110.87,85.49,1,-1,-1,-1
51,6,1581.99,110.18,97.09,82.02,1,-1,-1,-1
51,7,107.29,117.79,109.71,71.70,1,-1,-1,-1
51,8,354.64,107.88,103.17,86.14,1,-1,-1,-1
51,9,243.83,49.69,142.89,130.32,1,-1,-1,-1
51,11,28.91,849.15,141.97,136.42,1,-1,-1,-1
52,5,1696.48,113.97,110.71,84.71,1,-1,-1,-1
52,6,1575.34,106.94,108.65,90.11,1,-1,-1,-1
52,7,118.86,111.62,94.07,88.73,1,-1,-1,-1
52,8,355.15,111.89,103.79,72.79,1,-1,-1,-1
52,9,238.34,54.56,143.64,123.99,1,-1,-1,-1
52,11,29.39,848.88,140.68,136.72,1,-1,-1,-1
53,5,1696.91,112.14,111.16,87.42,1,-1,-1,-1
53,6,1576.46,108.65,106.20,86.95,1,-1,-1,-1
53,7,111.49,117.40,109.17,75.10,1,-1,-1,-1
53,8,357.06,109.64,100.20,78.04,1,-1,-1,-1
53,9,236.91,54.68,136.79,125.25,1,-1,-1,-1
53,11,29.69,849.27,140.96,136.04,1,-1,-1,-1
54,5,1695.40,114.03,114.23,84.01,1,-1,-1,-1
54,6,1575.13,108.38,107.95,89.26,1,-1,-1,-1
54,7,104.40,117.25,117.71,75.86,1,-1,-1,-1
54,8,357.04,110.05,99.33,77.35,1,-1,-1,-1
54,9,232.48,51.03,148.20,131.10,1,-1,-1,-1
54,11,29.64,849.95,140.93,134.93,1,-1,-1,-1
55,5,1695.75,114.64,114.07,84.36,1,-1,-1,-1
55,6,1574.67,108.73,108.16,89.49,1,-1,-1,-1
55,7,104.82,116.71,114.52,78.71,1,-1,-1,-1
55,8,357.24,110.51,98.13,75.58,1,-1,-1,-1
55,9,235.63,50.38,142.82,132.19,1,-1,-1,-1
55,11,29.65,849.97,140.84,134.87,1,-1,-1,-1
56,5,1694.64,114.71,115.82,85.05,1,-1,-1,-1
56,6,1573.70,108.83,109.31,89.89,1,-1,-1,-1
56,8,356.62,108.26,102.00,83.22,1,-1,-1,-1
56,9,235.03,48.75,146.42,135.06,1,-1,-1,-1
56,11,29.36,849.77,141.11,135.17,1,-1,-1,-1
56,15,1620.30,465.63,156.34,189.22,1,-1,-1,-1
56,16,1483.86,437.09,175.74,161.46,1,-1,-1,-1
57,5,1697.27,114.18,112.32,85.46,1,-1,-1,-1
57,6,1574.78,108.61,107.71,91.13,1,-1,-1,-1
57,8,357.14,111.84,98.40,70.92,1,-1,-1,-1
57,9,234.78,50.82,151.85,129.77,1,-1,-1,-1
57,11,29.43,850.12,140.79,134.57,1,-1,-1,-1
57,15,1614.07,465.18,158.48,176.79,1,-1,-1,-1
58,5,1701.08,114.97,107.63,83.65,1,-1,-1,-1
58,6,1581.22,111.29,99.63,80.81,1,-1,-1,-1
58,7,107.65,117.39,108.62,78.14,1,-1,-1,-1
58,8,356.59,109.98,98.10,72.01,1,-1,-1,-1
58,9,241.31,65.91,117.60,110.44,1,-1,-1,-1
58,11,29.31,849.90,140.44,134.90,1,-1,-1,-1
58,15,1599.89,450.34,159.23,188.19,1,-1,-1,-1
59,5,1698.68,115.25,111.37,82.85,1,-1,-1,-1
59,6,1576.02,108.26,108.20,86.28,1,-1,-1,-1
59,7,113.92,114.85,99.33,84.86,1,-1,-1,-1
59,8,354.66,109.46,102.71,71.57,1,-1,-1,-1
59,9,230.08,51.87,146.11,132.42,1,-1,-1,-1
59,11,29.52,850.17,139.70,134.47,1,-1,-1,-1
59,15,1584.27,455.84,157.74,182.96,1,-1,-1,-1
60,5,1701.23,115.69,107.70,81.32,1,-1,-1,-1
60,6,1574.84,108.06,108.97,86.98,1,-1,-1,-1
60,7,115.00,114.88,100.21,86.04,1,-1,-1,-1
60,8,355.97,109.25,99.32,73.22,1,-1,-1,-1
60,9,232.07,49.75,150.13,131.64,1,-1,-1,-1
60,11,29.33,850.05,139.77,134.77,1,-1,-1,-1
60,14,151.85,550.93,133.71,85.67,1,-1,-1,-1
60,15,1575.18,462.93,156.08,187.06,1,-1,-1,-1
60,17,1317.77,466.91,133.30,102.70,1,-1,-1,-1
61,5,1700.94,115.83,108.21,80.73,1,-1,-1,-1
61,6,1573.85,108.18,109.51,87.10,1,-1,-1,-1
61,7,118.26,113.71,96.14,89.10,1,-1,-1,-1
61,8,356.11,109.79,98.04,72.63,1,-1,-1,-1
61,9,243.46,95.33,104.19,72.02,1,-1,-1,-1
61,11,30.33,850.67,138.17,134.20,1,-1,-1,-1
61,14,161.85,556.45,129.55,85.09,1,-1,-1,-1
61,15,1573.72,481.80,154.13,171.58,1,-1,-1,-1
61,17,1321.49,469.08,129.99,99.14,1,-1,-1,-1
62,5,1697.63,114.46,112.57,83.30,1,-1,-1,-1
62,6,1578.01,109.54,103.92,81.27,1,-1,-1,-1
62,8,354.38,109.95,101.71,72.21,1,-1,-1,-1
62,9,235.45,97.21,108.65,82.24,1,-1,-1,-1
62,11,29.74,850.45,139.17,134.90,1,-1,-1,-1
63,5,1694.20,113.31,116.66,85.54,1,-1,-1,-1
63,6,1573.68,107.29,110.63,87.41,1,-1,-1,-1
63,8,355.91,109.61,99.48,72.57,1,-1,-1,-1
63,9,232.90,102.52,106.31,79.25,1,-1,-1,-1
63,11,29.46,850.82,139.53,134.48,1,-1,-1,-1
64,5,1694.91,113.44,112.90,85.27,1,-1,-1,-1
64,6,1577.41,107.53,105.20,90.90,1,-1,-1,-1
64,7,105.40,117.68,116.46,68.54,1,-1,-1,-1
64,8,355.60,109.81,100.27,71.60,1,-1,-1,-1
64,9,229.06,111.54,108.68,69.80,1,-1,-1,-1
64,11,29.96,851.67,138.60,131.69,1,-1,-1,-1
65,5,1695.44,113.86,115.54,88.53,1,-1,-1,-1
65,6,1575.02,108.66,109.52,90.89,1,-1,-1,-1
65,7,105.01,115.55,114.13,67.84,1,-1,-1,-1
65,8,358.06,107.76,96.39,80.79,1,-1,-1,-1
65,9,229.16,113.69,107.83,68.77,1,-1,-1,-1
65,11,29.74,851.28,139.24,131.67,1,-1,-1,-1
66,5,1692.83,114.17,120.62,90.66,1,-1,-1,-1
66,6,1574.47,109.16,109.82,91.18,1,-1,-1,-1
66,7,104.65,114.58,113.81,67.67,1,-1,-1,-1
66,8,354.79,110.85,103.86,73.22,1,-1,-1,-1
66,9,229.18,112.87,108.44,70.16,1,-1,-1,-1
66,11,29.84,851.07,139.19,131.61,1,-1,-1,-1
67,5,1693.41,116.02,118.65,87.68,1,-1,-1,-1
67,6,1572.84,109.17,111.64,91.73,1,-1,-1,-1
67,7,105.18,113.13,112.34,69.65,1,-1,-1,-1
67,8,356.08,110.04,101.38,73.15,1,-1,-1,-1
67,9,229.81,112.91,108.01,69.34,1,-1,-1,-1
67,11,30.15,850.82,138.88,131.83,1,-1,-1,-1
68,5,1688.42,114.87,124.98,88.98,1,-1,-1,-1
68,6,1572.34,108.78,111.79,93.38,1,-1,-1,-1
68,7,115.31,109.15,99.08,87.68,1,-1,-1,-1
68,8,355.18,109.17,102.26,74.08,1,-1,-1,-1
68,9,219.08,57.86,168.28,139.43,1,-1,-1,-1
68,11,29.41,849.98,140.84,134.57,1,-1,-1,-1
69,5,1688.05,113.55,127.00,91.51,1,-1,-1,-1
69,6,1571.63,108.97,112.72,93.79,1,-1,-1,-1
69,7,120.08,112.15,95.58,87.29,1,-1,-1,-1
69,9,227.83,45.50,181.74,139.52,1,-1,-1,-1
69,11,29.43,850.10,140.70,134.87,1,-1,-1,-1
70,5,1688.58,114.74,125.29,87.92,1,-1,-1,-1
70,6,1571.10,109.89,113.49,90.96,1,-1,-1,-1
70,7,106.23,118.46,116.03,72.49,1,-1,-1,-1
70,8,359.26,109.15,93.56,75.55,1,-1,-1,-1
70,9,252.50,94.70,103.25,69.16,1,-1,-1,-1
70,11,29.77,850.17,139.93,134.91,1,-1,-1,-1
71,5,1688.23,114.28,125.56,87.82,1,-1,-1,-1
71,6,1570.99,109.46,113.61,91.09,1,-1,-1,-1
71,7,118.81,112.66,95.29,87.99,1,-1,-1,-1
71,8,359.02,109.40,93.64,75.83,1,-1,-1,-1
71,9,242.53,103.95,103.55,69.30,1,-1,-1,-1
71,11,29.88,850.26,139.79,134.86,1,-1,-1,-1
72,5,1689.83,113.50,123.26,88.67,1,-1,-1,-1
72,6,1572.34,109.01,111.13,90.49,1,-1,-1,-1
72,7,119.74,113.95,95.12,86.69,1,-1,-1,-1
72,8,354.42,107.10,101.33,75.55,1,-1,-1,-1
72,9,225.83,56.05,157.10,136.69,1,-1,-1,-1
72,11,30.83,851.15,137.93,132.00,1,-1,-1,-1
72,18,430.85,464.35,123.91,78.33,1,-1,-1,-1
73,5,1691.18,114.56,121.50,86.25,1,-1,-1,-1
73,6,1575.95,108.66,106.83,90.01,1,-1,-1,-1
73,7,103.25,119.53,119.35,67.91,1,-1,-1,-1
73,8,354.08,103.70,100.54,77.99,1,-1,-1,-1
73,9,231.18,48.03,161.44,136.54,1,-1,-1,-1
73,11,30.85,850.76,137.89,132.07,1,-1,-1,-1
73,18,433.28,477.12,118.59,74.67,1,-1,-1,-1
74,5,1694.00,114.77,119.40,86.94,1,-1,-1,-1
74,6,1575.04,107.61,108.38,93.30,1,-1,-1,-1
74,7,101.86,116.83,117.90,68.53,1,-1,-1,-1
74,8,357.58,107.11,94.41,74.41,1,-1,-1,-1
74,9,246.23,95.47,105.76,70.38,1,-1,-1,-1
74,11,31.31,850.63,137.30,132.03,1,-1,-1,-1
75,5,1699.29,114.96,112.72,85.86,1,-1,-1,-1
75,6,1579.57,109.22,102.02,88.23,1,-1,-1,-1
75,7,103.97,115.16,113.28,69.68,1,-1,-1,-1
75,8,354.33,108.74,102.23,72.32,1,-1,-1,-1
75,9,231.76,58.59,136.99,128.28,1,-1,-1,-1
75,11,31.57,850.57,136.98,131.95,1,-1,-1,-1
76,5,1694.73,114.44,120.01,87.21,1,-1,-1,-1
76,6,1569.89,108.36,117.05,89.41,1,-1,-1,-1
76,7,100.48,114.95,118.54,68.85,1,-1,-1,-1
76,8,354.85,109.21,102.37,72.23,1,-1,-1,-1
76,9,238.45,101.92,105.83,67.72,1,-1,-1,-1
76,11,31.31,850.59,137.48,131.91,1,-1,-1,-1
77,5,1692.57,113.32,122.28,88.82,1,-1,-1,-1
77,6,1575.67,108.62,107.60,87.69,1,-1,-1,-1
77,7,101.61,115.53,116.38,67.15,1,-1,-1,-1
77,8,354.84,109.40,103.42,72.31,1,-1,-1,-1
77,9,233.36,110.66,105.86,66.59,1,-1,-1,-1
77,11,31.16,850.64,137.64,131.91,1,-1,-1,-1
78,5,1693.61,114.72,119.53,86.48,1,-1,-1,-1
78,6,1574.70,108.15,109.24,88.98,1,-1,-1,-1
78,7,105.40,116.09,111.99,66.42,1,-1,-1,-1
78,8,353.73,109.55,106.91,72.52,1,-1,-1,-1
78,9,232.13,112.43,104.89,69.08,1,-1,-1,-1
78,11,30.96,850.69,137.93,131.88,1,-1,-1,-1
79,5,1693.09,115.05,119.81,87.24,1,-1,-1,-1
79,6,1572.64,107.66,112.06,92.39,1,-1,-1,-1
79,8,354.19,109.70,105.47,72.45,1,-1,-1,-1
79,9,231.93,113.49,104.81,68.92,1,-1,-1,-1
79,11,31.14,850.74,137.54,131.87,1,-1,-1,-1
79,19,414.07,426.82,124.21,88.53,1,-1,-1,-1
80,5,1691.32,114.31,121.62,89.67,1,-1,-1,-1
80,6,1572.71,108.29,111.11,92.14,1,-1,-1,-1
80,7,118.79,111.44,94.87,85.06,1,-1,-1,-1
80,8,356.96,107.22,98.87,83.65,1,-1,-1,-1
80,9,231.99,114.55,105.02,67.59,1,-1,-1,-1
80,11,31.18,850.92,137.54,131.64,1,-1,-1,-1
81,5,1690.67,114.50,122.76,89.29,1,-1,-1,-1
81,6,1575.36,109.15,108.03,89.97,1,-1,-1,-1
81,7,119.15,113.30,95.58,85.18,1,-1,-1,-1
81,8,353.78,110.62,104.72,75.48,1,-1,-1,-1
81,9,233.06,112.67,104.45,69.59,1,-1,-1,-1
81,11,30.82,851.00,137.99,131.59,1,-1,-1,-1
81,19,432.81,435.35,123.69,88.93,1,-1,-1,-1
82,5,1696.33,115.53,113.43,87.23,1,-1,-1,-1
82,6,1567.50,106.57,118.60,101.68,1,-1,-1,-1
82,7,106.60,119.24,116.58,67.62,1,-1,-1,-1
82,9,223.27,58.67,174.95,140.70,1,-1,-1,-1
82,11,30.86,851.06,137.79,131.61,1,-1,-1,-1
83,5,1698.41,115.11,112.13,89.56,1,-1,-1,-1
83,6,1575.33,109.25,106.41,98.11,1,-1,-1,-1
83,7,119.02,112.03,94.24,87.87,1,-1,-1,-1
83,8,356.88,108.90,97.89,81.18,1,-1,-1,-1
83,9,247.60,101.53,106.74,69.31,1,-1,-1,-1
83,11,31.31,851.08,137.08,131.63,1,-1,-1,-1
84,5,1700.06,114.49,113.10,93.71,1,-1,-1,-1
84,6,1577.49,112.83,103.70,83.54,1,-1,-1,-1
84,7,111.82,118.67,107.55,71.20,1,-1,-1,-1
84,9,225.61,50.44,198.66,144.23,1,-1,-1,-1
84,11,30.31,850.92,137.05,132.22,1,-1,-1,-1
84,19,440.07,474.60,131.12,88.21,1,-1,-1,-1
85,5,1702.60,116.29,109.72,88.47,1,-1,-1,-1
85,6,1571.43,108.30,113.21,93.52,1,-1,-1,-1
85,7,116.16,114.51,98.25,82.49,1,-1,-1,-1
85,8,356.99,109.27,97.49,81.29,1,-1,-1,-1
85,9,243.99,48.03,150.84,134.13,1,-1,-1,-1
86,5,1692.03,116.49,123.31,85.34,1,-1,-1,-1
86,6,1573.41,107.74,108.93,97.99,1,-1,-1,-1
86,7,108.97,118.04,110.81,72.16,1,-1,-1,-1
86,8,353.75,111.04,103.84,73.13,1,-1,-1,-1
86,9,238.34,49.29,158.89,128.37,1,-1,-1,-1
87,5,1696.97,115.54,113.48,84.93,1,-1,-1,-1
87,6,1575.39,110.19,106.50,90.66,1,-1,-1,-1
87,7,108.25,116.93,111.86,72.57,1,-1,-1,-1
87,8,353.61,110.07,103.91,72.47,1,-1,-1,-1
87,9,248.00,95.27,105.28,69.17,1,-1,-1,-1
88,5,1701.84,115.69,107.75,82.22,1,-1,-1,-1
88,6,1578.20,110.41,103.38,88.14,1,-1,-1,-1
88,8,353.71,109.48,103.93,72.30,1,-1,-1,-1
88,9,238.22,103.99,104.81,70.44,1,-1,-1,-1
89,5,1705.03,115.66,105.18,80.87,1,-1,-1,-1
89,6,1578.94,110.21,103.57,86.86,1,-1,-1,-1
89,8,353.31,109.40,103.40,72.04,1,-1,-1,-1
89,9,227.85,113.84,111.30,65.20,1,-1,-1,-1
89,11,34.86,852.02,129.41,129.20,1,-1,-1,-1
90,5,1705.79,116.59,105.85,76.09,1,-1,-1,-1
90,6,1579.21,109.99,103.77,86.94,1,-1,-1,-1
90,8,355.85,107.90,97.19,80.22,1,-1,-1,-1
90,9,224.07,117.23,112.02,65.92,1,-1,-1,-1
90,11,36.76,851.51,126.55,130.97,1,-1,-1,-1
91,5,1704.68,115.25,108.53,78.39,1,-1,-1,-1
91,6,1574.08,101.84,111.45,121.87,1,-1,-1,-1
91,7,115.60,114.59,101.02,87.94,1,-1,-1,-1
91,8,342.33,107.17,148.51,81.61,1,-1,-1,-1
91,9,221.21,118.62,114.73,66.26,1,-1,-1,-1
92,5,1700.99,105.49,113.95,124.07,1,-1,-1,-1
92,6,1571.41,105.61,113.97,130.89,1,-1,-1,-1
92,7,115.98,115.39,101.45,88.09,1,-1,-1,-1
92,8,353.01,108.53,130.83,79.40,1,-1,-1,-1
92,9,221.64,118.31,114.09,67.33,1,-1,-1,-1
93,5,1706.05,122.47,104.13,78.50,1,-1,-1,-1
93,6,1573.50,108.00,110.23,139.57,1,-1,-1,-1
93,8,361.17,106.81,101.37,90.93,1,-1,-1,-1
94,5,1709.01,118.29,99.01,79.12,1,-1,-1,-1
94,6,1575.92,114.23,107.92,125.42,1,-1,-1,-1
94,8,355.20,109.69,102.11,88.74,1,-1,-1,-1
95,5,1709.93,116.27,97.74,77.72,1,-1,-1,-1
95,6,1577.30,111.41,106.43,135.50,1,-1,-1,-1
95,11,40.45,851.93,118.62,128.60,1,-1,-1,-1
96,5,1717.28,116.00,87.37,68.44,1,-1,-1,-1
96,6,1586.20,125.46,96.26,71.52,1,-1,-1,-1
96,11,39.06,853.90,120.87,125.29,1,-1,-1,-1
96,23,1495.35,121.32,104.59,74.14,1,-1,-1,-1
97,5,1721.18,115.27,79.78,61.99,1,-1,-1,-1
97,22,1360.77,352.94,210.57,206.60,1,-1,-1,-1
97,23,1501.60,121.91,93.69,72.91,1,-1,-1,-1
97,24,1379.48,118.61,94.55,75.88,1,-1,-1,-1
98,22,1381.51,415.34,234.01,172.70,1,-1,-1,-1
98,23,1503.68,121.61,93.19,74.22,1,-1,-1,-1
98,24,1380.12,118.57,94.46,76.38,1,-1,-1,-1
99,23,1507.71,121.64,90.63,76.39,1,-1,-1,-1
99,24,1370.37,119.66,131.49,74.85,1,-1,-1,-1
100,23,1510.24,122.22,91.17,76.87,1,-1,-1,-1
100,24,1389.88,119.35,89.80,73.41,1,-1,-1,-1
101,22,1376.13,347.78,255.52,268.56,1,-1,-1,-1
101,23,1509.38,122.79,95.71,74.88,1,-1,-1,-1
101,24,1387.10,118.72,91.09,72.98,1,-1,-1,-1
102,22,1364.92,372.68,268.81,219.27,1,-1,-1,-1
102,23,1506.93,121.86,93.24,77.11,1,-1,-1,-1
102,24,1384.23,117.21,93.05,76.95,1,-1,-1,-1
103,23,1511.22,120.64,83.80,84.20,1,-1,-1,-1
103,24,1371.83,119.50,137.83,74.97,1,-1,-1,-1
103,25,560.89,117.61,98.50,79.80,1,-1,-1,-1
104,23,1512.21,121.57,82.24,85.89,1,-1,-1,-1
104,24,1375.06,119.63,148.15,76.40,1,-1,-1,-1
104,25,561.09,117.54,98.33,79.82,1,-1,-1,-1
105,22,1363.36,322.18,169.27,160.28,1,-1,-1,-1
105,23,1513.28,122.68,80.91,85.02,1,-1,-1,-1
105,24,1382.35,120.58,138.42,74.95,1,-1,-1,-1
105,25,561.09,118.13,96.93,77.07,1,-1,-1,-1
106,22,1339.33,301.39,180.74,162.94,1,-1,-1,-1
106,23,1513.13,123.27,81.45,82.93,1,-1,-1,-1
106,24,1379.34,119.46,153.42,77.87,1,-1,-1,-1
106,25,561.24,117.68,96.85,76.54,1,-1,-1,-1
107,23,1509.49,122.71,86.28,83.58,1,-1,-1,-1
107,24,1396.96,119.37,87.71,75.08,1,-1,-1,-1
107,25,561.61,117.21,96.36,76.47,1,-1,-1,-1
107,26,429.24,117.42,101.64,76.92,1,-1,-1,-1
108,23,1507.09,122.37,88.48,83.69,1,-1,-1,-1
108,24,1388.23,118.89,87.65,74.34,1,-1,-1,-1
108,25,564.48,117.26,91.97,75.03,1,-1,-1,-1
109,23,1507.21,122.17,87.34,84.06,1,-1,-1,-1
109,24,1384.37,118.67,85.94,73.70,1,-1,-1,-1
109,25,565.36,117.44,91.31,74.01,1,-1,-1,-1
110,22,1298.88,279.27,171.11,207.76,1,-1,-1,-1
110,23,1508.64,122.20,85.08,84.28,1,-1,-1,-1
110,24,1382.96,118.60,83.85,73.50,1,-1,-1,-1
110,25,564.56,117.28,92.76,74.40,1,-1,-1,-1
111,22,1298.47,293.82,179.75,150.91,1,-1,-1,-1
111,23,1507.81,122.28,86.56,84.05,1,-1,-1,-1
111,24,1373.34,118.97,122.81,75.73,1,-1,-1,-1
111,25,563.78,117.14,93.53,74.81,1,-1,-1,-1
112,22,1287.03,279.68,197.13,166.59,1,-1,-1,-1
112,23,1504.49,121.89,90.72,85.66,1,-1,-1,-1
112,24,1378.40,119.88,129.76,75.78,1,-1,-1,-1
112,25,562.98,117.02,94.13,75.02,1,-1,-1,-1
113,22,1266.68,254.68,276.84,249.32,1,-1,-1,-1
113,23,1507.16,122.05,86.29,86.13,1,-1,-1,-1
113,24,1379.96,117.98,143.25,81.77,1,-1,-1,-1
113,25,562.73,117.33,94.48,74.55,1,-1,-1,-1
114,22,1287.62,277.28,204.89,180.36,1,-1,-1,-1
114,23,1508.09,121.73,85.53,88.69,1,-1,-1,-1
114,24,1383.63,109.58,141.49,93.44,1,-1,-1,-1
114,25,563.19,117.39,93.43,74.41,1,-1,-1,-1
115,22,1274.72,267.74,206.92,189.44,1,-1,-1,-1
115,23,1509.96,122.40,83.64,87.85,1,-1,-1,-1
115,24,1384.69,97.27,145.04,108.74,1,-1,-1,-1
115,25,563.35,117.37,93.18,74.43,1,-1,-1,-1
116,22,1263.12,253.69,222.10,233.23,1,-1,-1,-1
116,23,1509.44,122.27,84.96,88.89,1,-1,-1,-1
116,24,1386.78,95.50,143.29,108.73,1,-1,-1,-1
116,25,563.73,117.33,92.84,74.44,1,-1,-1,-1
117,22,1264.36,255.02,210.31,238.80,1,-1,-1,-1
117,23,1509.42,122.81,85.08,86.82,1,-1,-1,-1
117,24,1386.65,97.07,146.60,108.35,1,-1,-1,-1
117,25,564.01,117.67,92.33,73.74,1,-1,-1,-1
118,22,1259.57,258.10,219.19,226.65,1,-1,-1,-1
118,23,1506.99,122.80,88.00,85.34,1,-1,-1,-1
118,24,1388.59,92.97,142.61,116.58,1,-1,-1,-1
118,25,563.56,117.65,93.43,73.90,1,-1,-1,-1
119,22,1262.26,256.32,207.52,223.36,1,-1,-1,-1
119,23,1509.18,122.43,84.24,84.07,1,-1,-1,-1
119,24,1389.26,109.20,129.80,94.50,1,-1,-1,-1
119,25,563.25,117.63,93.39,74.29,1,-1,-1,-1
120,22,1272.48,254.20,186.45,220.50,1,-1,-1,-1
120,23,1514.84,122.10,77.37,83.29,1,-1,-1,-1
120,24,1382.91,99.90,147.25,114.25,1,-1,-1,-1
120,25,563.12,117.90,93.12,73.76,1,-1,-1,-1
121,22,1247.03,246.91,265.42,226.73,1,-1,-1,-1
121,23,1515.68,122.22,77.89,80.92,1,-1,-1,-1
121,24,1386.01,111.10,146.89,100.87,1,-1,-1,-1
121,25,563.16,118.03,92.80,73.46,1,-1,-1,-1
122,22,1257.35,241.84,257.43,228.46,1,-1,-1,-1
122,23,1516.82,121.95,76.98,79.84,1,-1,-1,-1
122,24,1385.66,118.03,142.84,90.04,1,-1,-1,-1
122,25,562.88,118.04,93.09,73.39,1,-1,-1,-1
123,23,1515.43,122.06,79.14,77.59,1,-1,-1,-1
123,24,1416.97,114.73,107.68,102.21,1,-1,-1,-1
123,25,563.24,118.02,92.46,73.31,1,-1,-1,-1
124,22,1273.47,260.39,243.94,187.96,1,-1,-1,-1
124,23,1511.42,121.03,83.73,80.12,1,-1,-1,-1
124,24,1419.98,120.55,113.27,97.85,1,-1,-1,-1
124,25,563.55,117.98,92.07,73.26,1,-1,-1,-1
125,23,1509.68,121.19,84.72,80.66,1,-1,-1,-1
125,24,1391.54,119.53,152.64,102.26,1,-1,-1,-1
125,25,563.79,117.93,91.80,73.40,1,-1,-1,-1
126,22,1273.48,236.32,175.75,144.85,1,-1,-1,-1
126,23,1510.66,121.46,82.80,80.91,1,-1,-1,-1
126,24,1415.59,123.36,115.60,99.20,1,-1,-1,-1
126,25,563.44,117.80,92.50,73.74,1,-1,-1,-1
127,22,1250.26,261.70,244.96,144.91,1,-1,-1,-1
127,23,1510.17,121.42,83.54,82.24,1,-1,-1,-1
127,24,1417.53,123.31,117.41,101.89,1,-1,-1,-1
127,25,563.46,117.85,92.46,73.55,1,-1,-1,-1
128,22,1273.66,268.55,222.42,151.05,1,-1,-1,-1
128,23,1508.00,121.31,86.47,84.49,1,-1,-1,-1
128,24,1396.08,126.39,147.72,100.34,1,-1,-1,-1
128,25,563.52,117.86,92.52,73.46,1,-1,-1,-1
129,22,1268.34,227.05,190.56,203.11,1,-1,-1,-1
129,23,1508.38,121.91,85.45,84.17,1,-1,-1,-1
129,24,1402.98,127.88,85.03,74.28,1,-1,-1,-1
129,25,563.38,117.82,92.91,73.46,1,-1,-1,-1
130,22,1253.97,216.85,202.17,202.32,1,-1,-1,-1
130,23,1507.63,122.25,86.51,83.26,1,-1,-1,-1
130,24,1389.15,121.22,85.68,73.65,1,-1,-1,-1
130,25,563.22,117.83,93.21,73.43,1,-1,-1,-1
131,22,1253.27,207.88,199.53,206.47,1,-1,-1,-1
131,23,1453.50,118.09,154.98,106.50,1,-1,-1,-1
131,24,1383.34,117.57,83.36,74.12,1,-1,-1,-1
131,25,562.42,117.75,94.20,73.70,1,-1,-1,-1
132,22,1253.46,204.14,189.11,202.56,1,-1,-1,-1
132,23,1500.64,127.64,80.69,77.21,1,-1,-1,-1
132,24,1380.60,116.15,84.70,74.70,1,-1,-1,-1
132,25,562.00,117.75,94.52,73.85,1,-1,-1,-1
133,22,1257.10,206.03,173.21,194.21,1,-1,-1,-1
133,23,1508.97,123.59,78.83,80.83,1,-1,-1,-1
133,24,1362.57,108.53,165.19,114.49,1,-1,-1,-1
133,25,561.57,117.77,94.91,74.04,1,-1,-1,-1
134,22,1257.78,201.39,169.26,196.86,1,-1,-1,-1
134,23,1455.42,115.42,152.34,113.62,1,-1,-1,-1
134,24,1390.09,122.66,91.07,79.71,1,-1,-1,-1
134,25,562.16,117.94,94.05,73.76,1,-1,-1,-1
135,22,1243.65,214.81,234.99,177.16,1,-1,-1,-1
135,23,1454.23,120.57,114.85,113.83,1,-1,-1,-1
135,24,1384.35,120.30,90.19,80.73,1,-1,-1,-1
135,25,562.67,118.07,93.43,73.63,1,-1,-1,-1
136,22,1256.57,207.60,229.39,184.65,1,-1,-1,-1
136,23,1444.67,122.65,114.72,116.15,1,-1,-1,-1
136,24,1384.54,120.35,85.70,74.04,1,-1,-1,-1
136,25,564.27,117.95,91.64,73.96,1,-1,-1,-1
137,23,1439.28,124.36,136.14,116.39,1,-1,-1,-1
137,24,1383.29,118.33,86.23,75.15,1,-1,-1,-1
137,25,564.65,118.01,91.67,73.96,1,-1,-1,-1
138,22,1271.19,204.43,231.27,180.30,1,-1,-1,-1
138,23,1444.04,123.81,142.23,119.96,1,-1,-1,-1
138,24,1383.32,117.85,85.23,74.52,1,-1,-1,-1
138,25,565.09,117.97,91.31,74.11,1,-1,-1,-1
139,22,1276.01,215.92,230.51,160.61,1,-1,-1,-1
139,23,1451.19,124.65,135.81,119.51,1,-1,-1,-1
139,24,1383.17,117.65,85.72,74.52,1,-1,-1,-1
139,25,565.15,117.98,90.13,73.64,1,-1,-1,-1
140,22,1279.73,198.09,232.20,182.25,1,-1,-1,-1
140,23,1456.30,124.03,133.27,120.55,1,-1,-1,-1
140,24,1384.25,117.61,84.47,75.11,1,-1,-1,-1
140,25,564.88,117.69,90.03,73.77,1,-1,-1,-1
141,22,1296.84,192.90,163.64,168.48,1,-1,-1,-1
141,23,1462.58,123.92,126.85,120.97,1,-1,-1,-1
141,24,1385.70,118.29,83.18,73.07,1,-1,-1,-1
141,25,563.77,117.57,91.04,73.76,1,-1,-1,-1
142,22,1287.14,179.49,165.55,186.35,1,-1,-1,-1
142,23,1466.55,124.04,126.06,120.03,1,-1,-1,-1
142,24,1386.44,118.55,82.66,71.49,1,-1,-1,-1
142,25,563.47,117.60,91.06,73.49,1,-1,-1,-1
143,22,1281.27,175.97,181.84,187.34,1,-1,-1,-1
143,23,1471.32,123.56,121.99,120.94,1,-1,-1,-1
143,24,1382.26,118.06,89.10,73.64,1,-1,-1,-1
143,25,562.96,117.73,91.94,73.40,1,-1,-1,-1
144,22,1277.67,177.36,220.07,182.80,1,-1,-1,-1
144,23,1474.85,123.99,118.13,120.35,1,-1,-1,-1
144,24,1380.85,118.48,90.79,73.47,1,-1,-1,-1
144,25,563.24,117.90,91.52,73.36,1,-1,-1,-1
145,22,1291.36,178.71,206.05,178.64,1,-1,-1,-1
145,23,1476.99,124.03,116.20,119.42,1,-1,-1,-1
145,24,1382.93,119.09,87.59,71.27,1,-1,-1,-1
145,25,563.61,118.09,91.23,73.15,1,-1,-1,-1
146,22,1295.09,170.87,210.75,185.15,1,-1,-1,-1
146,23,1480.87,123.49,113.15,119.63,1,-1,-1,-1
146,24,1384.30,118.96,86.87,70.98,1,-1,-1,-1
146,25,563.70,117.92,91.29,73.39,1,-1,-1,-1
147,22,1299.52,165.77,213.63,187.56,1,-1,-1,-1
147,23,1484.22,123.54,111.45,118.53,1,-1,-1,-1
147,24,1385.54,118.81,86.40,71.30,1,-1,-1,-1
147,25,563.34,117.77,92.03,73.63,1,-1,-1,-1
148,22,1303.21,171.32,211.55,177.19,1,-1,-1,-1
148,23,1487.28,123.33,109.59,118.65,1,-1,-1,-1
148,24,1387.73,118.21,83.86,73.51,1,-1,-1,-1
148,25,563.21,117.85,92.14,73.47,1,-1,-1,-1
149,22,1303.86,174.91,215.47,171.23,1,-1,-1,-1
149,23,1490.32,123.01,108.35,119.50,1,-1,-1,-1
149,24,1386.88,119.11,86.27,72.04,1,-1,-1,-1
149,25,562.89,117.79,92.59,73.71,1,-1,-1,-1
150,22,1306.11,166.71,213.29,177.32,1,-1,-1,-1
150,23,1493.23,122.58,106.94,121.08,1,-1,-1,-1
150,24,1386.58,118.61,86.59,74.72,1,-1,-1,-1
150,25,562.76,117.82,92.63,73.71,1,-1,-1,-1
