2,1,846.24,483.57,185.59,186.68,1,-1,-1,-1
2,2,1156.23,541.40,168.02,179.00,1,-1,-1,-1
2,4,1310.83,445.60,147.32,135.87,1,-1,-1,-1
2,5,1700.41,114.23,108.30,84.46,1,-1,-1,-1
2,6,1572.23,109.00,110.92,86.23,1,-1,-1,-1
2,7,103.81,112.23,108.19,75.35,1,-1,-1,-1
2,8,357.33,110.13,99.75,79.08,1,-1,-1,-1
2,9,236.75,110.06,100.39,69.76,1,-1,-1,-1
3,5,1698.74,114.65,110.38,84.95,1,-1,-1,-1
3,6,1572.32,109.22,110.48,87.30,1,-1,-1,-1
3,8,357.42,109.98,99.23,78.15,1,-1,-1,-1
3,9,235.43,104.09,103.12,74.44,1,-1,-1,-1
4,2,1104.81,536.89,160.37,159.77,1,-1,-1,-1
4,4,1276.26,425.63,175.95,149.58,1,-1,-1,-1
4,5,1698.50,114.48,110.77,84.34,1,-1,-1,-1
4,6,1572.67,107.86,110.13,85.93,1,-1,-1,-1
4,8,356.17,110.73,101.07,80.79,1,-1,-1,-1
4,9,234.14,109.79,103.32,74.55,1,-1,-1,-1
4,10,1780.07,912.74,138.16,168.49,1,-1,-1,-1
4,11,28.11,848.92,138.53,133.09,1,-1,-1,-1
5,5,1698.55,114.73,110.74,83.92,1,-1,-1,-1
5,6,1572.37,108.50,110.72,86.45,1,-1,-1,-1
5,7,103.56,114.90,111.64,72.52,1,-1,-1,-1
5,8,355.46,109.03,98.37,76.82,1,-1,-1,-1
5,9,226.36,113.61,109.83,78.95,1,-1,-1,-1
5,11,28.47,849.24,138.56,132.40,1,-1,-1,-1
6,5,1696.39,115.27,113.58,85.80,1,-1,-1,-1
6,6,1571.03,108.73,112.07,87.24,1,-1,-1,-1
6,7,105.91,116.69,110.13,70.87,1,-1,-1,-1
6,8,355.85,108.83,96.81,73.39,1,-1,-1,-1
6,9,230.14,110.20,107.64,77.49,1,-1,-1,-1
6,11,27.85,849.34,138.09,132.29,1,-1,-1,-1
7,1,863.14,471.37,187.78,215.18,1,-1,-1,-1
7,5,1693.49,115.73,117.02,89.37,1,-1,-1,-1
7,6,1571.55,108.98,111.88,87.76,1,-1,-1,-1
7,7,105.05,118.94,113.00,74.78,1,-1,-1,-1
7,8,355.64,110.69,99.81,76.20,1,-1,-1,-1
7,9,232.46,109.17,105.35,74.46,1,-1,-1,-1
7,11,28.07,849.59,137.50,132.14,1,-1,-1,-1
8,1,860.88,484.83,180.26,215.65,1,-1,-1,-1
8,5,1693.50,115.47,117.64,90.06,1,-1,-1,-1
8,6,1572.20,109.08,110.75,87.61,1,-1,-1,-1
8,8,355.69,111.11,98.26,76.41,1,-1,-1,-1
8,9,232.88,111.48,104.21,72.42,1,-1,-1,-1
8,11,28.23,849.84,137.15,131.99,1,-1,-1,-1
8,13,667.56,464.58,182.75,210.91,1,-1,-1,-1
9,1,866.23,475.77,177.36,223.75,1,-1,-1,-1
9,5,1693.36,114.28,117.88,89.75,1,-1,-1,-1
9,6,1572.83,108.98,110.18,87.58,1,-1,-1,-1
9,8,355.80,111.30,97.93,76.97,1,-1,-1,-1
9,9,232.23,111.87,104.12,72.00,1,-1,-1,-1
9,11,28.81,849.67,137.08,131.77,1,-1,-1,-1
9,13,680.21,470.51,174.73,205.58,1,-1,-1,-1
10,1,882.59,482.75,173.69,221.99,1,-1,-1,-1
10,5,1694.40,112.24,116.91,90.27,1,-1,-1,-1
10,6,1570.88,108.88,111.61,88.16,1,-1,-1,-1
10,7,111.74,119.97,107.21,79.56,1,-1,-1,-1
10,8,355.81,111.28,99.97,78.20,1,-1,-1,-1
10,9,232.57,109.69,104.26,71.64,1,-1,-1,-1
10,11,29.02,850.03,137.02,131.80,1,-1,-1,-1
10,13,704.87,476.51,165.02,197.98,1,-1,-1,-1
11,1,899.91,481.38,170.31,223.74,1,-1,-1,-1
11,5,1694.93,112.16,116.68,90.77,1,-1,-1,-1
11,6,1571.84,108.68,111.40,88.53,1,-1,-1,-1
11,7,114.15,118.61,103.65,81.99,1,-1,-1,-1
11,8,355.21,110.95,100.81,78.54,1,-1,-1,-1
11,9,233.21,107.39,104.02,72.02,1,-1,-1,-1
11,11,29.21,849.91,136.83,131.95,1,-1,-1,-1
11,13,727.48,477.32,157.70,194.83,1,-1,-1,-1
12,1,916.77,481.40,167.68,223.69,1,-1,-1,-1
12,5,1695.45,113.90,116.25,90.59,1,-1,-1,-1
12,6,1572.33,108.59,111.32,89.19,1,-1,-1,-1
12,7,115.91,117.54,101.02,82.98,1,-1,-1,-1
12,8,354.72,110.72,101.08,78.52,1,-1,-1,-1
12,9,233.72,106.70,103.67,71.98,1,-1,-1,-1
12,11,29.22,849.99,136.88,132.05,1,-1,-1,-1
12,13,745.98,520.99,147.46,160.83,1,-1,-1,-1
13,1,943.03,485.88,167.72,217.12,1,-1,-1,-1
13,5,1696.21,113.17,116.33,90.46,1,-1,-1,-1
13,6,1572.16,108.14,111.21,88.96,1,-1,-1,-1
13,7,111.31,114.80,103.17,77.29,1,-1,-1,-1
13,8,355.09,111.01,101.79,79.33,1,-1,-1,-1
13,9,233.80,109.43,103.65,71.33,1,-1,-1,-1
13,11,29.39,849.90,137.39,132.24,1,-1,-1,-1
13,13,773.34,533.66,140.02,140.85,1,-1,-1,-1
14,1,968.13,477.10,166.05,212.67,1,-1,-1,-1
14,5,1696.17,113.04,115.66,88.83,1,-1,-1,-1
14,6,1572.56,108.36,110.48,88.66,1,-1,-1,-1
14,7,114.60,115.05,100.74,77.06,1,-1,-1,-1
14,8,354.44,110.18,100.84,78.83,1,-1,-1,-1
14,9,232.03,112.80,105.18,72.43,1,-1,-1,-1
14,11,29.88,849.78,137.40,132.25,1,-1,-1,-1
14,13,792.93,535.94,133.65,125.50,1,-1,-1,-1
15,1,976.21,462.98,164.60,213.44,1,-1,-1,-1
15,5,1694.80,113.45,116.43,88.75,1,-1,-1,-1
15,6,1572.58,108.51,110.37,88.24,1,-1,-1,-1
15,7,116.55,115.60,99.32,77.80,1,-1,-1,-1
15,8,354.71,111.77,101.07,80.23,1,-1,-1,-1
15,9,228.61,115.59,107.94,73.53,1,-1,-1,-1
15,11,29.97,849.75,137.45,132.25,1,-1,-1,-1
15,13,795.76,514.64,133.47,128.63,1,-1,-1,-1
16,1,978.30,458.53,162.75,211.33,1,-1,-1,-1
16,5,1695.09,113.76,116.81,88.34,1,-1,-1,-1
16,6,1572.93,108.70,109.84,88.04,1,-1,-1,-1
16,7,118.00,115.84,97.87,78.31,1,-1,-1,-1
16,8,354.49,111.53,101.13,81.47,1,-1,-1,-1
16,9,227.74,116.42,109.79,73.92,1,-1,-1,-1
16,11,30.20,849.57,137.30,132.33,1,-1,-1,-1
16,13,795.32,517.66,131.04,120.46,1,-1,-1,-1
17,1,940.68,453.29,162.64,211.52,1,-1,-1,-1
17,5,1693.84,113.58,117.81,91.67,1,-1,-1,-1
17,6,1574.01,108.84,109.17,87.98,1,-1,-1,-1
17,7,119.43,116.17,97.01,79.40,1,-1,-1,-1
17,8,354.93,109.60,102.44,79.40,1,-1,-1,-1
17,9,231.85,113.18,107.55,73.01,1,-1,-1,-1
17,11,30.00,849.69,137.27,132.38,1,-1,-1,-1
18,1,913.15,452.40,162.61,212.79,1,-1,-1,-1
18,5,1695.35,111.60,116.69,92.02,1,-1,-1,-1
18,6,1573.72,108.95,109.44,88.10,1,-1,-1,-1
18,7,119.81,116.13,96.66,80.47,1,-1,-1,-1
18,8,354.36,108.80,103.40,77.88,1,-1,-1,-1
18,9,232.44,113.01,106.22,72.21,1,-1,-1,-1
18,11,29.98,849.59,137.14,132.46,1,-1,-1,-1
18,14,693.30,501.25,157.98,145.35,1,-1,-1,-1
19,1,873.85,456.68,164.78,217.46,1,-1,-1,-1
19,5,1693.27,112.58,117.96,92.01,1,-1,-1,-1
19,6,1573.93,109.12,109.69,88.65,1,-1,-1,-1
19,7,114.60,116.11,100.30,78.90,1,-1,-1,-1
19,8,354.14,108.97,101.98,76.57,1,-1,-1,-1
19,9,232.14,109.73,106.44,74.17,1,-1,-1,-1
19,11,29.73,849.48,137.43,132.50,1,-1,-1,-1
19,14,646.15,458.55,181.94,183.71,1,-1,-1,-1
20,1,852.71,513.33,165.34,188.02,1,-1,-1,-1
20,5,1693.74,112.35,117.82,90.35,1,-1,-1,-1
20,6,1574.06,108.97,109.80,88.82,1,-1,-1,-1
20,7,117.88,116.09,98.20,79.37,1,-1,-1,-1
20,8,355.48,110.06,102.68,78.10,1,-1,-1,-1
20,9,232.72,106.29,105.67,74.72,1,-1,-1,-1
20,11,29.85,849.42,137.38,132.53,1,-1,-1,-1
20,14,631.61,458.03,189.66,199.26,1,-1,-1,-1
21,1,860.28,494.54,166.75,198.79,1,-1,-1,-1
21,5,1695.74,112.57,116.42,89.89,1,-1,-1,-1
21,6,1575.87,108.85,107.99,88.08,1,-1,-1,-1
21,7,114.28,114.87,99.95,75.55,1,-1,-1,-1
21,8,355.32,110.85,102.51,79.11,1,-1,-1,-1
21,9,231.19,107.60,106.04,74.89,1,-1,-1,-1
21,11,29.68,849.48,137.30,132.82,1,-1,-1,-1
21,14,643.63,454.02,201.19,211.43,1,-1,-1,-1
22,1,885.79,486.20,166.64,206.13,1,-1,-1,-1
22,5,1697.64,113.35,115.11,89.75,1,-1,-1,-1
22,6,1576.45,109.30,107.31,88.53,1,-1,-1,-1
22,7,116.88,116.91,98.50,77.60,1,-1,-1,-1
22,8,354.45,109.61,101.65,78.16,1,-1,-1,-1
22,9,229.89,111.00,106.87,75.75,1,-1,-1,-1
22,11,29.65,849.80,137.55,132.86,1,-1,-1,-1
22,14,673.06,447.66,209.34,219.48,1,-1,-1,-1
23,1,900.27,495.57,163.69,203.71,1,-1,-1,-1
23,5,1701.68,113.42,112.07,89.12,1,-1,-1,-1
23,6,1574.59,108.95,108.07,89.30,1,-1,-1,-1
23,7,118.49,116.49,96.80,77.62,1,-1,-1,-1
23,8,354.46,108.64,100.80,76.43,1,-1,-1,-1
23,9,227.76,112.66,108.42,76.33,1,-1,-1,-1
23,11,29.49,849.96,137.71,132.82,1,-1,-1,-1
23,14,692.05,444.83,210.65,224.47,1,-1,-1,-1
24,1,895.82,483.35,162.87,211.98,1,-1,-1,-1
24,5,1702.29,113.57,110.65,88.92,1,-1,-1,-1
24,6,1572.71,109.12,109.49,89.81,1,-1,-1,-1
24,7,114.36,115.61,99.58,74.64,1,-1,-1,-1
24,8,354.70,110.90,101.36,78.12,1,-1,-1,-1
24,9,228.73,111.15,108.42,76.55,1,-1,-1,-1
24,11,29.29,849.86,138.10,132.98,1,-1,-1,-1
24,14,686.43,448.70,208.16,225.19,1,-1,-1,-1
25,1,891.77,481.55,160.33,215.88,1,-1,-1,-1
25,5,1699.59,113.09,111.19,87.88,1,-1,-1,-1
25,6,1573.22,108.77,109.33,89.66,1,-1,-1,-1
25,7,112.31,120.87,105.22,81.24,1,-1,-1,-1
25,8,354.92,111.33,101.60,79.00,1,-1,-1,-1
25,9,220.36,114.92,114.35,80.47,1,-1,-1,-1
25,11,29.50,849.97,138.01,132.90,1,-1,-1,-1
25,14,674.88,459.70,189.24,218.04,1,-1,-1,-1
26,1,890.28,493.39,158.41,210.95,1,-1,-1,-1
26,5,1698.13,113.13,111.83,87.20,1,-1,-1,-1
26,6,1573.42,108.63,109.23,89.49,1,-1,-1,-1
26,7,110.74,121.82,108.99,85.98,1,-1,-1,-1
26,8,354.87,111.14,101.55,79.63,1,-1,-1,-1
26,9,221.57,111.38,114.72,78.06,1,-1,-1,-1
26,11,29.60,849.96,137.98,132.93,1,-1,-1,-1
26,14,673.13,462.50,176.77,214.83,1,-1,-1,-1
27,1,879.75,525.84,158.29,186.63,1,-1,-1,-1
27,5,1699.18,113.88,111.55,86.91,1,-1,-1,-1
27,6,1575.67,108.35,107.65,88.42,1,-1,-1,-1
27,7,109.37,121.44,110.01,88.86,1,-1,-1,-1
27,8,354.47,110.83,100.59,80.06,1,-1,-1,-1
27,9,225.69,110.65,112.82,75.77,1,-1,-1,-1
27,11,29.84,850.01,138.02,132.92,1,-1,-1,-1
27,14,667.97,456.22,169.91,216.55,1,-1,-1,-1
28,1,877.96,499.12,158.41,196.04,1,-1,-1,-1
28,5,1700.36,114.41,111.08,87.02,1,-1,-1,-1
28,6,1576.23,108.44,106.71,87.69,1,-1,-1,-1
28,7,109.74,120.81,110.67,90.92,1,-1,-1,-1
28,8,354.60,110.70,100.42,80.48,1,-1,-1,-1
28,9,219.68,114.95,116.71,79.16,1,-1,-1,-1
28,11,29.96,849.97,138.00,132.91,1,-1,-1,-1
28,14,672.74,478.76,162.69,201.28,1,-1,-1,-1
29,1,889.64,489.81,157.66,201.86,1,-1,-1,-1
29,5,1700.10,114.50,111.16,87.32,1,-1,-1,-1
29,6,1575.37,108.76,108.17,88.06,1,-1,-1,-1
29,8,355.17,110.73,100.24,80.94,1,-1,-1,-1
29,9,224.94,111.32,114.33,76.48,1,-1,-1,-1
29,14,687.24,491.92,156.80,190.03,1,-1,-1,-1
30,1,897.35,486.18,156.96,207.49,1,-1,-1,-1
30,5,1698.62,114.59,111.97,87.26,1,-1,-1,-1
30,6,1574.65,108.78,108.91,88.08,1,-1,-1,-1
30,8,355.99,110.84,99.48,81.39,1,-1,-1,-1
30,9,227.75,111.85,111.34,74.15,1,-1,-1,-1
30,11,30.49,849.74,137.48,132.71,1,-1,-1,-1
30,14,698.83,508.42,153.17,177.98,1,-1,-1,-1
31,1,895.76,486.75,156.17,209.86,1,-1,-1,-1
31,5,1699.90,114.83,111.57,86.84,1,-1,-1,-1
31,6,1574.73,108.79,108.28,87.27,1,-1,-1,-1
31,8,355.58,111.69,99.58,82.99,1,-1,-1,-1
31,9,229.66,112.47,109.10,71.97,1,-1,-1,-1
31,11,30.67,849.78,137.28,132.64,1,-1,-1,-1
31,14,699.34,516.88,149.47,169.94,1,-1,-1,-1
32,1,892.86,482.59,154.73,212.11,1,-1,-1,-1
32,5,1699.47,114.94,111.94,86.69,1,-1,-1,-1
32,6,1573.86,108.74,108.63,87.25,1,-1,-1,-1
32,8,355.35,111.65,99.68,84.05,1,-1,-1,-1
32,9,231.14,112.97,107.10,70.40,1,-1,-1,-1
32,11,30.72,849.70,137.20,132.67,1,-1,-1,-1
32,14,700.17,525.71,145.62,159.99,1,-1,-1,-1
33,1,882.78,516.15,155.25,189.18,1,-1,-1,-1
33,5,1698.35,115.43,113.02,87.43,1,-1,-1,-1
33,6,1573.88,108.95,108.59,87.70,1,-1,-1,-1
33,8,354.64,111.22,99.91,84.73,1,-1,-1,-1
33,9,229.59,113.76,107.33,69.41,1,-1,-1,-1
33,11,30.63,849.63,137.32,132.76,1,-1,-1,-1
33,14,690.62,512.00,145.50,164.22,1,-1,-1,-1
34,1,869.65,534.54,154.64,171.57,1,-1,-1,-1
34,5,1697.56,115.49,113.86,87.89,1,-1,-1,-1
34,6,1573.89,109.70,108.87,89.20,1,-1,-1,-1
34,8,354.77,111.20,100.70,85.37,1,-1,-1,-1
34,9,231.25,113.73,106.88,68.59,1,-1,-1,-1
34,11,30.62,849.50,137.32,132.76,1,-1,-1,-1
34,14,681.20,508.15,144.89,165.77,1,-1,-1,-1
35,1,862.33,508.10,156.66,180.32,1,-1,-1,-1
35,5,1696.24,115.29,114.52,87.91,1,-1,-1,-1
35,6,1573.50,109.28,109.20,89.71,1,-1,-1,-1
35,8,354.65,110.68,100.96,85.48,1,-1,-1,-1
35,9,231.11,114.00,106.52,68.16,1,-1,-1,-1
35,11,30.69,849.51,137.41,132.75,1,-1,-1,-1
35,14,681.30,494.63,144.97,172.88,1,-1,-1,-1
36,1,868.48,505.01,156.04,181.95,1,-1,-1,-1
36,5,1694.98,115.55,115.33,88.22,1,-1,-1,-1
36,6,1573.53,108.71,108.96,89.43,1,-1,-1,-1
36,8,355.29,108.83,102.79,83.75,1,-1,-1,-1
36,9,232.38,114.21,105.12,68.10,1,-1,-1,-1
36,11,30.39,849.52,138.15,133.82,1,-1,-1,-1
36,14,687.26,496.51,145.45,172.56,1,-1,-1,-1
37,1,901.29,483.47,161.82,196.10,1,-1,-1,-1
37,5,1693.78,111.42,115.57,89.41,1,-1,-1,-1
37,6,1572.70,108.60,109.45,89.16,1,-1,-1,-1
37,8,354.48,109.55,101.99,83.34,1,-1,-1,-1
37,9,232.24,112.53,105.31,69.44,1,-1,-1,-1
37,11,30.63,849.48,138.37,133.74,1,-1,-1,-1
37,14,729.48,491.88,145.63,173.56,1,-1,-1,-1
38,1,926.43,480.45,161.16,203.32,1,-1,-1,-1
38,5,1698.92,111.00,112.94,88.94,1,-1,-1,-1
38,6,1572.88,108.35,109.64,88.93,1,-1,-1,-1
38,7,116.54,114.54,101.74,87.72,1,-1,-1,-1
38,8,354.83,109.29,101.46,81.85,1,-1,-1,-1
38,9,233.18,111.01,104.62,70.21,1,-1,-1,-1
38,11,30.78,849.50,138.19,133.68,1,-1,-1,-1
38,14,759.01,516.89,145.11,157.28,1,-1,-1,-1
39,1,929.92,486.73,157.63,202.69,1,-1,-1,-1
39,5,1698.87,110.84,112.22,89.61,1,-1,-1,-1
39,6,1572.73,108.88,109.84,89.42,1,-1,-1,-1
39,8,354.71,109.83,101.01,81.54,1,-1,-1,-1
39,9,233.26,110.96,104.46,70.75,1,-1,-1,-1
39,11,30.84,849.46,138.00,133.58,1,-1,-1,-1
39,14,764.62,524.43,143.28,148.86,1,-1,-1,-1
40,1,915.00,474.10,158.37,210.02,1,-1,-1,-1
40,5,1697.52,112.69,113.14,89.34,1,-1,-1,-1
40,6,1574.66,108.69,108.50,88.58,1,-1,-1,-1
40,8,355.59,110.84,100.77,82.47,1,-1,-1,-1
40,9,234.15,111.91,104.09,69.98,1,-1,-1,-1
40,11,30.81,849.48,137.74,133.47,1,-1,-1,-1
40,14,757.48,513.37,142.86,151.72,1,-1,-1,-1
41,1,907.57,481.58,155.68,209.24,1,-1,-1,-1
41,5,1698.85,113.67,112.67,88.68,1,-1,-1,-1
41,6,1575.29,108.64,106.96,87.80,1,-1,-1,-1
41,8,354.86,110.78,100.26,82.86,1,-1,-1,-1
41,9,234.65,113.77,103.63,68.83,1,-1,-1,-1
41,11,30.90,849.43,137.90,133.50,1,-1,-1,-1
41,14,747.50,514.37,142.02,154.38,1,-1,-1,-1
41,15,1783.34,926.88,135.76,153.06,1,-1,-1,-1
42,1,902.97,487.25,153.72,212.59,1,-1,-1,-1
42,5,1697.65,114.62,113.76,88.32,1,-1,-1,-1
42,6,1575.53,109.15,105.13,87.76,1,-1,-1,-1
42,7,120.05,113.97,98.01,83.60,1,-1,-1,-1
42,8,354.44,111.26,100.60,84.12,1,-1,-1,-1
42,9,235.20,114.04,103.23,68.24,1,-1,-1,-1
42,11,30.77,849.51,138.04,133.50,1,-1,-1,-1
42,14,742.56,522.20,140.56,157.86,1,-1,-1,-1
42,15,1783.53,927.03,135.46,152.83,1,-1,-1,-1
43,1,902.26,505.23,152.04,210.87,1,-1,-1,-1
43,5,1698.97,115.04,113.40,87.72,1,-1,-1,-1
43,6,1575.55,109.06,103.79,87.36,1,-1,-1,-1
43,7,118.42,114.97,98.18,83.62,1,-1,-1,-1
43,8,354.39,110.89,101.20,84.66,1,-1,-1,-1
43,9,235.44,113.76,102.96,67.87,1,-1,-1,-1
43,11,30.68,849.54,138.20,133.54,1,-1,-1,-1
43,14,742.98,521.30,140.89,164.82,1,-1,-1,-1
43,15,1783.36,928.23,135.33,151.96,1,-1,-1,-1
44,1,905.20,557.51,153.81,184.65,1,-1,-1,-1
44,5,1699.80,115.25,112.58,87.59,1,-1,-1,-1
44,6,1577.13,109.03,104.02,87.04,1,-1,-1,-1
44,8,354.13,110.46,101.37,84.75,1,-1,-1,-1
44,9,228.85,115.09,106.78,68.60,1,-1,-1,-1
44,11,30.35,849.60,138.76,134.61,1,-1,-1,-1
44,14,751.13,570.22,141.92,141.21,1,-1,-1,-1
44,15,1783.11,928.28,135.54,151.83,1,-1,-1,-1
45,1,925.24,546.20,152.68,186.51,1,-1,-1,-1
45,5,1700.19,114.42,111.91,87.60,1,-1,-1,-1
45,6,1578.48,108.81,103.15,86.13,1,-1,-1,-1
45,7,112.62,113.33,104.34,78.94,1,-1,-1,-1
45,8,353.99,109.66,100.69,84.11,1,-1,-1,-1
45,9,229.33,113.73,108.18,68.85,1,-1,-1,-1
45,11,30.36,849.48,139.49,135.34,1,-1,-1,-1
45,14,775.85,566.39,141.03,138.13,1,-1,-1,-1
46,1,943.36,542.35,149.47,185.10,1,-1,-1,-1
46,5,1699.27,114.01,112.32,87.15,1,-1,-1,-1
46,6,1579.01,108.98,102.61,85.95,1,-1,-1,-1
46,7,114.56,116.43,102.85,82.53,1,-1,-1,-1
46,8,355.54,110.18,100.66,84.94,1,-1,-1,-1
46,11,30.61,849.10,139.44,134.90,1,-1,-1,-1
46,14,800.76,552.37,144.75,141.42,1,-1,-1,-1
47,5,1698.92,114.20,112.66,85.99,1,-1,-1,-1
47,6,1577.56,109.58,104.13,87.76,1,-1,-1,-1
47,7,112.84,114.50,106.19,78.94,1,-1,-1,-1
47,9,248.06,75.02,149.09,96.78,1,-1,-1,-1
47,11,30.06,849.13,140.16,135.57,1,-1,-1,-1
47,15,1780.19,927.64,137.94,152.72,1,-1,-1,-1
48,5,1696.35,115.22,113.36,86.59,1,-1,-1,-1
48,6,1575.77,108.91,104.58,87.80,1,-1,-1,-1
48,7,110.83,114.75,107.96,77.67,1,-1,-1,-1
48,9,247.95,61.34,170.13,111.57,1,-1,-1,-1
48,11,30.09,849.00,140.30,135.05,1,-1,-1,-1
48,15,1780.22,925.32,138.63,154.38,1,-1,-1,-1
49,5,1695.13,114.88,114.15,85.74,1,-1,-1,-1
49,6,1575.76,108.43,105.07,86.88,1,-1,-1,-1
49,7,108.89,115.96,109.30,78.12,1,-1,-1,-1
49,9,241.63,56.50,175.74,118.59,1,-1,-1,-1
49,11,29.79,849.39,141.09,135.50,1,-1,-1,-1
49,15,1779.28,909.37,141.20,165.53,1,-1,-1,-1
50,5,1695.54,114.46,113.73,85.47,1,-1,-1,-1
50,6,1574.82,108.44,105.91,86.90,1,-1,-1,-1
50,7,106.13,115.59,110.60,77.90,1,-1,-1,-1
50,8,354.92,107.97,102.31,81.00,1,-1,-1,-1
50,9,236.23,52.57,175.82,123.38,1,-1,-1,-1
50,11,29.47,849.35,141.55,135.84,1,-1,-1,-1
50,15,1778.74,903.80,142.00,171.52,1,-1,-1,-1
51,5,1694.11,113.30,112.94,85.46,1,-1,-1,-1
51,6,1579.41,108.41,103.40,85.50,1,-1,-1,-1
51,7,107.50,115.41,110.37,76.13,1,-1,-1,-1
51,8,354.78,110.10,102.77,82.80,1,-1,-1,-1
51,9,227.34,54.85,167.53,125.49,1,-1,-1,-1
51,11,28.99,849.31,141.72,136.05,1,-1,-1,-1
52,5,1696.27,113.92,112.32,85.24,1,-1,-1,-1
52,6,1577.04,108.83,104.87,86.79,1,-1,-1,-1
52,7,113.63,116.80,106.18,79.00,1,-1,-1,-1
52,8,355.49,108.32,103.19,79.55,1,-1,-1,-1
52,9,228.99,55.07,161.66,125.61,1,-1,-1,-1
52,11,29.02,849.04,141.48,136.27,1,-1,-1,-1
53,5,1696.78,113.05,112.02,85.83,1,-1,-1,-1
53,6,1576.82,108.78,105.20,86.81,1,-1,-1,-1
53,7,112.45,115.68,107.01,77.89,1,-1,-1,-1
53,8,355.91,109.39,102.32,79.11,1,-1,-1,-1
53,9,228.88,54.51,155.48,125.99,1,-1,-1,-1
53,11,29.61,849.15,141.38,136.25,1,-1,-1,-1
54,5,1696.21,113.55,112.62,85.32,1,-1,-1,-1
54,6,1576.00,109.36,105.96,87.49,1,-1,-1,-1
54,7,107.54,116.36,109.97,77.35,1,-1,-1,-1
54,8,355.81,109.65,101.46,78.61,1,-1,-1,-1
54,9,232.22,52.10,154.24,127.89,1,-1,-1,-1
54,11,29.48,849.46,141.29,135.92,1,-1,-1,-1
55,5,1696.23,114.49,113.02,85.06,1,-1,-1,-1
55,6,1575.43,109.39,106.58,88.04,1,-1,-1,-1
55,7,106.21,117.16,111.28,77.77,1,-1,-1,-1
55,8,355.95,109.51,100.51,77.74,1,-1,-1,-1
55,9,233.44,51.12,151.81,129.52,1,-1,-1,-1
55,11,29.48,849.57,141.20,135.66,1,-1,-1,-1
56,5,1695.50,114.73,113.79,85.07,1,-1,-1,-1
56,6,1574.71,109.35,107.34,88.57,1,-1,-1,-1
56,8,357.32,110.54,101.02,79.26,1,-1,-1,-1
56,9,234.50,49.90,151.05,131.55,1,-1,-1,-1
56,11,29.30,849.57,141.20,135.56,1,-1,-1,-1
56,17,1606.73,442.53,166.05,178.11,1,-1,-1,-1
56,18,1469.99,422.38,163.88,173.11,1,-1,-1,-1
57,5,1696.75,114.16,113.39,85.17,1,-1,-1,-1
57,6,1575.06,109.40,107.47,89.27,1,-1,-1,-1
57,8,355.96,108.46,100.34,76.87,1,-1,-1,-1
57,9,236.08,49.26,151.93,131.63,1,-1,-1,-1
57,11,29.28,849.77,141.12,135.32,1,-1,-1,-1
57,17,1593.51,439.22,164.68,179.29,1,-1,-1,-1
58,5,1699.04,114.32,111.78,84.73,1,-1,-1,-1
58,6,1578.77,107.73,105.32,86.92,1,-1,-1,-1
58,7,106.97,117.29,110.37,77.94,1,-1,-1,-1
58,8,355.73,108.15,99.69,75.48,1,-1,-1,-1
58,9,227.53,57.95,143.30,126.81,1,-1,-1,-1
58,11,29.05,849.74,140.96,135.22,1,-1,-1,-1
58,17,1578.87,439.54,165.84,185.32,1,-1,-1,-1
59,5,1698.18,114.51,111.64,84.20,1,-1,-1,-1
59,6,1576.80,108.08,106.08,86.73,1,-1,-1,-1
59,7,110.31,117.26,106.95,79.92,1,-1,-1,-1
59,8,355.97,108.24,100.48,74.34,1,-1,-1,-1
59,9,232.29,52.32,144.71,128.88,1,-1,-1,-1
59,11,29.10,849.91,140.63,135.03,1,-1,-1,-1
59,17,1570.69,456.55,164.14,185.45,1,-1,-1,-1
60,5,1699.67,114.60,110.52,83.37,1,-1,-1,-1
60,6,1575.63,108.39,106.86,86.80,1,-1,-1,-1
60,7,112.66,117.00,105.05,81.61,1,-1,-1,-1
60,8,355.66,109.27,100.11,73.99,1,-1,-1,-1
60,9,235.31,49.36,146.81,130.20,1,-1,-1,-1
60,11,29.06,849.97,140.41,134.98,1,-1,-1,-1
60,16,158.58,552.06,129.50,88.46,1,-1,-1,-1
60,17,1568.88,468.82,162.68,186.86,1,-1,-1,-1
60,19,1318.75,471.46,136.72,100.15,1,-1,-1,-1
61,5,1699.91,114.89,109.83,82.60,1,-1,-1,-1
61,6,1574.70,108.51,107.57,86.88,1,-1,-1,-1
61,7,114.87,116.32,102.63,83.55,1,-1,-1,-1
61,8,355.44,109.55,99.48,73.57,1,-1,-1,-1
61,9,224.82,75.72,139.19,114.67,1,-1,-1,-1
61,11,29.61,850.44,139.81,134.77,1,-1,-1,-1
61,16,165.48,558.13,121.27,81.45,1,-1,-1,-1
61,17,1572.37,482.16,159.39,181.47,1,-1,-1,-1
61,19,1327.81,471.50,131.17,97.57,1,-1,-1,-1
62,5,1698.32,114.75,110.55,82.78,1,-1,-1,-1
62,6,1576.98,107.44,106.54,85.29,1,-1,-1,-1
62,8,355.37,109.52,100.03,73.16,1,-1,-1,-1
62,9,223.95,84.49,132.23,106.39,1,-1,-1,-1
62,11,29.53,850.49,139.65,134.82,1,-1,-1,-1
63,5,1696.22,114.34,112.24,83.57,1,-1,-1,-1
63,6,1575.06,108.36,107.66,85.88,1,-1,-1,-1
63,8,355.90,109.38,99.82,72.95,1,-1,-1,-1
63,9,224.26,90.36,126.19,99.40,1,-1,-1,-1
63,11,29.43,850.67,139.63,134.74,1,-1,-1,-1
64,5,1695.19,114.09,112.43,84.03,1,-1,-1,-1
64,6,1576.66,109.77,107.03,87.19,1,-1,-1,-1
64,7,109.17,113.24,108.18,77.18,1,-1,-1,-1
64,8,355.85,109.26,99.88,72.53,1,-1,-1,-1
64,9,223.63,98.71,122.79,91.15,1,-1,-1,-1
64,11,29.62,850.45,139.34,133.90,1,-1,-1,-1
65,5,1697.11,115.77,113.35,85.28,1,-1,-1,-1
65,6,1575.85,110.01,107.75,88.22,1,-1,-1,-1
65,7,106.90,112.78,110.21,73.90,1,-1,-1,-1
65,8,356.78,111.14,99.04,74.62,1,-1,-1,-1
65,9,225.06,103.29,119.54,84.97,1,-1,-1,-1
65,11,29.73,850.43,139.31,133.28,1,-1,-1,-1
66,5,1695.56,116.08,115.46,86.85,1,-1,-1,-1
66,6,1575.11,109.99,108.36,89.05,1,-1,-1,-1
66,7,106.13,113.08,111.29,71.92,1,-1,-1,-1
66,8,356.55,110.00,100.33,74.21,1,-1,-1,-1
66,9,226.33,105.44,116.88,80.93,1,-1,-1,-1
66,11,29.80,850.51,139.27,132.82,1,-1,-1,-1
67,5,1694.50,115.99,116.38,87.12,1,-1,-1,-1
67,6,1573.93,109.78,109.31,89.82,1,-1,-1,-1
67,7,105.89,113.05,111.56,71.23,1,-1,-1,-1
67,8,356.36,109.28,100.57,73.89,1,-1,-1,-1
67,9,227.29,107.32,114.67,77.75,1,-1,-1,-1
67,11,30.01,850.56,139.15,132.54,1,-1,-1,-1
68,5,1691.28,115.05,118.82,87.73,1,-1,-1,-1
68,6,1573.25,109.78,110.06,90.84,1,-1,-1,-1
68,7,111.29,116.66,108.58,75.13,1,-1,-1,-1
68,8,355.63,109.06,101.00,73.92,1,-1,-1,-1
68,9,238.38,76.07,135.26,96.44,1,-1,-1,-1
68,11,30.00,850.89,139.63,133.11,1,-1,-1,-1
69,5,1691.21,114.61,121.20,88.89,1,-1,-1,-1
69,6,1572.69,109.79,110.86,91.70,1,-1,-1,-1
69,7,115.50,117.07,105.24,78.00,1,-1,-1,-1
69,9,243.42,60.30,151.06,109.82,1,-1,-1,-1
69,11,29.74,850.81,139.95,133.61,1,-1,-1,-1
70,5,1690.14,114.16,122.40,88.69,1,-1,-1,-1
70,6,1572.18,109.31,111.62,91.54,1,-1,-1,-1
70,7,109.09,115.74,108.25,76.35,1,-1,-1,-1
70,8,356.74,109.80,98.51,74.32,1,-1,-1,-1
70,9,228.22,84.62,140.45,99.80,1,-1,-1,-1
70,11,29.70,850.62,139.96,133.97,1,-1,-1,-1
71,5,1689.42,113.88,123.35,88.52,1,-1,-1,-1
71,6,1571.82,109.12,112.21,91.46,1,-1,-1,-1
71,7,113.99,116.74,104.93,79.08,1,-1,-1,-1
71,8,357.34,109.94,97.01,74.70,1,-1,-1,-1
71,9,224.64,95.86,131.85,92.16,1,-1,-1,-1
71,11,29.78,850.53,139.93,134.22,1,-1,-1,-1
72,5,1689.90,113.59,123.42,88.62,1,-1,-1,-1
72,6,1572.04,108.56,111.95,91.22,1,-1,-1,-1
72,7,116.00,116.31,102.35,80.93,1,-1,-1,-1
72,8,355.93,106.98,98.22,74.94,1,-1,-1,-1
72,9,234.60,70.29,141.75,104.63,1,-1,-1,-1
72,11,30.09,850.22,139.38,133.61,1,-1,-1,-1
72,20,436.00,473.51,118.71,81.76,1,-1,-1,-1
73,5,1690.52,113.82,122.96,88.02,1,-1,-1,-1
73,6,1574.32,108.27,110.57,90.91,1,-1,-1,-1
73,7,108.42,114.05,107.28,76.74,1,-1,-1,-1
73,8,354.94,104.61,98.88,75.79,1,-1,-1,-1
73,9,238.21,58.89,148.89,113.81,1,-1,-1,-1
73,11,30.30,850.18,138.96,133.18,1,-1,-1,-1
73,20,433.99,478.06,117.06,77.62,1,-1,-1,-1
74,5,1692.83,114.59,122.05,87.77,1,-1,-1,-1
74,6,1574.09,108.77,110.02,91.57,1,-1,-1,-1
74,7,105.54,113.57,110.28,74.25,1,-1,-1,-1
74,8,356.24,107.20,97.60,75.37,1,-1,-1,-1
74,9,226.44,82.81,139.79,102.74,1,-1,-1,-1
74,11,30.73,850.26,138.49,132.85,1,-1,-1,-1
75,5,1695.89,114.29,119.53,87.28,1,-1,-1,-1
75,6,1576.68,108.03,107.84,90.67,1,-1,-1,-1
75,7,105.57,113.76,111.10,72.94,1,-1,-1,-1
75,8,356.24,107.98,98.84,74.47,1,-1,-1,-1
75,9,230.22,67.42,140.19,109.39,1,-1,-1,-1
75,11,31.02,850.33,138.07,132.59,1,-1,-1,-1
76,5,1694.29,114.48,119.71,87.30,1,-1,-1,-1
76,6,1572.69,108.03,110.39,90.35,1,-1,-1,-1
76,7,103.63,113.97,113.13,71.75,1,-1,-1,-1
76,8,356.23,108.51,99.77,73.81,1,-1,-1,-1
76,9,224.01,88.60,133.41,98.27,1,-1,-1,-1
76,11,31.07,850.43,137.89,132.39,1,-1,-1,-1
77,5,1692.96,113.85,120.49,87.77,1,-1,-1,-1
77,6,1574.74,107.76,109.63,89.63,1,-1,-1,-1
77,7,103.30,114.38,114.02,70.42,1,-1,-1,-1
77,8,356.15,108.80,100.73,73.37,1,-1,-1,-1
77,9,223.15,99.31,127.53,89.79,1,-1,-1,-1
77,11,31.04,850.54,137.81,132.24,1,-1,-1,-1
78,5,1693.06,114.31,120.27,87.45,1,-1,-1,-1
78,6,1574.51,108.14,109.54,89.46,1,-1,-1,-1
78,7,105.25,115.09,113.43,69.29,1,-1,-1,-1
78,8,355.91,109.12,102.40,73.12,1,-1,-1,-1
78,9,225.19,103.19,122.06,84.37,1,-1,-1,-1
78,11,31.00,850.61,137.83,132.13,1,-1,-1,-1
79,5,1692.88,115.07,120.20,87.43,1,-1,-1,-1
79,6,1573.42,109.02,110.28,90.30,1,-1,-1,-1
79,8,355.07,109.31,103.21,72.92,1,-1,-1,-1
79,9,227.23,105.70,117.74,80.27,1,-1,-1,-1
79,11,31.05,850.67,137.73,132.04,1,-1,-1,-1
79,21,419.87,419.99,126.59,86.86,1,-1,-1,-1
80,5,1691.79,115.11,120.67,88.09,1,-1,-1,-1
80,6,1572.98,109.00,110.55,90.83,1,-1,-1,-1
80,7,112.45,117.65,107.91,73.40,1,-1,-1,-1
80,8,355.03,111.49,102.26,75.62,1,-1,-1,-1
80,9,228.61,108.12,114.50,76.83,1,-1,-1,-1
80,11,31.14,850.78,137.66,131.92,1,-1,-1,-1
81,5,1691.58,114.79,121.32,88.48,1,-1,-1,-1
81,6,1574.68,108.67,109.88,90.61,1,-1,-1,-1
81,7,114.26,117.50,104.49,76.42,1,-1,-1,-1
81,8,354.59,110.08,102.93,75.59,1,-1,-1,-1
81,9,230.32,108.63,111.78,74.86,1,-1,-1,-1
81,11,30.94,850.88,137.74,131.81,1,-1,-1,-1
81,21,441.36,440.23,126.45,88.49,1,-1,-1,-1
82,5,1693.76,114.95,119.20,88.16,1,-1,-1,-1
82,6,1570.21,110.84,112.53,93.76,1,-1,-1,-1
82,7,109.95,115.23,108.06,73.58,1,-1,-1,-1
82,9,246.48,78.32,135.82,95.26,1,-1,-1,-1
82,11,30.90,850.98,137.73,131.74,1,-1,-1,-1
83,5,1696.07,115.64,117.31,88.54,1,-1,-1,-1
83,6,1573.47,110.60,110.95,94.91,1,-1,-1,-1
83,7,113.66,117.49,104.54,76.94,1,-1,-1,-1
83,8,355.18,110.54,101.38,77.28,1,-1,-1,-1
83,9,232.97,94.22,129.01,88.57,1,-1,-1,-1
83,11,31.12,851.02,137.54,131.69,1,-1,-1,-1
84,5,1698.60,116.47,116.26,89.91,1,-1,-1,-1
84,6,1574.98,107.71,109.10,91.80,1,-1,-1,-1
84,7,112.59,116.02,105.38,75.26,1,-1,-1,-1
84,9,249.40,68.99,152.95,106.57,1,-1,-1,-1
84,11,30.03,851.11,137.39,131.82,1,-1,-1,-1
84,21,440.90,478.39,130.25,89.63,1,-1,-1,-1
85,5,1699.94,115.42,114.50,89.53,1,-1,-1,-1
85,6,1572.65,108.87,110.28,92.32,1,-1,-1,-1
85,7,113.35,117.18,103.51,77.05,1,-1,-1,-1
85,8,355.76,110.38,100.09,78.60,1,-1,-1,-1
85,9,238.39,59.41,153.72,113.76,1,-1,-1,-1
86,5,1694.25,114.65,116.96,88.35,1,-1,-1,-1
86,6,1572.84,110.14,110.01,93.86,1,-1,-1,-1
86,7,111.48,115.90,105.52,75.61,1,-1,-1,-1
86,8,355.08,108.82,101.27,76.82,1,-1,-1,-1
86,9,236.62,57.10,155.87,118.02,1,-1,-1,-1
87,5,1695.65,114.20,116.03,87.43,1,-1,-1,-1
87,6,1574.26,108.85,109.08,93.01,1,-1,-1,-1
87,7,110.65,115.70,107.24,74.73,1,-1,-1,-1
87,8,354.57,108.50,102.04,75.49,1,-1,-1,-1
87,9,223.98,81.70,145.40,105.74,1,-1,-1,-1
88,5,1699.28,113.88,113.78,86.03,1,-1,-1,-1
88,6,1576.27,108.52,107.54,91.69,1,-1,-1,-1
88,8,354.45,108.58,102.57,74.56,1,-1,-1,-1
88,9,221.90,92.36,136.19,96.90,1,-1,-1,-1
89,5,1702.18,114.06,111.42,84.62,1,-1,-1,-1
89,6,1577.44,108.52,106.46,90.36,1,-1,-1,-1
89,8,353.55,108.86,102.78,73.83,1,-1,-1,-1
89,9,219.54,101.65,131.18,88.22,1,-1,-1,-1
89,11,32.75,851.35,133.71,130.50,1,-1,-1,-1
90,5,1703.65,113.74,109.93,82.23,1,-1,-1,-1
90,6,1578.02,109.00,105.71,89.41,1,-1,-1,-1
90,8,353.78,110.96,101.32,75.45,1,-1,-1,-1
90,9,219.52,106.98,126.88,82.16,1,-1,-1,-1
90,11,34.48,851.77,131.12,130.56,1,-1,-1,-1
91,5,1703.85,114.32,109.50,81.13,1,-1,-1,-1
91,6,1575.10,115.37,108.52,97.77,1,-1,-1,-1
91,7,113.63,118.77,105.14,79.65,1,-1,-1,-1
91,8,361.00,109.09,114.51,77.77,1,-1,-1,-1
91,9,219.52,110.33,124.05,77.78,1,-1,-1,-1
92,5,1701.00,123.81,112.97,91.61,1,-1,-1,-1
92,6,1572.52,118.32,111.19,106.37,1,-1,-1,-1
92,7,114.63,118.00,104.08,82.36,1,-1,-1,-1
92,8,358.14,108.94,119.10,78.36,1,-1,-1,-1
92,9,220.44,112.27,121.51,74.92,1,-1,-1,-1
93,5,1702.63,116.08,110.74,88.00,1,-1,-1,-1
93,6,1572.78,119.64,111.99,114.71,1,-1,-1,-1
93,8,352.21,112.00,114.62,81.27,1,-1,-1,-1
94,5,1704.76,113.71,107.57,85.61,1,-1,-1,-1
94,6,1574.66,115.74,111.14,117.61,1,-1,-1,-1
94,8,349.19,112.25,111.39,83.12,1,-1,-1,-1
95,5,1706.39,112.97,104.88,83.45,1,-1,-1,-1
95,6,1575.49,116.41,110.27,122.27,1,-1,-1,-1
95,11,37.22,851.61,124.97,129.28,1,-1,-1,-1
96,5,1711.10,110.35,100.27,79.45,1,-1,-1,-1
96,6,1580.11,104.06,109.21,106.87,1,-1,-1,-1
96,11,37.80,852.76,123.37,127.71,1,-1,-1,-1
96,25,1494.89,121.47,103.95,74.60,1,-1,-1,-1
97,5,1713.43,109.35,94.94,74.82,1,-1,-1,-1
97,24,1353.90,349.56,212.33,204.89,1,-1,-1,-1
97,25,1502.14,122.31,97.46,72.10,1,-1,-1,-1
97,26,1380.11,118.33,94.11,76.23,1,-1,-1,-1
98,24,1405.97,431.47,218.20,187.51,1,-1,-1,-1
98,25,1505.22,123.03,95.15,72.07,1,-1,-1,-1
98,26,1382.05,119.15,94.52,76.51,1,-1,-1,-1
99,25,1508.21,123.99,93.32,72.89,1,-1,-1,-1
99,26,1389.51,117.30,113.22,80.56,1,-1,-1,-1
100,25,1510.61,124.03,92.54,73.83,1,-1,-1,-1
100,26,1384.18,117.45,103.10,76.31,1,-1,-1,-1
101,25,1510.70,122.96,93.50,74.19,1,-1,-1,-1
101,26,1382.82,117.82,97.98,74.14,1,-1,-1,-1
102,25,1505.72,122.85,93.48,75.01,1,-1,-1,-1
102,26,1381.88,118.49,96.36,74.67,1,-1,-1,-1
102,27,1367.30,367.60,254.09,232.00,1,-1,-1,-1
103,25,1507.55,124.59,90.82,77.10,1,-1,-1,-1
103,26,1387.11,118.59,111.59,77.45,1,-1,-1,-1
103,28,561.30,117.08,98.08,80.13,1,-1,-1,-1
104,25,1509.38,125.13,88.48,79.13,1,-1,-1,-1
104,26,1387.94,118.24,125.24,79.44,1,-1,-1,-1
104,28,561.59,117.24,98.08,79.93,1,-1,-1,-1
105,25,1511.01,124.83,86.23,80.36,1,-1,-1,-1
105,26,1385.61,118.31,130.77,79.26,1,-1,-1,-1
105,28,560.48,116.69,96.74,78.20,1,-1,-1,-1
106,25,1511.81,123.97,84.66,80.75,1,-1,-1,-1
106,26,1385.67,118.03,139.71,80.45,1,-1,-1,-1
106,28,561.51,116.88,96.12,77.18,1,-1,-1,-1
106,30,1337.33,301.54,178.66,164.83,1,-1,-1,-1
107,25,1510.09,123.50,85.15,81.55,1,-1,-1,-1
107,26,1375.10,117.25,124.25,78.49,1,-1,-1,-1
107,28,561.97,117.00,95.70,76.58,1,-1,-1,-1
107,29,430.08,118.91,100.78,77.58,1,-1,-1,-1
108,25,1508.33,123.02,86.18,82.26,1,-1,-1,-1
108,26,1374.33,117.47,113.31,76.89,1,-1,-1,-1
108,28,563.82,117.04,93.60,75.30,1,-1,-1,-1
109,25,1507.94,122.89,86.55,82.81,1,-1,-1,-1
109,26,1376.00,117.83,105.01,75.52,1,-1,-1,-1
109,28,565.08,117.38,92.03,74.19,1,-1,-1,-1
110,25,1508.59,122.93,86.13,83.17,1,-1,-1,-1
110,26,1377.80,118.33,98.47,74.42,1,-1,-1,-1
110,28,565.01,117.70,91.66,73.79,1,-1,-1,-1
110,30,1293.62,296.30,184.82,192.74,1,-1,-1,-1
111,25,1508.29,122.74,86.26,83.43,1,-1,-1,-1
111,26,1385.60,119.53,105.90,75.44,1,-1,-1,-1
111,28,564.48,117.75,91.78,73.76,1,-1,-1,-1
111,30,1301.85,284.44,180.00,172.39,1,-1,-1,-1
112,25,1506.09,122.81,87.67,84.23,1,-1,-1,-1
112,26,1388.85,119.84,113.29,76.18,1,-1,-1,-1
112,28,563.86,117.60,92.13,73.87,1,-1,-1,-1
112,30,1294.05,277.90,187.10,171.89,1,-1,-1,-1
113,25,1506.96,122.88,87.35,84.79,1,-1,-1,-1
113,26,1390.67,119.42,122.98,78.90,1,-1,-1,-1
113,28,563.75,117.67,92.49,73.83,1,-1,-1,-1
113,30,1294.18,278.37,231.70,211.61,1,-1,-1,-1
114,25,1507.66,123.31,86.97,85.90,1,-1,-1,-1
114,26,1387.95,113.61,130.15,84.15,1,-1,-1,-1
114,28,563.76,117.67,92.42,73.73,1,-1,-1,-1
114,30,1274.45,264.29,225.07,203.39,1,-1,-1,-1
115,25,1508.94,123.12,86.09,86.43,1,-1,-1,-1
115,26,1386.96,104.88,137.29,92.19,1,-1,-1,-1
115,28,563.85,117.67,92.32,73.68,1,-1,-1,-1
115,30,1264.57,261.29,221.46,200.85,1,-1,-1,-1
116,25,1508.95,123.12,85.87,87.15,1,-1,-1,-1
116,26,1386.25,101.23,141.12,97.80,1,-1,-1,-1
116,28,564.14,117.65,92.17,73.65,1,-1,-1,-1
116,30,1260.47,265.32,226.60,213.48,1,-1,-1,-1
117,25,1509.01,122.55,85.68,87.09,1,-1,-1,-1
117,26,1386.58,101.31,144.43,101.81,1,-1,-1,-1
117,28,564.25,117.75,91.89,73.42,1,-1,-1,-1
117,30,1256.76,263.53,225.71,222.97,1,-1,-1,-1
118,25,1507.58,122.05,86.36,86.66,1,-1,-1,-1
118,26,1386.01,98.44,145.84,106.78,1,-1,-1,-1
118,28,564.24,117.87,92.06,73.35,1,-1,-1,-1
118,30,1256.62,256.79,226.65,226.65,1,-1,-1,-1
119,25,1508.48,121.52,85.75,85.92,1,-1,-1,-1
119,26,1381.69,105.37,142.40,104.10,1,-1,-1,-1
119,28,563.78,118.01,92.20,73.43,1,-1,-1,-1
119,30,1254.36,252.82,223.29,227.65,1,-1,-1,-1
120,25,1512.21,121.38,83.31,85.07,1,-1,-1,-1
120,26,1384.54,102.81,145.34,107.94,1,-1,-1,-1
120,28,563.54,118.03,92.21,73.33,1,-1,-1,-1
120,30,1258.70,250.17,214.16,226.81,1,-1,-1,-1
121,25,1513.78,121.00,81.67,83.78,1,-1,-1,-1
121,26,1386.96,108.14,146.90,106.75,1,-1,-1,-1
121,28,563.52,118.09,92.13,73.18,1,-1,-1,-1
121,30,1265.58,244.59,231.74,230.49,1,-1,-1,-1
122,25,1514.97,120.91,80.20,82.51,1,-1,-1,-1
122,26,1383.56,111.03,146.95,102.55,1,-1,-1,-1
122,28,563.38,118.13,92.17,73.06,1,-1,-1,-1
122,30,1264.27,239.63,241.78,232.88,1,-1,-1,-1
123,25,1514.74,120.67,79.73,80.95,1,-1,-1,-1
123,26,1404.59,113.76,136.74,102.78,1,-1,-1,-1
123,28,563.52,118.14,92.02,72.95,1,-1,-1,-1
124,25,1512.45,121.25,80.72,80.63,1,-1,-1,-1
124,26,1411.20,117.91,130.85,101.93,1,-1,-1,-1
124,28,563.74,118.13,91.81,72.85,1,-1,-1,-1
124,30,1269.34,245.27,246.48,219.83,1,-1,-1,-1
125,25,1511.02,121.62,81.74,80.57,1,-1,-1,-1
125,26,1396.19,118.21,137.85,102.86,1,-1,-1,-1
125,28,563.92,118.19,91.59,72.83,1,-1,-1,-1
126,25,1511.36,121.84,81.94,80.58,1,-1,-1,-1
126,26,1407.31,121.04,132.30,102.32,1,-1,-1,-1
126,28,563.85,118.19,91.66,72.93,1,-1,-1,-1
126,30,1244.98,210.35,224.18,194.48,1,-1,-1,-1
127,25,1511.06,122.16,82.32,80.98,1,-1,-1,-1
127,26,1411.86,122.19,128.79,102.62,1,-1,-1,-1
127,28,563.82,118.12,91.70,72.96,1,-1,-1,-1
127,30,1258.38,252.03,232.47,176.44,1,-1,-1,-1
128,25,1509.66,122.62,83.47,81.96,1,-1,-1,-1
128,26,1401.27,124.78,134.80,102.61,1,-1,-1,-1
128,28,563.90,118.08,91.75,72.96,1,-1,-1,-1
128,30,1272.37,262.94,229.90,168.75,1,-1,-1,-1
129,25,1509.32,122.56,84.01,82.56,1,-1,-1,-1
129,26,1381.57,114.71,122.04,96.25,1,-1,-1,-1
129,28,563.86,118.04,91.90,72.97,1,-1,-1,-1
129,30,1250.09,237.54,220.15,177.03,1,-1,-1,-1
130,25,1508.74,122.23,84.68,82.75,1,-1,-1,-1
130,26,1376.79,112.28,112.61,90.83,1,-1,-1,-1
130,28,563.74,118.05,92.10,72.98,1,-1,-1,-1
130,30,1246.31,224.57,216.34,183.92,1,-1,-1,-1
131,25,1475.74,125.74,105.70,92.72,1,-1,-1,-1
131,26,1376.46,112.58,104.80,86.71,1,-1,-1,-1
131,28,563.18,118.06,92.55,73.08,1,-1,-1,-1
131,30,1248.31,216.34,212.75,190.12,1,-1,-1,-1
132,25,1494.64,120.33,99.07,88.90,1,-1,-1,-1
132,26,1378.00,113.70,99.33,83.58,1,-1,-1,-1
132,28,562.75,118.07,92.97,73.20,1,-1,-1,-1
132,30,1245.97,209.78,206.82,193.53,1,-1,-1,-1
133,25,1504.03,119.80,93.54,86.87,1,-1,-1,-1
133,26,1392.21,121.59,119.87,95.35,1,-1,-1,-1
133,28,562.34,118.11,93.40,73.35,1,-1,-1,-1
133,30,1246.13,207.97,197.70,193.69,1,-1,-1,-1
134,25,1473.64,124.82,111.51,97.12,1,-1,-1,-1
134,26,1379.04,116.59,112.29,91.58,1,-1,-1,-1
134,28,562.54,118.10,93.46,73.38,1,-1,-1,-1
134,30,1248.87,203.76,190.00,194.43,1,-1,-1,-1
135,25,1453.30,126.71,113.29,102.01,1,-1,-1,-1
135,26,1375.37,115.74,106.37,88.88,1,-1,-1,-1
135,28,562.78,118.18,93.33,73.35,1,-1,-1,-1
135,30,1263.24,210.25,203.03,189.46,1,-1,-1,-1
136,25,1446.62,126.88,114.44,106.22,1,-1,-1,-1
136,26,1377.13,114.38,100.88,85.04,1,-1,-1,-1
136,28,563.81,118.19,92.74,73.40,1,-1,-1,-1
136,30,1266.05,205.36,210.87,188.66,1,-1,-1,-1
137,25,1451.55,126.41,121.19,109.94,1,-1,-1,-1
137,26,1378.54,114.87,96.87,82.39,1,-1,-1,-1
137,28,564.30,118.24,92.32,73.45,1,-1,-1,-1
138,25,1455.20,125.84,127.81,113.62,1,-1,-1,-1
138,26,1379.65,115.48,93.61,80.22,1,-1,-1,-1
138,28,564.68,118.23,91.92,73.53,1,-1,-1,-1
138,30,1274.74,200.65,218.52,186.69,1,-1,-1,-1
139,25,1455.09,125.51,130.72,115.89,1,-1,-1,-1
139,26,1380.72,116.17,91.34,78.57,1,-1,-1,-1
139,28,564.35,118.02,91.30,73.44,1,-1,-1,-1
139,30,1276.62,206.99,222.77,178.39,1,-1,-1,-1
140,25,1456.73,124.72,132.10,117.75,1,-1,-1,-1
140,26,1381.96,116.88,89.31,77.51,1,-1,-1,-1
140,28,564.38,117.83,90.81,73.42,1,-1,-1,-1
140,30,1279.69,197.91,226.09,180.01,1,-1,-1,-1
141,25,1459.28,124.50,131.28,119.12,1,-1,-1,-1
141,26,1383.48,116.95,87.47,76.16,1,-1,-1,-1
141,28,563.85,117.76,90.75,73.41,1,-1,-1,-1
141,30,1268.99,187.02,208.37,177.03,1,-1,-1,-1
142,25,1462.97,123.99,130.43,119.87,1,-1,-1,-1
142,26,1384.43,117.00,85.97,74.71,1,-1,-1,-1
142,28,563.70,117.71,90.71,73.33,1,-1,-1,-1
142,30,1269.69,183.66,196.51,178.97,1,-1,-1,-1
143,25,1466.33,123.86,128.66,120.62,1,-1,-1,-1
143,26,1382.81,117.89,86.67,74.29,1,-1,-1,-1
143,28,563.59,117.87,90.93,73.26,1,-1,-1,-1
143,30,1277.45,180.19,192.61,181.14,1,-1,-1,-1
144,25,1469.00,123.94,126.27,120.99,1,-1,-1,-1
144,26,1381.88,118.26,87.65,73.94,1,-1,-1,-1
144,28,563.64,118.04,90.98,73.20,1,-1,-1,-1
144,30,1290.96,178.96,200.51,182.04,1,-1,-1,-1
145,25,1471.49,123.49,123.98,121.01,1,-1,-1,-1
145,26,1382.70,118.01,87.46,73.06,1,-1,-1,-1
145,28,563.87,118.13,90.93,73.09,1,-1,-1,-1
145,30,1293.88,178.10,202.23,181.29,1,-1,-1,-1
146,25,1475.57,123.08,121.45,121.05,1,-1,-1,-1
146,26,1383.95,118.13,87.12,72.34,1,-1,-1,-1
146,28,563.93,118.05,90.92,73.08,1,-1,-1,-1
146,30,1297.20,171.79,204.88,182.66,1,-1,-1,-1
147,25,1479.42,122.76,119.11,120.77,1,-1,-1,-1
147,26,1385.05,118.44,86.74,71.90,1,-1,-1,-1
147,28,563.78,117.98,91.12,73.15,1,-1,-1,-1
147,30,1301.09,167.06,207.64,184.35,1,-1,-1,-1
148,25,1482.70,122.78,116.89,120.58,1,-1,-1,-1
148,26,1386.33,118.88,85.78,72.17,1,-1,-1,-1
148,28,563.60,118.00,91.30,73.16,1,-1,-1,-1
148,30,1302.47,168.99,208.96,182.56,1,-1,-1,-1
149,25,1486.22,122.87,114.92,120.65,1,-1,-1,-1
149,26,1386.58,119.03,85.74,71.99,1,-1,-1,-1
149,28,563.37,118.03,91.57,73.24,1,-1,-1,-1
149,30,1304.34,170.88,211.00,179.52,1,-1,-1,-1
150,25,1489.37,122.97,113.09,121.11,1,-1,-1,-1
150,26,1386.35,119.61,85.84,72.60,1,-1,-1,-1
150,28,563.17,118.02,91.77,73.30,1,-1,-1,-1
150,30,1305.31,164.75,211.86,179.12,1,-1,-1,-1
