2,1,845.48,484.33,187.09,185.17,1,-1,-1,-1
2,2,1153.63,544.10,173.22,173.60,1,-1,-1,-1
2,4,1307.12,448.85,154.73,129.36,1,-1,-1,-1
2,5,1699.89,114.63,109.35,83.65,1,-1,-1,-1
2,6,1572.21,109.01,110.95,86.20,1,-1,-1,-1
2,7,100.27,114.54,115.27,70.72,1,-1,-1,-1
2,8,357.05,110.35,100.31,78.64,1,-1,-1,-1
2,9,236.50,110.23,100.89,69.42,1,-1,-1,-1
3,5,1697.89,114.95,112.23,84.60,1,-1,-1,-1
3,6,1573.04,108.70,109.00,88.46,1,-1,-1,-1
3,8,357.11,110.19,99.81,77.77,1,-1,-1,-1
3,9,236.51,102.22,100.91,77.69,1,-1,-1,-1
4,2,1100.45,539.19,168.69,154.24,1,-1,-1,-1
4,4,1271.01,428.97,186.25,142.88,1,-1,-1,-1
4,5,1698.06,114.82,111.96,83.38,1,-1,-1,-1
4,6,1572.32,108.18,110.92,84.35,1,-1,-1,-1
4,8,356.23,110.02,100.85,83.21,1,-1,-1,-1
4,9,234.29,111.67,102.55,73.91,1,-1,-1,-1
4,10,1779.06,913.97,140.19,166.03,1,-1,-1,-1
4,11,27.61,849.40,139.54,132.13,1,-1,-1,-1
5,5,1698.43,115.03,111.24,83.40,1,-1,-1,-1
5,6,1572.16,108.74,111.10,86.90,1,-1,-1,-1
5,7,101.38,116.42,116.37,69.89,1,-1,-1,-1
5,8,355.06,109.86,98.13,72.70,1,-1,-1,-1
5,9,223.55,114.00,113.22,80.70,1,-1,-1,-1
5,11,27.98,849.43,139.48,132.12,1,-1,-1,-1
6,2,945.77,566.33,165.39,122.84,1,-1,-1,-1
6,5,1694.87,115.15,116.29,87.14,1,-1,-1,-1
6,6,1570.15,108.85,113.34,87.58,1,-1,-1,-1
6,7,106.39,117.59,110.16,69.70,1,-1,-1,-1
6,8,355.17,110.36,98.51,69.58,1,-1,-1,-1
6,9,233.93,109.05,103.34,74.68,1,-1,-1,-1
6,11,27.65,849.07,138.01,132.91,1,-1,-1,-1
7,2,869.67,462.97,174.95,232.02,1,-1,-1,-1
7,5,1692.38,114.54,118.62,93.25,1,-1,-1,-1
7,6,1572.41,108.78,110.63,88.53,1,-1,-1,-1
7,7,104.69,117.76,113.81,80.31,1,-1,-1,-1
7,8,354.69,110.36,103.35,80.40,1,-1,-1,-1
7,9,234.52,110.26,102.73,69.31,1,-1,-1,-1
7,11,28.26,849.32,137.19,132.82,1,-1,-1,-1
8,2,862.54,488.06,169.93,219.20,1,-1,-1,-1
8,5,1694.37,115.24,116.68,89.90,1,-1,-1,-1
8,6,1573.44,108.99,108.38,87.68,1,-1,-1,-1
8,8,356.85,110.54,95.56,78.15,1,-1,-1,-1
8,9,233.35,113.72,103.38,68.79,1,-1,-1,-1
8,11,28.26,849.65,137.19,132.50,1,-1,-1,-1
8,12,669.15,462.73,179.58,214.62,1,-1,-1,-1
9,2,872.12,464.81,167.58,238.69,1,-1,-1,-1
9,5,1693.93,114.30,117.10,87.88,1,-1,-1,-1
9,6,1573.64,108.82,108.86,87.69,1,-1,-1,-1
9,8,356.23,110.65,97.35,78.74,1,-1,-1,-1
9,9,231.98,112.14,104.24,71.15,1,-1,-1,-1
9,11,28.80,849.46,137.63,131.92,1,-1,-1,-1
9,12,682.62,468.09,172.44,209.43,1,-1,-1,-1
10,2,892.36,486.48,165.98,218.91,1,-1,-1,-1
10,5,1696.72,111.00,113.13,90.77,1,-1,-1,-1
10,6,1569.10,108.75,113.95,88.50,1,-1,-1,-1
10,7,117.70,115.37,95.93,88.80,1,-1,-1,-1
10,8,354.65,110.65,103.59,79.99,1,-1,-1,-1
10,9,232.62,108.76,104.83,70.83,1,-1,-1,-1
10,11,28.91,849.91,137.38,132.36,1,-1,-1,-1
10,12,709.38,474.10,161.41,201.86,1,-1,-1,-1
11,2,909.90,477.72,161.73,228.46,1,-1,-1,-1
11,5,1696.28,112.12,114.56,90.98,1,-1,-1,-1
11,6,1572.86,108.31,110.35,89.15,1,-1,-1,-1
11,7,117.94,115.10,95.92,87.92,1,-1,-1,-1
11,8,354.40,110.62,102.36,78.91,1,-1,-1,-1
11,9,233.99,105.88,103.19,72.95,1,-1,-1,-1
11,11,29.25,849.43,136.79,132.81,1,-1,-1,-1
11,12,731.22,471.37,153.84,204.35,1,-1,-1,-1
12,2,924.92,480.22,161.35,224.28,1,-1,-1,-1
12,5,1696.67,115.26,114.25,89.47,1,-1,-1,-1
12,6,1573.05,108.06,110.34,90.41,1,-1,-1,-1
12,7,118.63,115.26,95.24,86.05,1,-1,-1,-1
12,8,354.35,110.66,101.60,78.32,1,-1,-1,-1
12,9,234.32,106.46,102.94,72.00,1,-1,-1,-1
12,11,28.98,849.74,137.32,132.64,1,-1,-1,-1
12,12,741.60,544.69,155.21,130.83,1,-1,-1,-1
13,2,952.12,492.73,169.13,203.05,1,-1,-1,-1
13,5,1697.05,113.22,115.54,89.33,1,-1,-1,-1
13,6,1572.28,108.18,110.70,88.18,1,-1,-1,-1
13,7,106.12,116.75,109.25,67.03,1,-1,-1,-1
13,8,355.07,110.62,102.72,80.77,1,-1,-1,-1
13,9,233.66,111.47,104.08,69.97,1,-1,-1,-1
13,11,28.90,849.65,138.73,132.68,1,-1,-1,-1
13,12,770.55,537.64,152.98,128.06,1,-1,-1,-1
14,2,977.03,475.15,163.69,203.82,1,-1,-1,-1
14,5,1696.81,114.57,113.97,84.69,1,-1,-1,-1
14,6,1573.46,108.73,108.70,87.96,1,-1,-1,-1
14,7,117.88,114.78,96.06,77.71,1,-1,-1,-1
14,8,354.95,110.08,98.74,77.82,1,-1,-1,-1
14,9,230.17,113.78,107.93,74.44,1,-1,-1,-1
14,11,29.94,849.55,137.68,132.56,1,-1,-1,-1
14,12,785.00,533.46,149.46,119.36,1,-1,-1,-1
15,2,975.99,454.27,161.49,216.66,1,-1,-1,-1
15,5,1693.76,114.10,117.52,87.83,1,-1,-1,-1
15,6,1572.68,108.99,110.09,87.18,1,-1,-1,-1
15,7,118.46,114.68,96.29,80.56,1,-1,-1,-1
15,8,355.21,111.38,100.63,83.38,1,-1,-1,-1
15,9,224.95,116.33,113.32,75.00,1,-1,-1,-1
15,11,29.76,849.62,137.80,132.47,1,-1,-1,-1
15,12,782.68,491.41,147.06,152.46,1,-1,-1,-1
16,2,975.08,458.05,159.63,208.05,1,-1,-1,-1
16,5,1695.21,114.58,117.18,86.75,1,-1,-1,-1
16,6,1573.61,108.96,108.57,87.60,1,-1,-1,-1
16,7,119.60,114.92,94.87,80.53,1,-1,-1,-1
16,8,354.85,110.24,100.34,84.21,1,-1,-1,-1
16,9,226.19,116.52,113.31,73.99,1,-1,-1,-1
16,11,30.27,849.24,137.18,132.80,1,-1,-1,-1
16,12,778.87,516.06,148.88,121.75,1,-1,-1,-1
17,2,916.00,450.83,163.05,212.99,1,-1,-1,-1
17,5,1693.69,110.64,117.38,99.06,1,-1,-1,-1
17,6,1575.19,108.88,107.55,87.99,1,-1,-1,-1
17,7,120.65,114.80,95.04,82.88,1,-1,-1,-1
17,8,353.90,110.44,105.77,74.37,1,-1,-1,-1
17,9,236.30,111.92,102.07,70.86,1,-1,-1,-1
17,11,29.75,849.60,137.39,132.71,1,-1,-1,-1
17,12,709.33,456.50,163.36,179.70,1,-1,-1,-1
18,2,896.23,451.42,162.87,216.73,1,-1,-1,-1
18,5,1697.82,110.36,112.89,92.41,1,-1,-1,-1
18,6,1573.31,108.92,110.01,88.27,1,-1,-1,-1
18,7,120.01,114.67,95.86,83.66,1,-1,-1,-1
18,8,353.06,109.92,105.92,74.10,1,-1,-1,-1
18,9,233.96,113.49,103.08,70.32,1,-1,-1,-1
18,11,29.94,849.33,137.02,132.90,1,-1,-1,-1
18,12,687.64,506.13,169.30,135.60,1,-1,-1,-1
19,2,850.99,455.76,169.01,228.28,1,-1,-1,-1
19,5,1691.46,113.61,120.09,90.98,1,-1,-1,-1
19,6,1573.91,108.73,110.01,89.87,1,-1,-1,-1
19,7,107.75,117.39,109.85,75.24,1,-1,-1,-1
19,8,355.21,110.30,98.88,73.62,1,-1,-1,-1
19,9,232.48,106.03,105.55,78.89,1,-1,-1,-1
19,11,29.20,849.34,138.28,132.69,1,-1,-1,-1
19,12,648.56,442.47,175.06,209.47,1,-1,-1,-1
20,2,845.44,563.49,160.56,132.93,1,-1,-1,-1
20,5,1694.44,114.02,117.00,85.79,1,-1,-1,-1
20,6,1574.07,108.75,109.87,89.10,1,-1,-1,-1
20,7,121.41,115.09,93.30,81.42,1,-1,-1,-1
20,8,355.94,109.35,103.63,81.71,1,-1,-1,-1
20,9,234.06,103.98,103.19,76.01,1,-1,-1,-1
20,11,29.84,849.27,137.44,132.77,1,-1,-1,-1
20,12,639.18,457.02,182.24,208.95,1,-1,-1,-1
21,2,866.81,470.90,166.88,228.78,1,-1,-1,-1
21,5,1698.48,113.28,112.42,88.48,1,-1,-1,-1
21,6,1578.41,109.31,103.74,86.56,1,-1,-1,-1
21,7,110.09,117.11,105.06,67.61,1,-1,-1,-1
21,8,355.63,110.33,101.56,81.56,1,-1,-1,-1
21,9,230.24,108.46,106.51,74.96,1,-1,-1,-1
21,11,29.60,849.15,137.15,133.69,1,-1,-1,-1
21,12,654.02,454.84,202.25,212.70,1,-1,-1,-1
22,2,901.83,472.68,164.61,226.71,1,-1,-1,-1
22,5,1700.14,114.01,111.39,89.18,1,-1,-1,-1
22,6,1577.37,108.99,105.56,89.84,1,-1,-1,-1
22,7,119.84,115.40,94.48,84.00,1,-1,-1,-1
22,8,354.74,109.80,99.64,75.89,1,-1,-1,-1
22,9,228.85,112.26,108.14,77.42,1,-1,-1,-1
22,11,29.31,849.89,138.28,133.01,1,-1,-1,-1
22,12,687.77,448.36,208.49,217.30,1,-1,-1,-1
23,2,910.38,501.61,157.58,199.33,1,-1,-1,-1
23,5,1706.79,113.97,104.36,87.71,1,-1,-1,-1
23,6,1572.89,108.05,109.70,91.05,1,-1,-1,-1
23,7,120.59,115.77,93.12,78.46,1,-1,-1,-1
23,8,355.16,109.75,99.04,72.36,1,-1,-1,-1
23,9,225.60,113.19,111.50,77.09,1,-1,-1,-1
23,11,29.17,850.03,138.20,132.79,1,-1,-1,-1
23,12,703.44,446.04,200.39,223.02,1,-1,-1,-1
24,2,894.82,466.30,158.77,235.88,1,-1,-1,-1
24,5,1703.89,113.80,106.98,88.48,1,-1,-1,-1
24,6,1570.43,108.85,112.76,90.71,1,-1,-1,-1
24,7,108.87,117.42,107.36,68.41,1,-1,-1,-1
24,8,354.66,110.54,102.10,82.38,1,-1,-1,-1
24,9,229.74,110.13,107.75,76.68,1,-1,-1,-1
24,11,28.76,849.64,139.12,133.35,1,-1,-1,-1
24,12,687.14,454.21,194.25,218.93,1,-1,-1,-1
25,2,892.16,475.21,153.54,228.00,1,-1,-1,-1
25,5,1697.43,113.88,112.60,85.21,1,-1,-1,-1
25,6,1573.74,108.72,108.81,89.21,1,-1,-1,-1
25,7,107.81,117.76,115.03,96.66,1,-1,-1,-1
25,8,355.01,110.70,101.85,81.11,1,-1,-1,-1
25,9,211.62,114.03,126.29,88.10,1,-1,-1,-1
25,11,29.64,850.04,137.87,132.79,1,-1,-1,-1
25,12,683.59,468.90,148.16,206.65,1,-1,-1,-1
26,2,890.96,503.51,154.64,199.99,1,-1,-1,-1
26,5,1696.67,113.91,113.47,85.39,1,-1,-1,-1
26,6,1573.68,108.73,108.92,88.98,1,-1,-1,-1
26,7,107.59,117.80,115.54,96.84,1,-1,-1,-1
26,8,355.07,110.37,101.09,81.15,1,-1,-1,-1
26,9,222.68,111.68,114.69,71.63,1,-1,-1,-1
26,11,29.62,849.86,137.96,133.08,1,-1,-1,-1
26,12,683.17,464.16,148.54,211.67,1,-1,-1,-1
27,2,876.93,560.23,153.11,137.84,1,-1,-1,-1
27,5,1700.03,114.63,110.85,86.15,1,-1,-1,-1
27,6,1578.37,109.18,103.81,85.87,1,-1,-1,-1
27,7,108.53,118.18,110.67,95.54,1,-1,-1,-1
27,8,355.34,110.13,97.96,81.23,1,-1,-1,-1
27,9,230.35,112.60,107.36,69.64,1,-1,-1,-1
27,11,29.87,849.98,138.18,132.96,1,-1,-1,-1
27,12,673.01,449.81,152.09,223.09,1,-1,-1,-1
28,2,878.50,471.69,156.88,224.21,1,-1,-1,-1
28,5,1701.47,114.57,109.81,87.36,1,-1,-1,-1
28,6,1577.28,109.15,104.57,86.03,1,-1,-1,-1
28,7,110.08,118.29,110.73,95.41,1,-1,-1,-1
28,8,355.00,110.19,99.76,81.48,1,-1,-1,-1
28,9,213.96,114.48,123.98,86.42,1,-1,-1,-1
28,11,29.98,849.90,138.01,132.93,1,-1,-1,-1
28,12,681.03,501.29,148.98,170.83,1,-1,-1,-1
29,2,897.49,477.16,155.38,219.46,1,-1,-1,-1
29,5,1699.87,114.25,111.24,88.01,1,-1,-1,-1
29,6,1573.41,108.68,111.84,88.83,1,-1,-1,-1
29,8,355.83,110.25,99.52,82.05,1,-1,-1,-1
29,9,230.83,111.97,107.40,69.28,1,-1,-1,-1
29,12,698.61,505.24,147.08,168.96,1,-1,-1,-1
30,2,902.46,477.28,154.76,224.23,1,-1,-1,-1
30,5,1697.00,114.75,113.97,86.96,1,-1,-1,-1
30,6,1573.46,108.83,110.80,88.04,1,-1,-1,-1
30,8,357.33,110.35,97.31,82.58,1,-1,-1,-1
30,9,232.56,114.59,103.21,67.91,1,-1,-1,-1
30,11,30.96,849.72,136.61,132.52,1,-1,-1,-1
30,12,705.56,523.24,149.49,156.31,1,-1,-1,-1
31,2,895.28,483.87,154.51,217.38,1,-1,-1,-1
31,5,1700.99,115.35,110.57,85.78,1,-1,-1,-1
31,6,1575.30,109.56,106.83,85.30,1,-1,-1,-1
31,8,355.58,110.47,99.20,87.02,1,-1,-1,-1
31,9,233.04,115.03,103.15,66.36,1,-1,-1,-1
31,11,30.83,849.80,136.94,132.62,1,-1,-1,-1
31,12,699.62,523.73,146.28,157.17,1,-1,-1,-1
32,2,892.46,477.16,151.42,219.50,1,-1,-1,-1
32,5,1698.84,115.16,112.86,86.24,1,-1,-1,-1
32,6,1573.00,108.76,109.59,87.20,1,-1,-1,-1
32,8,355.40,110.48,99.43,86.61,1,-1,-1,-1
32,9,233.87,114.82,102.02,66.43,1,-1,-1,-1
32,11,30.72,849.58,137.11,132.83,1,-1,-1,-1
32,12,700.47,533.87,142.87,143.88,1,-1,-1,-1
33,2,879.38,551.40,151.70,142.17,1,-1,-1,-1
33,5,1696.76,115.04,115.51,89.07,1,-1,-1,-1
33,6,1573.98,108.61,108.43,88.89,1,-1,-1,-1
33,8,354.26,110.27,100.08,86.21,1,-1,-1,-1
33,9,228.39,115.17,108.06,66.96,1,-1,-1,-1
33,11,30.40,849.47,137.68,133.04,1,-1,-1,-1
33,12,684.10,496.15,147.77,180.07,1,-1,-1,-1
34,2,864.77,556.85,151.16,135.07,1,-1,-1,-1
34,5,1696.42,115.10,115.75,88.86,1,-1,-1,-1
34,6,1573.84,108.54,109.16,93.10,1,-1,-1,-1
34,7,232.49,114.52,105.92,66.58,1,-1,-1,-1
34,8,354.31,110.59,102.26,86.63,1,-1,-1,-1
34,11,30.54,849.38,137.42,132.87,1,-1,-1,-1
34,12,675.27,501.06,146.92,174.54,1,-1,-1,-1
35,2,858.03,482.18,160.79,205.90,1,-1,-1,-1
35,5,1694.98,115.20,116.03,87.74,1,-1,-1,-1
35,6,1573.06,108.52,109.84,90.90,1,-1,-1,-1
35,7,231.22,114.55,105.81,67.20,1,-1,-1,-1
35,8,354.52,110.31,101.27,85.43,1,-1,-1,-1
35,11,30.57,849.50,137.71,132.79,1,-1,-1,-1
35,12,681.77,477.08,145.49,195.89,1,-1,-1,-1
36,2,872.99,500.38,155.87,188.37,1,-1,-1,-1
36,5,1693.69,115.45,117.12,88.73,1,-1,-1,-1
36,6,1573.82,108.67,108.33,88.66,1,-1,-1,-1
36,7,234.34,114.29,101.71,68.15,1,-1,-1,-1
36,8,353.92,109.51,107.21,79.29,1,-1,-1,-1
36,11,29.53,848.49,139.87,136.47,1,-1,-1,-1
36,12,688.93,495.81,149.79,175.29,1,-1,-1,-1
37,2,915.87,456.85,172.43,233.78,1,-1,-1,-1
37,5,1693.29,108.04,115.60,92.28,1,-1,-1,-1
37,6,1571.81,108.85,110.67,88.37,1,-1,-1,-1
37,7,232.05,110.20,105.50,73.08,1,-1,-1,-1
37,8,354.94,110.49,99.67,82.09,1,-1,-1,-1
37,11,30.49,849.54,138.94,133.50,1,-1,-1,-1
37,12,750.44,486.47,148.70,179.41,1,-1,-1,-1
38,2,940.14,470.71,158.35,224.67,1,-1,-1,-1
38,5,1704.56,111.37,106.01,87.71,1,-1,-1,-1
38,6,1572.85,108.47,110.08,88.28,1,-1,-1,-1
38,7,234.39,109.37,102.71,72.41,1,-1,-1,-1
38,8,355.64,110.71,99.94,77.93,1,-1,-1,-1
38,11,30.99,849.55,137.74,133.54,1,-1,-1,-1
38,12,772.20,540.90,145.75,126.92,1,-1,-1,-1
39,2,933.01,490.52,149.28,202.51,1,-1,-1,-1
39,5,1699.68,110.19,110.05,91.34,1,-1,-1,-1
39,6,1572.56,108.72,110.17,90.60,1,-1,-1,-1
39,7,233.41,110.44,104.00,72.24,1,-1,-1,-1
39,8,355.17,110.54,99.73,80.65,1,-1,-1,-1
39,11,31.00,849.51,137.53,133.36,1,-1,-1,-1
39,12,763.71,532.60,143.66,134.24,1,-1,-1,-1
40,2,904.95,459.23,159.20,230.63,1,-1,-1,-1
40,5,1695.90,114.17,115.36,88.42,1,-1,-1,-1
40,6,1577.08,109.41,105.08,86.47,1,-1,-1,-1
40,7,234.85,113.24,103.28,68.10,1,-1,-1,-1
40,8,356.50,110.47,99.79,84.83,1,-1,-1,-1
40,11,30.99,849.58,137.12,133.24,1,-1,-1,-1
40,12,749.35,501.21,145.05,163.87,1,-1,-1,-1
41,2,905.04,486.41,149.36,208.33,1,-1,-1,-1
41,5,1700.11,114.93,111.35,86.89,1,-1,-1,-1
41,6,1577.11,109.36,103.10,85.90,1,-1,-1,-1
41,7,235.16,115.91,102.69,66.02,1,-1,-1,-1
41,8,355.10,110.34,98.70,83.79,1,-1,-1,-1
41,11,30.76,849.36,138.32,133.58,1,-1,-1,-1
41,12,739.03,509.40,142.95,165.96,1,-1,-1,-1
41,14,1783.39,926.82,135.65,153.18,1,-1,-1,-1
42,2,902.00,486.11,148.71,223.09,1,-1,-1,-1
42,5,1695.90,115.56,116.49,87.23,1,-1,-1,-1
42,6,1577.45,109.36,100.53,87.91,1,-1,-1,-1
42,7,235.66,114.69,102.46,66.90,1,-1,-1,-1
42,8,354.13,110.25,101.01,87.24,1,-1,-1,-1
42,11,30.51,849.55,138.43,133.52,1,-1,-1,-1
42,12,738.43,519.74,139.33,171.92,1,-1,-1,-1
42,13,121.81,115.54,94.74,79.92,1,-1,-1,-1
42,14,1783.39,926.81,135.65,153.19,1,-1,-1,-1
43,2,903.07,515.89,148.38,207.43,1,-1,-1,-1
43,5,1700.09,115.87,112.36,86.10,1,-1,-1,-1
43,6,1576.85,109.30,100.54,86.56,1,-1,-1,-1
43,7,235.59,113.90,102.54,67.08,1,-1,-1,-1
43,8,353.95,110.17,102.43,85.79,1,-1,-1,-1
43,11,30.44,849.52,138.62,133.63,1,-1,-1,-1
43,12,741.29,510.43,142.25,187.44,1,-1,-1,-1
43,13,117.43,115.58,98.48,83.64,1,-1,-1,-1
43,14,1782.89,928.62,136.12,151.38,1,-1,-1,-1
44,2,909.17,603.76,149.71,131.85,1,-1,-1,-1
44,5,1701.06,115.45,110.39,87.21,1,-1,-1,-1
44,6,1577.67,109.27,104.83,86.38,1,-1,-1,-1
44,7,221.30,115.23,116.69,70.14,1,-1,-1,-1
44,8,353.98,110.19,101.52,84.74,1,-1,-1,-1
44,11,29.67,848.56,140.03,137.30,1,-1,-1,-1
44,12,755.89,610.23,139.13,98.64,1,-1,-1,-1
44,14,1782.67,928.13,136.33,151.87,1,-1,-1,-1
45,2,936.26,534.52,150.77,193.35,1,-1,-1,-1
45,5,1701.06,113.91,110.10,87.63,1,-1,-1,-1
45,6,1579.89,109.54,101.19,83.99,1,-1,-1,-1
45,7,228.27,112.73,111.80,69.41,1,-1,-1,-1
45,8,354.73,109.92,98.75,82.29,1,-1,-1,-1
45,11,29.68,848.71,141.21,137.07,1,-1,-1,-1
45,12,785.83,562.40,143.75,135.08,1,-1,-1,-1
45,13,106.72,115.54,114.43,72.40,1,-1,-1,-1
46,2,954.37,538.77,142.62,183.40,1,-1,-1,-1
46,5,1698.31,114.28,113.35,85.92,1,-1,-1,-1
46,6,1579.62,109.17,101.52,85.75,1,-1,-1,-1
46,8,356.63,109.66,100.19,86.97,1,-1,-1,-1
46,11,30.77,849.35,139.27,133.67,1,-1,-1,-1
46,12,806.14,538.04,157.26,152.63,1,-1,-1,-1
46,13,117.37,114.87,98.57,91.01,1,-1,-1,-1
47,5,1698.34,115.49,113.59,83.04,1,-1,-1,-1
47,6,1575.24,108.08,107.85,92.45,1,-1,-1,-1
47,7,233.51,47.61,201.77,136.79,1,-1,-1,-1
47,11,29.08,848.53,141.82,137.15,1,-1,-1,-1
47,13,109.15,116.16,113.55,71.75,1,-1,-1,-1
47,14,1778.94,927.78,140.15,152.22,1,-1,-1,-1
48,5,1694.31,115.23,115.04,88.04,1,-1,-1,-1
48,6,1574.23,108.45,105.89,87.97,1,-1,-1,-1
48,7,233.77,46.00,205.54,138.14,1,-1,-1,-1
48,11,29.95,849.49,140.62,133.57,1,-1,-1,-1
48,13,108.09,116.23,112.31,74.68,1,-1,-1,-1
48,14,1780.52,923.72,138.61,156.28,1,-1,-1,-1
49,5,1693.76,115.55,116.20,83.52,1,-1,-1,-1
49,6,1575.19,109.05,106.54,84.66,1,-1,-1,-1
49,7,233.88,49.64,183.36,133.55,1,-1,-1,-1
49,11,28.88,849.23,142.95,136.47,1,-1,-1,-1
49,13,106.68,116.44,112.53,79.08,1,-1,-1,-1
49,14,1780.99,894.71,138.30,185.29,1,-1,-1,-1
50,5,1696.33,114.53,112.62,84.75,1,-1,-1,-1
50,6,1573.41,108.45,108.23,86.99,1,-1,-1,-1
50,7,233.90,47.64,171.30,134.16,1,-1,-1,-1
50,8,353.96,110.07,104.22,75.54,1,-1,-1,-1
50,11,28.88,849.03,142.56,136.54,1,-1,-1,-1
50,13,103.51,115.80,113.83,77.21,1,-1,-1,-1
50,14,1780.24,898.20,139.01,181.80,1,-1,-1,-1
51,5,1694.28,112.72,110.87,85.49,1,-1,-1,-1
51,6,1584.37,109.81,97.09,82.02,1,-1,-1,-1
51,7,231.41,55.44,142.89,130.32,1,-1,-1,-1
51,8,354.60,109.98,103.17,86.14,1,-1,-1,-1
51,11,28.63,849.12,141.97,136.42,1,-1,-1,-1
51,13,108.72,117.18,109.71,71.70,1,-1,-1,-1
52,5,1698.24,114.55,110.71,84.71,1,-1,-1,-1
52,6,1574.16,107.81,108.65,90.11,1,-1,-1,-1
52,7,236.74,57.00,143.64,123.99,1,-1,-1,-1
52,8,355.65,109.92,103.79,72.79,1,-1,-1,-1
52,11,29.36,848.70,140.68,136.72,1,-1,-1,-1
52,13,121.97,113.59,94.07,88.73,1,-1,-1,-1
53,5,1697.47,112.00,111.16,87.42,1,-1,-1,-1
53,6,1576.26,108.71,106.20,86.95,1,-1,-1,-1
53,7,236.06,55.55,136.79,125.25,1,-1,-1,-1
53,8,356.89,110.53,100.20,78.04,1,-1,-1,-1
53,11,30.10,849.28,140.96,136.04,1,-1,-1,-1
53,13,110.90,116.20,109.17,75.10,1,-1,-1,-1
54,5,1695.32,114.42,114.23,84.01,1,-1,-1,-1
54,6,1574.75,108.97,107.95,89.26,1,-1,-1,-1
54,7,236.41,50.52,148.20,131.10,1,-1,-1,-1
54,8,356.52,110.39,99.33,77.35,1,-1,-1,-1
54,11,29.54,850.01,140.93,134.93,1,-1,-1,-1
54,13,101.83,117.41,117.71,75.86,1,-1,-1,-1
55,5,1695.87,115.33,114.07,84.36,1,-1,-1,-1
55,6,1574.49,108.80,108.16,89.49,1,-1,-1,-1
55,7,237.56,50.50,142.82,132.19,1,-1,-1,-1
55,8,356.94,110.38,98.13,75.58,1,-1,-1,-1
55,11,29.62,849.91,140.84,134.87,1,-1,-1,-1
55,13,104.36,117.29,114.52,78.71,1,-1,-1,-1
56,5,1694.35,114.88,115.82,85.05,1,-1,-1,-1
56,6,1573.55,108.77,109.31,89.89,1,-1,-1,-1
56,7,236.83,48.77,146.42,135.06,1,-1,-1,-1
56,8,357.68,109.62,102.00,83.22,1,-1,-1,-1
56,11,29.24,849.70,141.11,135.17,1,-1,-1,-1
56,16,1611.58,436.97,156.34,189.22,1,-1,-1,-1
56,17,1464.06,428.20,175.74,161.46,1,-1,-1,-1
57,5,1697.90,113.75,112.32,85.46,1,-1,-1,-1
57,6,1575.19,108.63,107.71,91.13,1,-1,-1,-1
57,7,236.85,50.55,151.85,129.77,1,-1,-1,-1
57,8,355.93,109.71,98.40,70.92,1,-1,-1,-1
57,11,29.41,850.15,140.79,134.57,1,-1,-1,-1
57,16,1596.34,442.26,158.48,176.79,1,-1,-1,-1
58,5,1701.91,114.85,107.63,83.65,1,-1,-1,-1
58,6,1583.02,109.21,99.63,80.81,1,-1,-1,-1
58,7,233.13,70.12,117.60,110.44,1,-1,-1,-1
58,8,356.23,109.52,98.10,72.01,1,-1,-1,-1
58,11,29.15,849.83,140.44,134.90,1,-1,-1,-1
58,13,108.08,117.24,108.62,78.14,1,-1,-1,-1
58,16,1582.00,440.17,159.23,188.19,1,-1,-1,-1
59,5,1697.75,115.17,111.37,82.85,1,-1,-1,-1
59,6,1574.77,108.52,108.20,86.28,1,-1,-1,-1
59,7,234.73,48.39,146.11,132.42,1,-1,-1,-1
59,8,355.21,109.58,102.71,71.57,1,-1,-1,-1
59,11,29.51,850.22,139.70,134.47,1,-1,-1,-1
59,13,115.01,115.24,99.33,84.86,1,-1,-1,-1
59,16,1575.17,463.21,157.74,182.96,1,-1,-1,-1
60,5,1701.55,115.48,107.70,81.32,1,-1,-1,-1
60,6,1574.12,108.54,108.97,86.98,1,-1,-1,-1
60,7,235.78,47.90,150.13,131.64,1,-1,-1,-1
60,8,355.78,110.32,99.32,73.22,1,-1,-1,-1
60,11,29.33,850.07,139.77,134.77,1,-1,-1,-1
60,13,115.84,115.05,100.21,86.04,1,-1,-1,-1
60,15,156.48,553.46,133.71,85.67,1,-1,-1,-1
60,16,1575.49,471.63,156.08,187.06,1,-1,-1,-1
60,18,1320.45,470.18,133.30,102.70,1,-1,-1,-1
61,5,1700.59,115.82,108.21,80.73,1,-1,-1,-1
61,6,1573.44,108.52,109.51,87.10,1,-1,-1,-1
61,7,234.48,107.48,104.19,72.02,1,-1,-1,-1
61,8,355.89,110.21,98.04,72.63,1,-1,-1,-1
61,11,30.59,850.90,138.17,134.20,1,-1,-1,-1
61,13,118.60,113.63,96.14,89.10,1,-1,-1,-1
61,15,158.88,555.36,129.55,85.09,1,-1,-1,-1
61,16,1579.49,488.58,154.13,171.58,1,-1,-1,-1
61,18,1328.61,470.41,129.99,99.14,1,-1,-1,-1
62,5,1696.61,114.51,112.57,83.30,1,-1,-1,-1
62,6,1579.26,108.49,103.92,81.27,1,-1,-1,-1
62,7,233.90,98.64,108.65,82.24,1,-1,-1,-1
62,8,354.68,110.00,101.71,72.21,1,-1,-1,-1
62,11,29.69,850.44,139.17,134.90,1,-1,-1,-1
63,5,1693.36,113.39,116.66,85.54,1,-1,-1,-1
63,6,1572.79,108.36,110.63,87.41,1,-1,-1,-1
63,7,233.40,101.12,106.31,79.25,1,-1,-1,-1
63,8,356.33,109.57,99.48,72.57,1,-1,-1,-1
63,11,29.43,850.84,139.53,134.48,1,-1,-1,-1
64,5,1694.53,113.50,112.90,85.27,1,-1,-1,-1
64,6,1578.28,109.06,105.20,90.90,1,-1,-1,-1
64,7,230.16,111.00,108.68,69.80,1,-1,-1,-1
64,8,355.64,109.68,100.27,71.60,1,-1,-1,-1
64,11,30.04,851.18,138.60,131.69,1,-1,-1,-1
64,13,104.35,116.23,116.46,68.54,1,-1,-1,-1
65,5,1697.39,115.40,115.54,88.53,1,-1,-1,-1
65,6,1574.68,109.01,109.52,90.89,1,-1,-1,-1
65,7,231.57,111.40,107.83,68.77,1,-1,-1,-1
65,8,358.39,109.75,96.39,80.79,1,-1,-1,-1
65,11,29.82,851.06,139.24,131.67,1,-1,-1,-1
65,13,104.39,115.01,114.13,67.84,1,-1,-1,-1
66,5,1692.69,114.67,120.62,90.66,1,-1,-1,-1
66,6,1574.12,109.05,109.82,91.18,1,-1,-1,-1
66,7,231.21,110.10,108.44,70.16,1,-1,-1,-1
66,8,354.98,109.77,103.86,73.22,1,-1,-1,-1
66,11,29.88,851.05,139.19,131.61,1,-1,-1,-1
66,13,104.87,115.14,113.81,67.67,1,-1,-1,-1
67,5,1693.06,115.61,118.65,87.68,1,-1,-1,-1
67,6,1572.39,108.83,111.64,91.73,1,-1,-1,-1
67,7,231.18,110.95,108.01,69.34,1,-1,-1,-1
67,8,355.88,109.23,101.38,73.15,1,-1,-1,-1
67,11,30.24,850.88,138.88,131.83,1,-1,-1,-1
67,13,105.55,113.95,112.34,69.65,1,-1,-1,-1
68,5,1687.17,113.97,124.98,88.98,1,-1,-1,-1
68,6,1572.26,108.68,111.79,93.38,1,-1,-1,-1
68,7,233.82,42.27,168.28,139.43,1,-1,-1,-1
68,8,354.70,108.96,102.26,74.08,1,-1,-1,-1
68,11,29.52,850.51,140.84,134.57,1,-1,-1,-1
68,13,118.23,113.62,99.08,87.68,1,-1,-1,-1
69,5,1689.04,113.30,127.00,91.51,1,-1,-1,-1
69,6,1571.71,108.87,112.72,93.79,1,-1,-1,-1
69,7,234.46,41.06,181.74,139.52,1,-1,-1,-1
69,11,29.29,850.25,140.70,134.87,1,-1,-1,-1
69,13,121.60,113.41,95.58,87.29,1,-1,-1,-1
70,5,1688.52,114.18,125.29,87.92,1,-1,-1,-1
70,6,1571.23,109.18,113.49,90.96,1,-1,-1,-1
70,7,234.86,111.05,103.25,69.16,1,-1,-1,-1
70,8,359.18,109.57,93.56,75.55,1,-1,-1,-1
70,11,29.68,850.13,139.93,134.91,1,-1,-1,-1
70,13,102.39,116.44,116.03,72.49,1,-1,-1,-1
71,5,1688.27,113.99,125.56,87.82,1,-1,-1,-1
71,6,1571.14,109.09,113.61,91.09,1,-1,-1,-1
71,7,234.62,111.07,103.55,69.30,1,-1,-1,-1
71,8,358.95,109.56,93.64,75.83,1,-1,-1,-1
71,11,29.89,850.22,139.79,134.86,1,-1,-1,-1
71,13,120.59,113.57,95.29,87.99,1,-1,-1,-1
72,5,1690.33,113.42,123.26,88.67,1,-1,-1,-1
72,6,1572.56,108.50,111.13,90.49,1,-1,-1,-1
72,7,235.24,43.48,157.10,136.69,1,-1,-1,-1
72,8,353.96,105.19,101.33,75.55,1,-1,-1,-1
72,11,30.82,850.69,137.93,132.00,1,-1,-1,-1
72,13,119.89,113.60,95.12,86.69,1,-1,-1,-1
72,19,433.40,475.22,123.91,78.33,1,-1,-1,-1
73,5,1691.52,114.66,121.50,86.25,1,-1,-1,-1
73,6,1577.07,108.44,106.83,90.01,1,-1,-1,-1
73,7,235.39,44.37,161.44,136.54,1,-1,-1,-1
73,8,353.81,102.63,100.54,77.99,1,-1,-1,-1
73,11,30.84,850.60,137.89,132.07,1,-1,-1,-1
73,13,99.53,116.04,119.35,67.91,1,-1,-1,-1
73,19,431.54,477.16,118.59,74.67,1,-1,-1,-1
74,5,1695.17,115.35,119.40,86.94,1,-1,-1,-1
74,6,1574.61,108.33,108.38,93.30,1,-1,-1,-1
74,7,234.11,109.51,105.76,70.38,1,-1,-1,-1
74,8,358.25,109.17,94.41,74.41,1,-1,-1,-1
74,11,31.42,850.66,137.30,132.03,1,-1,-1,-1
74,13,101.12,115.63,117.90,68.53,1,-1,-1,-1
75,5,1700.19,114.68,112.72,85.86,1,-1,-1,-1
75,6,1580.36,108.57,102.02,88.23,1,-1,-1,-1
75,7,234.12,51.36,136.99,128.28,1,-1,-1,-1
75,8,354.91,109.32,102.23,72.32,1,-1,-1,-1
75,11,31.58,850.64,136.98,131.95,1,-1,-1,-1
75,13,104.89,115.33,113.28,69.68,1,-1,-1,-1
76,5,1693.20,114.62,120.01,87.21,1,-1,-1,-1
76,6,1567.84,108.43,117.05,89.41,1,-1,-1,-1
76,7,232.66,112.57,105.83,67.72,1,-1,-1,-1
76,8,355.18,109.48,102.37,72.23,1,-1,-1,-1
76,11,31.24,850.70,137.48,131.91,1,-1,-1,-1
76,13,100.59,115.40,118.54,68.85,1,-1,-1,-1
77,5,1691.51,113.10,122.28,88.82,1,-1,-1,-1
77,6,1576.70,108.42,107.60,87.69,1,-1,-1,-1
77,7,232.40,113.97,105.86,66.59,1,-1,-1,-1
77,8,355.00,109.43,103.42,72.31,1,-1,-1,-1
77,11,31.07,850.76,137.64,131.91,1,-1,-1,-1
77,13,102.35,116.07,116.38,67.15,1,-1,-1,-1
77,19,413.07,433.32,122.01,80.12,1,-1,-1,-1
78,5,1693.42,114.97,119.53,86.48,1,-1,-1,-1
78,6,1574.48,108.58,109.24,88.98,1,-1,-1,-1
78,7,233.97,110.79,104.89,69.08,1,-1,-1,-1
78,8,353.92,109.57,106.91,72.52,1,-1,-1,-1
78,11,30.92,850.76,137.93,131.88,1,-1,-1,-1
78,13,107.00,116.78,111.99,66.42,1,-1,-1,-1
79,5,1692.95,115.56,119.81,87.24,1,-1,-1,-1
79,6,1572.13,108.70,112.06,92.39,1,-1,-1,-1
79,7,234.18,110.96,104.81,68.92,1,-1,-1,-1
79,8,353.66,109.62,105.47,72.45,1,-1,-1,-1
79,11,31.14,850.78,137.54,131.87,1,-1,-1,-1
79,19,421.07,419.16,124.21,88.53,1,-1,-1,-1
80,5,1690.87,114.48,121.62,89.67,1,-1,-1,-1
80,6,1572.56,108.44,111.11,92.14,1,-1,-1,-1
80,7,233.74,112.49,105.02,67.59,1,-1,-1,-1
80,8,356.42,109.37,98.87,83.65,1,-1,-1,-1
80,11,31.22,850.97,137.54,131.64,1,-1,-1,-1
80,13,120.37,113.39,94.87,85.06,1,-1,-1,-1
81,5,1690.96,114.26,122.76,89.29,1,-1,-1,-1
81,6,1576.37,108.71,108.03,89.97,1,-1,-1,-1
81,7,234.65,110.41,104.45,69.59,1,-1,-1,-1
81,8,353.63,109.22,104.72,75.48,1,-1,-1,-1
81,11,30.71,851.03,137.99,131.59,1,-1,-1,-1
81,13,118.61,113.71,95.58,85.18,1,-1,-1,-1
81,19,443.43,441.73,123.69,88.93,1,-1,-1,-1
82,5,1697.29,115.36,113.43,87.23,1,-1,-1,-1
82,6,1565.47,108.85,118.60,101.68,1,-1,-1,-1
82,7,242.30,44.40,174.95,140.70,1,-1,-1,-1
82,11,30.86,851.08,137.79,131.61,1,-1,-1,-1
82,13,104.21,116.14,116.58,67.62,1,-1,-1,-1
83,5,1699.36,115.56,112.13,89.56,1,-1,-1,-1
83,6,1577.17,108.98,106.41,98.11,1,-1,-1,-1
83,7,234.15,111.01,106.74,69.31,1,-1,-1,-1
83,8,356.86,108.91,97.89,81.18,1,-1,-1,-1
83,11,31.41,851.06,137.08,131.63,1,-1,-1,-1
83,13,119.84,114.17,94.24,87.87,1,-1,-1,-1
84,5,1701.17,115.29,113.10,93.71,1,-1,-1,-1
84,6,1577.98,109.28,103.70,83.54,1,-1,-1,-1
84,8,241.57,41.38,198.66,144.23,1,-1,-1,-1
84,11,29.57,851.00,137.05,132.22,1,-1,-1,-1
84,13,111.05,116.68,107.55,71.20,1,-1,-1,-1
84,19,438.32,480.51,131.12,88.21,1,-1,-1,-1
85,5,1702.40,115.15,109.72,88.47,1,-1,-1,-1
85,6,1570.22,109.07,113.21,93.52,1,-1,-1,-1
85,7,232.75,46.68,150.84,134.13,1,-1,-1,-1
85,13,115.82,115.54,98.25,82.49,1,-1,-1,-1
86,5,1688.52,115.36,123.31,85.34,1,-1,-1,-1
86,6,1573.46,109.13,108.93,97.99,1,-1,-1,-1
86,7,233.94,52.70,158.89,128.37,1,-1,-1,-1
86,13,108.32,116.45,110.81,72.16,1,-1,-1,-1
86,21,353.76,109.35,103.84,73.13,1,-1,-1,-1
87,5,1697.47,114.96,113.48,84.93,1,-1,-1,-1
87,6,1576.09,108.97,106.50,90.66,1,-1,-1,-1
87,7,233.85,110.59,105.28,69.17,1,-1,-1,-1
87,13,108.36,116.43,111.86,72.57,1,-1,-1,-1
87,21,353.59,109.50,103.91,72.47,1,-1,-1,-1
88,5,1703.62,115.28,107.75,82.22,1,-1,-1,-1
88,6,1579.01,109.74,103.38,88.14,1,-1,-1,-1
88,7,234.28,108.75,104.81,70.44,1,-1,-1,-1
88,21,353.86,109.55,103.93,72.30,1,-1,-1,-1
89,5,1706.09,115.76,105.18,80.87,1,-1,-1,-1
89,6,1579.16,109.94,103.57,86.86,1,-1,-1,-1
89,7,227.42,115.35,111.30,65.20,1,-1,-1,-1
89,8,352.83,109.78,103.40,72.04,1,-1,-1,-1
89,11,35.05,851.96,129.41,129.20,1,-1,-1,-1
90,5,1705.88,116.11,105.85,76.09,1,-1,-1,-1
90,6,1579.01,110.29,103.77,86.94,1,-1,-1,-1
90,7,226.51,115.67,112.02,65.92,1,-1,-1,-1
90,8,355.62,110.18,97.19,80.22,1,-1,-1,-1
90,11,36.96,851.78,126.55,130.97,1,-1,-1,-1
91,5,1704.11,115.87,108.53,78.39,1,-1,-1,-1
91,6,1572.74,108.96,111.45,121.87,1,-1,-1,-1
91,7,224.18,116.01,114.73,66.26,1,-1,-1,-1
91,8,351.41,106.72,148.51,81.61,1,-1,-1,-1
91,13,115.96,115.43,101.02,87.94,1,-1,-1,-1
92,5,1699.74,115.56,113.95,124.07,1,-1,-1,-1
92,6,1570.47,109.45,113.97,130.89,1,-1,-1,-1
92,7,224.72,115.65,114.09,67.33,1,-1,-1,-1
92,8,351.37,108.46,130.83,79.40,1,-1,-1,-1
92,13,116.09,115.22,101.45,88.09,1,-1,-1,-1
93,5,1706.08,115.19,104.13,78.50,1,-1,-1,-1
93,6,1574.07,109.35,110.23,139.57,1,-1,-1,-1
93,8,353.98,109.52,101.37,90.93,1,-1,-1,-1
94,5,1709.20,115.01,99.01,79.12,1,-1,-1,-1
94,6,1577.06,109.57,107.92,125.42,1,-1,-1,-1
94,8,351.28,109.80,102.11,88.74,1,-1,-1,-1
95,5,1709.97,114.99,97.74,77.72,1,-1,-1,-1
95,6,1577.57,110.64,106.43,135.50,1,-1,-1,-1
95,11,40.34,851.86,118.62,128.60,1,-1,-1,-1
96,5,1718.68,113.58,87.37,68.44,1,-1,-1,-1
96,6,1588.69,110.25,96.26,71.52,1,-1,-1,-1
96,11,38.95,854.17,120.87,125.29,1,-1,-1,-1
96,24,1494.57,121.70,104.59,74.14,1,-1,-1,-1
97,5,1720.58,114.40,79.78,61.99,1,-1,-1,-1
97,23,1354.78,348.70,210.57,206.60,1,-1,-1,-1
97,24,1504.33,121.85,93.69,72.91,1,-1,-1,-1
97,25,1379.89,118.50,94.55,75.88,1,-1,-1,-1
98,23,1411.90,456.76,234.01,172.70,1,-1,-1,-1
98,24,1505.99,122.13,93.19,74.22,1,-1,-1,-1
98,25,1382.19,119.29,94.46,76.38,1,-1,-1,-1
99,24,1509.43,122.56,90.63,76.39,1,-1,-1,-1
99,25,1383.08,120.05,131.49,74.85,1,-1,-1,-1
100,6,1511.18,122.46,91.17,76.87,1,-1,-1,-1
100,25,1385.26,118.22,89.80,73.41,1,-1,-1,-1
101,6,1508.92,122.01,95.71,74.88,1,-1,-1,-1
101,23,1370.60,334.05,255.52,268.56,1,-1,-1,-1
101,25,1384.07,118.28,91.09,72.98,1,-1,-1,-1
102,6,1502.86,121.82,93.24,77.11,1,-1,-1,-1
102,23,1359.94,373.97,268.81,219.27,1,-1,-1,-1
102,25,1382.58,117.92,93.05,76.95,1,-1,-1,-1
103,6,1511.01,122.18,83.80,84.20,1,-1,-1,-1
103,25,1379.53,120.56,137.83,74.97,1,-1,-1,-1
103,26,561.09,117.25,98.50,79.80,1,-1,-1,-1
104,6,1512.53,122.16,82.24,85.89,1,-1,-1,-1
104,25,1378.85,120.00,148.15,76.40,1,-1,-1,-1
104,26,561.47,117.33,98.33,79.82,1,-1,-1,-1
105,6,1513.63,122.26,80.91,85.02,1,-1,-1,-1
105,23,1352.71,307.36,169.27,160.28,1,-1,-1,-1
105,25,1380.41,120.35,138.42,74.95,1,-1,-1,-1
105,26,560.01,117.00,96.93,77.07,1,-1,-1,-1
106,6,1513.14,122.17,81.45,82.93,1,-1,-1,-1
106,23,1336.29,302.48,180.74,162.94,1,-1,-1,-1
106,25,1379.62,119.39,153.42,77.87,1,-1,-1,-1
106,26,561.57,117.32,96.85,76.54,1,-1,-1,-1
107,6,1508.52,122.16,86.28,83.58,1,-1,-1,-1
107,25,1382.73,117.99,87.71,75.08,1,-1,-1,-1
107,26,561.80,117.19,96.36,76.47,1,-1,-1,-1
107,27,429.65,119.24,101.64,76.92,1,-1,-1,-1
108,6,1506.41,121.99,88.48,83.69,1,-1,-1,-1
108,25,1383.79,118.47,87.65,74.34,1,-1,-1,-1
108,26,565.00,117.13,91.97,75.03,1,-1,-1,-1
109,6,1507.39,122.12,87.34,84.06,1,-1,-1,-1
109,25,1384.45,118.63,85.94,73.70,1,-1,-1,-1
109,26,565.60,117.59,91.31,74.01,1,-1,-1,-1
110,6,1509.30,122.28,85.08,84.28,1,-1,-1,-1
110,23,1300.49,288.90,171.11,207.76,1,-1,-1,-1
110,25,1384.66,118.84,83.85,73.50,1,-1,-1,-1
110,26,564.26,117.65,92.76,74.40,1,-1,-1,-1
111,6,1507.96,122.20,86.56,84.05,1,-1,-1,-1
111,23,1307.62,286.73,179.75,150.91,1,-1,-1,-1
111,25,1383.44,120.33,122.81,75.73,1,-1,-1,-1
111,26,563.34,117.41,93.53,74.81,1,-1,-1,-1
112,6,1503.74,122.17,90.72,85.66,1,-1,-1,-1
112,23,1290.12,279.00,197.13,166.59,1,-1,-1,-1
112,25,1383.92,120.35,129.76,75.78,1,-1,-1,-1
112,26,562.63,117.13,94.13,75.02,1,-1,-1,-1
113,6,1507.92,122.21,86.29,86.13,1,-1,-1,-1
113,23,1284.70,270.53,276.84,249.32,1,-1,-1,-1
113,25,1383.36,118.41,143.25,81.77,1,-1,-1,-1
113,26,562.81,117.48,94.48,74.55,1,-1,-1,-1
114,6,1508.65,122.25,85.53,88.69,1,-1,-1,-1
114,23,1274.38,267.14,204.89,180.36,1,-1,-1,-1
114,25,1381.80,107.18,141.49,93.44,1,-1,-1,-1
114,26,563.25,117.42,93.43,74.41,1,-1,-1,-1
115,6,1510.58,122.23,83.64,87.85,1,-1,-1,-1
115,23,1268.48,266.18,206.92,189.44,1,-1,-1,-1
115,25,1383.54,94.20,145.04,108.74,1,-1,-1,-1
115,26,563.46,117.38,93.18,74.43,1,-1,-1,-1
116,6,1509.28,122.25,84.96,88.89,1,-1,-1,-1
116,23,1264.79,261.95,222.10,233.23,1,-1,-1,-1
116,25,1384.86,95.62,143.29,108.73,1,-1,-1,-1
116,26,563.92,117.33,92.84,74.44,1,-1,-1,-1
117,6,1509.24,122.16,85.08,86.82,1,-1,-1,-1
117,23,1264.97,257.67,210.31,238.80,1,-1,-1,-1
117,25,1385.64,99.46,146.60,108.35,1,-1,-1,-1
117,26,564.02,117.67,92.33,73.74,1,-1,-1,-1
118,6,1506.15,122.18,88.00,85.34,1,-1,-1,-1
118,23,1263.09,254.62,219.19,226.65,1,-1,-1,-1
118,25,1386.78,93.52,142.61,116.58,1,-1,-1,-1
118,26,563.60,117.71,93.43,73.90,1,-1,-1,-1
119,6,1509.56,121.86,84.24,84.07,1,-1,-1,-1
119,23,1262.49,253.77,207.52,223.36,1,-1,-1,-1
119,25,1383.96,113.32,129.80,94.50,1,-1,-1,-1
119,26,562.98,117.75,93.39,74.29,1,-1,-1,-1
120,6,1516.49,121.92,77.37,83.29,1,-1,-1,-1
120,23,1274.71,252.45,186.45,220.50,1,-1,-1,-1
120,25,1385.40,99.20,147.25,114.25,1,-1,-1,-1
120,26,562.98,117.85,93.12,73.76,1,-1,-1,-1
121,6,1515.92,121.87,77.89,80.92,1,-1,-1,-1
121,23,1258.93,245.33,265.42,226.73,1,-1,-1,-1
121,25,1388.03,113.51,146.89,100.87,1,-1,-1,-1
121,26,563.18,117.99,92.80,73.46,1,-1,-1,-1
122,6,1516.67,121.90,76.98,79.84,1,-1,-1,-1
122,23,1259.40,240.81,257.43,228.46,1,-1,-1,-1
122,25,1383.08,117.40,142.84,90.04,1,-1,-1,-1
122,26,562.89,118.00,93.09,73.39,1,-1,-1,-1
123,6,1514.61,121.89,79.14,77.59,1,-1,-1,-1
123,25,1427.07,115.26,107.68,102.21,1,-1,-1,-1
123,26,563.37,117.98,92.46,73.31,1,-1,-1,-1
124,6,1509.86,121.83,83.73,80.12,1,-1,-1,-1
124,23,1273.59,262.11,243.94,187.96,1,-1,-1,-1
124,25,1420.70,121.51,113.27,97.85,1,-1,-1,-1
124,26,563.69,117.94,92.07,73.26,1,-1,-1,-1
125,6,1509.02,121.84,84.72,80.66,1,-1,-1,-1
125,25,1381.39,118.36,152.64,102.26,1,-1,-1,-1
125,26,563.87,117.97,91.80,73.40,1,-1,-1,-1
126,6,1511.17,121.85,82.80,80.91,1,-1,-1,-1
126,23,1259.43,222.69,175.75,144.85,1,-1,-1,-1
126,25,1419.47,123.41,115.60,99.20,1,-1,-1,-1
126,26,563.42,117.84,92.50,73.74,1,-1,-1,-1
127,6,1510.39,121.85,83.54,82.24,1,-1,-1,-1
127,23,1262.50,286.62,244.96,144.91,1,-1,-1,-1
127,25,1418.06,122.62,117.41,101.89,1,-1,-1,-1
127,26,563.45,117.81,92.46,73.55,1,-1,-1,-1
128,6,1507.72,121.87,86.47,84.49,1,-1,-1,-1
128,23,1283.62,276.64,222.42,151.05,1,-1,-1,-1
128,25,1389.77,126.67,147.72,100.34,1,-1,-1,-1
128,26,563.58,117.84,92.52,73.46,1,-1,-1,-1
129,6,1508.61,121.86,85.45,84.17,1,-1,-1,-1
129,23,1250.68,213.96,190.56,203.11,1,-1,-1,-1
129,25,1385.66,117.96,85.03,74.28,1,-1,-1,-1
129,26,563.39,117.81,92.91,73.46,1,-1,-1,-1
130,6,1507.73,121.80,86.51,83.26,1,-1,-1,-1
130,23,1251.85,211.99,202.17,202.32,1,-1,-1,-1
130,25,1385.96,118.15,85.68,73.65,1,-1,-1,-1
130,26,563.18,117.85,93.21,73.43,1,-1,-1,-1
131,6,1439.20,123.34,154.98,106.50,1,-1,-1,-1
131,23,1256.64,207.43,199.53,206.47,1,-1,-1,-1
131,25,1386.06,118.19,83.36,74.12,1,-1,-1,-1
131,26,562.18,117.80,94.20,73.70,1,-1,-1,-1
132,6,1513.23,121.85,80.69,77.21,1,-1,-1,-1
132,23,1253.46,204.74,189.11,202.56,1,-1,-1,-1
132,25,1385.92,118.23,84.70,74.70,1,-1,-1,-1
132,26,561.88,117.81,94.52,73.85,1,-1,-1,-1
133,6,1515.18,121.95,78.83,80.83,1,-1,-1,-1
133,23,1257.62,208.89,173.21,194.21,1,-1,-1,-1
133,25,1383.73,119.64,165.19,114.49,1,-1,-1,-1
133,26,561.51,117.83,94.91,74.04,1,-1,-1,-1
134,6,1441.78,122.00,152.34,113.62,1,-1,-1,-1
134,23,1260.30,202.50,169.26,196.86,1,-1,-1,-1
134,25,1380.55,118.49,91.07,79.71,1,-1,-1,-1
134,26,562.40,117.92,94.05,73.76,1,-1,-1,-1
135,6,1443.14,122.65,114.85,113.83,1,-1,-1,-1
135,23,1259.89,220.53,234.99,177.16,1,-1,-1,-1
135,25,1380.67,118.63,90.19,80.73,1,-1,-1,-1
135,26,562.85,118.07,93.43,73.63,1,-1,-1,-1
136,6,1445.04,122.51,114.72,116.15,1,-1,-1,-1
136,23,1260.77,206.17,229.39,184.65,1,-1,-1,-1
136,25,1385.17,118.23,85.70,74.04,1,-1,-1,-1
136,26,564.77,117.94,91.64,73.96,1,-1,-1,-1
137,6,1450.43,123.25,136.14,116.39,1,-1,-1,-1
137,25,1384.47,118.29,86.23,75.15,1,-1,-1,-1
137,26,564.74,118.01,91.67,73.96,1,-1,-1,-1
138,6,1453.05,122.66,142.23,119.96,1,-1,-1,-1
138,23,1272.15,204.09,231.27,180.30,1,-1,-1,-1
138,25,1384.46,118.32,85.23,74.52,1,-1,-1,-1
138,26,565.05,117.96,91.31,74.11,1,-1,-1,-1
139,6,1454.17,123.46,135.81,119.51,1,-1,-1,-1
139,23,1274.23,218.55,230.51,160.61,1,-1,-1,-1
139,25,1384.32,118.38,85.72,74.52,1,-1,-1,-1
139,26,564.54,117.79,90.13,73.64,1,-1,-1,-1
140,6,1458.15,122.74,133.27,120.55,1,-1,-1,-1
140,23,1278.45,193.87,232.20,182.25,1,-1,-1,-1
140,25,1385.26,118.42,84.47,75.11,1,-1,-1,-1
140,26,564.65,117.55,90.03,73.77,1,-1,-1,-1
141,6,1463.21,123.22,126.85,120.97,1,-1,-1,-1
141,23,1280.13,186.42,163.64,168.48,1,-1,-1,-1
141,25,1386.61,118.38,83.18,73.07,1,-1,-1,-1
141,26,563.41,117.57,91.04,73.76,1,-1,-1,-1
142,6,1467.32,123.27,126.06,120.03,1,-1,-1,-1
142,23,1282.55,180.84,165.55,186.35,1,-1,-1,-1
142,25,1386.78,118.47,82.66,71.49,1,-1,-1,-1
142,26,563.47,117.61,91.06,73.49,1,-1,-1,-1
143,6,1471.21,123.31,121.99,120.94,1,-1,-1,-1
143,23,1286.32,177.90,181.84,187.34,1,-1,-1,-1
143,25,1381.43,118.81,89.10,73.64,1,-1,-1,-1
143,26,563.12,117.88,91.94,73.40,1,-1,-1,-1
144,6,1473.94,123.93,118.13,120.35,1,-1,-1,-1
144,23,1290.55,180.15,220.07,182.80,1,-1,-1,-1
144,25,1380.61,118.79,90.79,73.47,1,-1,-1,-1
144,26,563.45,118.04,91.52,73.36,1,-1,-1,-1
145,6,1476.10,123.60,116.20,119.42,1,-1,-1,-1
145,23,1293.22,180.62,206.05,178.64,1,-1,-1,-1
145,25,1383.53,118.68,87.59,71.27,1,-1,-1,-1
145,26,563.85,118.12,91.23,73.15,1,-1,-1,-1
146,6,1481.17,123.19,113.15,119.63,1,-1,-1,-1
146,23,1295.86,169.30,210.75,185.15,1,-1,-1,-1
146,25,1385.08,118.85,86.87,70.98,1,-1,-1,-1
146,26,563.79,117.86,91.29,73.39,1,-1,-1,-1
147,6,1484.50,123.31,111.45,118.53,1,-1,-1,-1
147,23,1299.88,165.25,213.63,187.56,1,-1,-1,-1
147,25,1386.04,118.95,86.40,71.30,1,-1,-1,-1
147,26,563.31,117.74,92.03,73.63,1,-1,-1,-1
148,6,1487.19,123.43,109.59,118.65,1,-1,-1,-1
148,23,1301.08,174.10,211.55,177.19,1,-1,-1,-1
148,25,1387.99,118.66,83.86,73.51,1,-1,-1,-1
148,26,563.14,117.86,92.14,73.47,1,-1,-1,-1
149,6,1490.48,123.26,108.35,119.50,1,-1,-1,-1
149,23,1302.47,176.88,215.47,171.23,1,-1,-1,-1
149,25,1386.64,119.15,86.27,72.04,1,-1,-1,-1
149,26,562.81,117.84,92.59,73.71,1,-1,-1,-1
150,6,1493.17,122.93,106.94,121.08,1,-1,-1,-1
150,23,1304.14,163.78,213.29,177.32,1,-1,-1,-1
150,25,1386.05,119.12,86.59,74.72,1,-1,-1,-1
150,26,562.71,117.82,92.63,73.71,1,-1,-1,-1
